00001
00002
00003
00004
00007
00010
00012
00013
00015
00017
00018
00019
00023
00024
00026
00027
00032
00035
00036
00038
00040
00048
00049
00050
00051
00052
00053
00055
00057
00058
00060
00061
00062
00063
00065
00066
00067
00068
00069
00070
00071
00072
00073
00074
00075
00076
00078
00082
00086
00088
00090
00091
00092
00093
00094
00096
00098
00099
00101
00103
00104
00107
00108
00111
00112
00113
00114
00116
00118
00119
00120
00123
00125
00126
00128
00129
00130
00131
00132
00135
00137
00138
00140
00144
00145
00146
00151
00152
00153
00156
00157
00158
00159
00165
00166
00168
00170
00171
00174
00175
00176
00178
00180
00181
00182
00183
00184
00185
00186
00187
00188
00189
00194
00195
00196
00198
00199
00201
00202
00205
00208
00209
00210
00212
00215
00217
00218
00220
00224
00225
00226
00227
00229
00231
00232
00234
00235
00236
00237
00238
00239
00240
00241
00243
00246
00249
00250
00251
00252
00253
00254
00255
00257
00258
00259
00260
00261
00264
00265
00267
00269
00270
00271
00273
00276
00281
00282
00284
00287
00288
00289
00291
00292
00293
00294
00296
00297
00298
00299
00300
00301
00302
00303
00304
00305
00306
00307
00308
00309
00310
00311
00313
00314
00315
00316
00317
00318
00320
00321
00322
00323
00324
00325
00328
00329
00330
00332
00333
00334
00335
00336
00337
00338
00344
00345
00347
00348
00349
00351
00352
00354
00355
00357
00358
00359
00361
00362
00363
00365
00367
00368
00369
00372
00373
00374
00375
00376
00377
00379
00380
00383
00384
00385
00386
00387
00389
00390
00391
00397
00400
00402
00403
00404
00406
00409
00410
00412
00416
00417
00418
00420
00421
00426
00427
00428
00429
00430
00434
00436
00438
00439
00443
00444
00446
00449
00450
00451
00452
00453
00454
00457
00458
00459
00460
00463
00464
00466
00467
00469
00470
00472
00473
00474
00475
00477
00480
00481
00482
00483
00486
00487
00488
00490
00491
00492
00493
00495
00497
00499
00505
00506
00511
00512
00513
00516
00517
00518
00520
00521
00522
00524
00525
00529
00532
00533
00534
00536
00537
00538
00540
00541
00543
00544
00545
00547
00548
00549
00550
00552
00553
00554
00556
00558
00559
00560
00561
00563
00564
00567
00568
00569
00570
00571
00573
00575
00577
00578
00579
00580
00581
00582
00583
00585
00586
00587
00591
00594
00597
00598
00600
00605
00606
00610
00612
00613
00618
00619
00622
00623
00624
00625
00626
00628
00629
00631
00632
00633
00634
00635
00636
00638
00641
00645
00646
00647
00649
00650
00651
00652
00653
00654
00659
00660
00662
00663
00664
00666
00667
00669
00670
00671
00672
00675
00676
00677
00678
00680
00681
00682
00684
00686
00688
00689
00690
00691
00693
00694
00695
00696
00697
00699
00703
00706
00707
00708
00709
00712
00715
00716
00717
00718
00719
00721
00723
00725
00728
00729
00730
00732
00733
00735
00736
00737
00738
00739
00743
00744
00746
00754
00757
00758
00759
00760
00761
00762
00763
00764
00766
00772
00774
00776
00777
00779
00781
00782
00786
00787
00788
00789
00790
00791
00793
00794
00795
00796
00797
00798
00799
00800
00803
00804
00805
00807
00808
00810
00811
00812
00813
00814
00815
00817
00819
00820
00821
00824
00825
00826
00828
00829
00830
00831
00833
00834
00837
00838
00840
00841
00843
00845
00846
00847
00848
00849
00850
00854
00855
00857
00858
00859
00861
00864
00865
00866
00867
00868
00869
00870
00872
00875
00876
00878
00882
00883
00887
00888
00890
00891
00892
00895
00896
00898
00899
00900
00902
00903
00904
00906
00907
00908
00909
00910
00911
00912
00913
00914
00915
00916
00917
00920
00921
00922
00924
00925
00926
00929
00930
00932
00933
00934
00936
00937
00938
00939
00941
00942
00943
00944
00945
00946
00948
00953
00954
00956
00957
00958
00959
00961
00962
00963
00964
00965
00966
00967
00968
00970
00972
00973
00974
00975
00979
00980
00982
00983
00984
00985
00987
00988
00989
00990
00991
00992
00993
00994
00995
00996
00998
01000
01002
01003
01005
01006
01008
01009
01010
01015
01018
01019
01022
01024
01025
01026
01029
01030
01031
01032
01033
01034
01036
01038
01041
01042
01043
01044
01046
01047
01048
01051
01052
01053
01055
01056
01057
01058
01059
01060
01062
01064
01065
01066
01067
01068
01069
01070
01071
01072
01074
01077
01084
01086
01087
01088
01089
01090
01092
01093
01094
01095
01096
01097
01099
01101
01104
01105
01107
01108
01109
01110
01112
01113
01114
01115
01116
01117
01119
01121
01124
01125
01126
01127
01128
01129
01130
01131
01133
01134
01135
01136
01137
01142
01143
01145
01146
01147
01149
01151
01153
01155
01158
01160
01161
01162
01163
01165
01168
01169
01170
01171
01172
01173
01174
01175
01176
01177
01178
01181
01182
01183
01184
01185
01186
01188
01190
01191
01192
01193
01194
01197
01199
01200
01201
01202
01203
01204
01206
01207
01208
01209
01210
01211
01212
01214
01215
01216
01217
01218
01219
01220
01222
01223
01225
01226
01229
01230
01231
01232
01234
01235
01236
01237
01239
01240
01241
01242
01243
01246
01248
01249
01250
01251
01253
01255
01257
01258
01261
01263
01264
01265
01266
01267
01268
01269
01272
01273
01277
01278
01281
01282
01283
01284
01285
01286
01288
01289
01292
01294
01295
01296
01297
01298
01300
01301
01303
01304
01305
01306
01307
01311
01312
01313
01314
01315
01317
01318
01319
01321
01323
01328
01329
01332
01333
01334
01335
01336
01338
01339
01341
01342
01344
01345
01346
01347
01348
01351
01352
01354
01355
01359
01360
01361
01362
01363
01364
01365
01367
01368
01371
01373
01375
01376
01377
01378
01379
01380
01381
01385
01388
01389
01390
01391
01392
01393
01395
01397
01398
01399
01401
01402
01403
01404
01407
01408
01410
01411
01412
01413
01414
01415
01416
01418
01419
01429
01430
01431
01432
01433
01437
01438
01439
01440
01443
01444
01445
01446
01448
01449
01450
01451
01452
01453
01454
01455
01456
01457
01459
01461
01465
01468
01474
01475
01477
01478
01479
01480
01481
01483
01485
01486
01488
01489
01490
01491
01492
01493
01494
01495
01497
01498
01499
01500
01501
01502
01505
01506
01508
01509
01510
01511
01512
01513
01514
01518
01519
01520
01522
01523
01524
01525
01527
01528
01529
01530
01531
01532
01533
01534
01535
01536
01537
01538
01539
01540
01543
01544
01546
01548
01550
01551
01552
01553
01554
01558
01560
01561
01562
01563
01567
01568
01569
01570
01573
01575
01576
01579
01582
01583
01584
01585
01589
01590
01591
01594
01597
01598
01599
