0 0.23480825958702065 0.17227138643067846 0.06607669616519174 0.0743362831858407
0 0.3696165191740413 0.1415929203539823 0.07020648967551622 0.09321533923303835
0 0.5182890855457227 0.1368731563421829 0.1327433628318584 0.07669616519174041
0 0.6513274336283186 0.10442477876106195 0.03893805309734513 0.04365781710914454
0 0.7967551622418879 0.16047197640117994 0.07610619469026549 0.0943952802359882
1 0.8988200589970501 0.11799410029498525 0.03952802359882006 0.03185840707964602
0 0.21150442477876105 0.23539823008849559 0.12920353982300886 0.044837758112094395
0 0.33775811209439527 0.25781710914454276 0.07964601769911504 0.06607669616519174
1 0.49262536873156343 0.2820058997050148 0.01887905604719764 0.03893805309734513
0 0.6613569321533923 0.26755162241887903 0.07315634218289085 0.03480825958702065
1 0.7690265486725664 0.268141592920354 0.052507374631268436 0.0359882005899705
0 0.8902654867256637 0.2749262536873156 0.05663716814159292 0.071976401179941
0 0.22389380530973452 0.4271386430678466 0.038348082595870206 0.03421828908554572
0 0.3297935103244838 0.4607669616519174 0.0967551622418879 0.054277286135693215
1 0.49380530973451325 0.3985250737463127 0.0471976401179941 0.043067846607669616
0 0.6218289085545723 0.45191740412979353 0.06843657817109144 0.14277286135693215
0 0.7348082595870207 0.41061946902654867 0.09734513274336283 0.06489675516224189
1 0.8938053097345132 0.4592920353982301 0.040117994100294985 0.03952802359882006
0 0.2191740412979351 0.5533923303834808 0.033628318584070796 0.05073746312684366
0 0.343952802359882 0.5722713864306784 0.11327433628318584 0.10029498525073746
1 0.4640117994100295 0.5191740412979351 0.04542772861356932 0.04365781710914454
0 0.587905604719764 0.6035398230088496 0.11386430678466077 0.07551622418879056
0 0.696165191740413 0.615929203539823 0.08141592920353982 0.1463126843657817
0 0.8530973451327434 0.5979351032448378 0.040117994100294985 0.04542772861356932
1 0.8474926253687316 0.6666666666666666 0.038348082595870206 0.049557522123893805
1 0.727433628318584 0.728023598820059 0.03303834808259587 0.04365781710914454
0 0.5696165191740413 0.764306784660767 0.11622418879056047 0.11740412979351032
0 0.4581120943952802 0.6669616519174041 0.07020648967551622 0.06312684365781711
0 0.3129793510324484 0.6764011799410029 0.04896755162241888 0.05014749262536873
0 0.22861356932153393 0.6716814159292035 0.11386430678466077 0.10088495575221239
0 0.22831858407079647 0.800589970501475 0.15575221238938053 0.06135693215339233
0 0.34926253687315634 0.7855457227138642 0.04601769911504425 0.07138643067846608
0 0.44424778761061945 0.8389380530973451 0.05663716814159292 0.10265486725663717
0 0.6179941002949852 0.8492625368731563 0.12802359882005898 0.10914454277286136
1 0.7469026548672566 0.8383480825958702 0.03421828908554572 0.02359882005899705
0 0.8899705014749263 0.823598820058997 0.038348082595870206 0.08377581120943953
