0 0.11946902654867256 0.05575221238938053 0.05486725663716814 0.09026548672566372
0 0.26194690265486725 0.05368731563421829 0.05309734513274336 0.06489675516224189
0 0.4044247787610619 0.07551622418879056 0.04660766961651917 0.06135693215339233
1 0.5368731563421829 0.11976401179941003 0.03185840707964602 0.03303834808259587
0 0.12035398230088495 0.2392330383480826 0.05781710914454277 0.07492625368731563
0 0.2448377581120944 0.1808259587020649 0.05781710914454277 0.0584070796460177
0 0.3781710914454277 0.1864306784660767 0.12389380530973451 0.06371681415929203
0 0.6746312684365782 0.06312684365781711 0.1079646017699115 0.04837758112094395
0 0.7070796460176991 0.228023598820059 0.04424778761061947 0.05132743362831858
0 0.5368731563421829 0.25073746312684364 0.05191740412979351 0.06135693215339233
0 0.12654867256637167 0.3129793510324484 0.03480825958702065 0.07846607669616519
0 0.23008849557522124 0.31209439528023597 0.05309734513274336 0.12507374631268436
0 0.3672566371681416 0.35103244837758113 0.05014749262536873 0.08849557522123894
0 0.5377581120943953 0.3292035398230089 0.08436578171091445 0.06607669616519174
0 0.6884955752212389 0.37374631268436576 0.0471976401179941 0.05958702064896755
1 0.8539823008849557 0.08643067846607669 0.038348082595870206 0.028908554572271386
0 0.8595870206489675 0.2327433628318584 0.054277286135693215 0.04188790560471976
1 0.8654867256637168 0.38023598820058996 0.03893805309734513 0.05486725663716814
0 0.8477876106194691 0.511504424778761 0.03893805309734513 0.08141592920353982
0 0.6920353982300885 0.515339233038348 0.03421828908554572 0.0855457227138643
0 0.5292035398230088 0.47050147492625366 0.05309734513274336 0.07020648967551622
0 0.3595870206489675 0.46578171091445425 0.05014749262536873 0.05014749262536873
0 0.8486725663716814 0.6330383480825958 0.03952802359882006 0.04601769911504425
0 0.684070796460177 0.6241887905604719 0.04188790560471976 0.06135693215339233
0 0.5120943952802359 0.6058997050147492 0.040117994100294985 0.058997050147492625
0 0.3702064896755162 0.6766961651917404 0.04424778761061947 0.09085545722713864
0 0.3672566371681416 0.7828908554572271 0.03716814159292035 0.07669616519174041
0 0.5047197640117994 0.772566371681416 0.061946902654867256 0.06312684365781711
0 0.7035398230088495 0.8392330383480826 0.08200589970501475 0.07020648967551622
0 0.8407079646017699 0.8309734513274336 0.04601769911504425 0.06548672566371681
0 0.13539823008849558 0.5365781710914455 0.06312684365781711 0.07020648967551622
0 0.22418879056047197 0.551622418879056 0.05781710914454277 0.10147492625368731
0 0.12507374631268436 0.6787610619469027 0.04129793510324484 0.15870206489675515
0 0.212094395280236 0.6902654867256637 0.0584070796460177 0.10265486725663717
0 0.1410029498525074 0.8041297935103244 0.09085545722713864 0.04129793510324484
0 0.22831858407079647 0.8256637168141593 0.035398230088495575 0.10206489675516224
