1 0.13244837758112094 0.12949852507374632 0.02064896755162242 0.032448377581120944
1 0.27699115044247785 0.16578171091445426 0.027728613569321534 0.025958702064896755
1 0.44778761061946903 0.15427728613569322 0.035398230088495575 0.019469026548672566
1 0.5970501474926253 0.16696165191740414 0.024778761061946902 0.025958702064896755
1 0.7672566371681416 0.1648967551622419 0.033628318584070796 0.024188790560471976
1 0.13539823008849558 0.29410029498525075 0.02182890855457227 0.03480825958702065
1 0.2943952802359882 0.3 0.03185840707964602 0.02064896755162242
0 0.4510324483775811 0.29557522123893804 0.033628318584070796 0.024778761061946902
1 0.6056047197640118 0.29233038348082596 0.033628318584070796 0.019469026548672566
1 0.7584070796460177 0.279646017699115 0.032448377581120944 0.029498525073746312
1 0.12566371681415928 0.41710914454277287 0.03185840707964602 0.025958702064896755
1 0.28702064896755164 0.42035398230088494 0.03480825958702065 0.023008849557522124
1 0.4498525073746313 0.42271386430678465 0.03008849557522124 0.019469026548672566
1 0.6070796460176991 0.42212389380530974 0.03303834808259587 0.02064896755162242
1 0.7498525073746313 0.41238938053097346 0.029498525073746312 0.017699115044247787
1 0.1271386430678466 0.5622418879056047 0.03126843657817109 0.021238938053097345
1 0.2861356932153392 0.5613569321533923 0.030678466076696165 0.01710914454277286
1 0.4492625368731563 0.5581120943952802 0.02654867256637168 0.02359882005899705
1 0.6103244837758112 0.5528023598820059 0.03126843657817109 0.02359882005899705
1 0.7587020648967552 0.5533923303834808 0.03185840707964602 0.021238938053097345
1 0.12212389380530973 0.7241887905604719 0.035398230088495575 0.023008849557522124
1 0.3023598820058997 0.7194690265486725 0.03126843657817109 0.02536873156342183
1 0.4575221238938053 0.6997050147492625 0.0359882005899705 0.021238938053097345
1 0.6174041297935103 0.6988200589970501 0.0359882005899705 0.023008849557522124
1 0.756047197640118 0.7032448377581121 0.027728613569321534 0.02359882005899705
1 0.12595870206489676 0.8902654867256637 0.03126843657817109 0.021238938053097345
1 0.3 0.8831858407079646 0.03126843657817109 0.02359882005899705
1 0.4528023598820059 0.875221238938053 0.0359882005899705 0.027728613569321534
1 0.6277286135693215 0.8560471976401179 0.03303834808259587 0.020058997050147492
1 0.7622418879056048 0.852212389380531 0.02831858407079646 0.027728613569321534
1 0.935693215339233 0.1672566371681416 0.03185840707964602 0.018289085545722714
1 0.9371681415929204 0.27551622418879057 0.02654867256637168 0.024778761061946902
1 0.9365781710914454 0.4056047197640118 0.028908554572271386 0.027728613569321534
1 0.9368731563421828 0.5492625368731563 0.02831858407079646 0.016519174041297935
1 0.9286135693215339 0.6997050147492625 0.030678466076696165 0.016519174041297935
1 0.9368731563421828 0.856637168141593 0.027138643067846607 0.017699115044247787
