1 0.1415929203539823 0.12418879056047197 0.03303834808259587 0.01710914454277286
1 0.2873156342182891 0.11740412979351032 0.03421828908554572 0.02359882005899705
1 0.4575221238938053 0.10914454277286136 0.033628318584070796 0.01887905604719764
1 0.6008849557522123 0.10943952802359883 0.0359882005899705 0.01710914454277286
1 0.6058997050147492 0.2294985250737463 0.035398230088495575 0.01887905604719764
1 0.45781710914454277 0.2327433628318584 0.03421828908554572 0.02064896755162242
1 0.296165191740413 0.22890855457227138 0.03775811209439528 0.020058997050147492
1 0.1410029498525074 0.2351032448377581 0.035398230088495575 0.019469026548672566
1 0.13451327433628318 0.37728613569321534 0.03657817109144543 0.019469026548672566
1 0.30973451327433627 0.36430678466076694 0.03303834808259587 0.02064896755162242
1 0.4542772861356932 0.37138643067846605 0.03421828908554572 0.018289085545722714
1 0.6283185840707964 0.3702064896755162 0.03303834808259587 0.02064896755162242
1 0.7640117994100295 0.36194690265486723 0.03303834808259587 0.018289085545722714
1 0.8775811209439528 0.3693215339233038 0.032448377581120944 0.020058997050147492
1 0.8787610619469026 0.5268436578171092 0.024188790560471976 0.02831858407079646
1 0.763716814159292 0.5265486725663717 0.03126843657817109 0.02182890855457227
1 0.6297935103244837 0.5067846607669616 0.033628318584070796 0.021238938053097345
1 0.45250737463126844 0.5005899705014749 0.03303834808259587 0.02182890855457227
1 0.3029498525073746 0.4964601769911504 0.033628318584070796 0.019469026548672566
1 0.14513274336283186 0.4911504424778761 0.03657817109144543 0.019469026548672566
1 0.14749262536873156 0.6628318584070796 0.03893805309734513 0.02064896755162242
1 0.1504424778761062 0.8112094395280236 0.035398230088495575 0.021238938053097345
1 0.3100294985250737 0.6622418879056047 0.033628318584070796 0.019469026548672566
1 0.3094395280235988 0.8050147492625369 0.03480825958702065 0.018289085545722714
1 0.47227138643067845 0.6619469026548672 0.032448377581120944 0.017699115044247787
1 0.4861356932153392 0.8153392330383481 0.03657817109144543 0.021238938053097345
1 0.6339233038348082 0.6637168141592921 0.03480825958702065 0.02359882005899705
1 0.6286135693215339 0.815929203539823 0.03716814159292035 0.017699115044247787
1 0.7678466076696165 0.6693215339233038 0.03480825958702065 0.018289085545722714
1 0.8855457227138643 0.6628318584070796 0.03421828908554572 0.02182890855457227
1 0.7619469026548672 0.8112094395280236 0.03716814159292035 0.017699115044247787
1 0.8784660766961652 0.8097345132743363 0.03421828908554572 0.018289085545722714
1 0.7542772861356932 0.23008849557522124 0.03126843657817109 0.017699115044247787
1 0.743952802359882 0.10412979351032448 0.03421828908554572 0.018289085545722714
1 0.8887905604719764 0.10501474926253687 0.03716814159292035 0.017699115044247787
1 0.8766961651917404 0.2294985250737463 0.03303834808259587 0.020058997050147492
