1 0.11179941002949853 0.10530973451327433 0.03716814159292035 0.018289085545722714
1 0.25663716814159293 0.10471976401179942 0.035398230088495575 0.018289085545722714
1 0.40058997050147493 0.10914454277286136 0.03185840707964602 0.020058997050147492
1 0.5448377581120943 0.10825958702064897 0.0359882005899705 0.018289085545722714
1 0.7144542772861356 0.11622418879056047 0.035398230088495575 0.021238938053097345
1 0.8581120943952802 0.12507374631268436 0.0359882005899705 0.020058997050147492
1 0.12389380530973451 0.22920353982300884 0.03303834808259587 0.02064896755162242
1 0.24454277286135692 0.2303834808259587 0.03126843657817109 0.01710914454277286
1 0.3958702064896755 0.22920353982300884 0.03657817109144543 0.019469026548672566
1 0.5427728613569321 0.2327433628318584 0.03421828908554572 0.019469026548672566
1 0.7047197640117994 0.22890855457227138 0.0359882005899705 0.017699115044247787
1 0.8595870206489675 0.23539823008849559 0.035398230088495575 0.017699115044247787
1 0.12418879056047197 0.3687315634218289 0.032448377581120944 0.021238938053097345
1 0.2383480825958702 0.36106194690265486 0.03657817109144543 0.020058997050147492
1 0.37138643067846605 0.3696165191740413 0.033628318584070796 0.02182890855457227
1 0.5466076696165192 0.37138643067846605 0.03480825958702065 0.019469026548672566
1 0.6905604719764011 0.3648967551622419 0.03480825958702065 0.02182890855457227
1 0.8666666666666667 0.37787610619469025 0.035398230088495575 0.018289085545722714
1 0.12212389380530973 0.5262536873156343 0.025958702064896755 0.027138643067846607
1 0.2365781710914454 0.5259587020648967 0.03303834808259587 0.02064896755162242
1 0.37138643067846605 0.5058997050147492 0.03480825958702065 0.02182890855457227
1 0.5480825958702065 0.5 0.03303834808259587 0.02182890855457227
1 0.6985250737463127 0.49557522123893805 0.03657817109144543 0.021238938053097345
1 0.8572271386430679 0.49144542772861355 0.03657817109144543 0.021238938053097345
1 0.11563421828908554 0.6637168141592921 0.03303834808259587 0.020058997050147492
1 0.23215339233038348 0.6684365781710915 0.032448377581120944 0.01887905604719764
1 0.36666666666666664 0.6637168141592921 0.0359882005899705 0.022418879056047197
1 0.5286135693215339 0.6610619469026549 0.03185840707964602 0.018289085545722714
1 0.6914454277286135 0.6604719764011799 0.03775811209439528 0.02064896755162242
1 0.8536873156342183 0.6628318584070796 0.03775811209439528 0.02064896755162242
1 0.12271386430678466 0.8097345132743363 0.030678466076696165 0.019469026548672566
1 0.23952802359882006 0.8109144542772861 0.035398230088495575 0.01710914454277286
1 0.37374631268436576 0.8156342182890856 0.03716814159292035 0.01710914454277286
1 0.5150442477876106 0.8147492625368732 0.03421828908554572 0.021238938053097345
1 0.692330383480826 0.8041297935103244 0.033628318584070796 0.017699115044247787
1 0.8507374631268436 0.812094395280236 0.035398230088495575 0.019469026548672566
