1 0.15752212389380532 0.1846607669616519 0.054277286135693215 0.05545722713864307
0 0.2973451327433628 0.16106194690265485 0.08259587020648967 0.06607669616519174
0 0.49557522123893805 0.2303834808259587 0.06017699115044248 0.06430678466076696
0 0.6336283185840708 0.215929203539823 0.03657817109144543 0.08023598820058997
0 0.7775811209439528 0.1710914454277286 0.035398230088495575 0.10737463126843658
0 0.8622418879056047 0.19734513274336282 0.08790560471976401 0.04896755162241888
0 0.8660766961651918 0.3303834808259587 0.054277286135693215 0.1663716814159292
0 0.7858407079646017 0.307669616519174 0.05663716814159292 0.10206489675516224
0 0.6303834808259587 0.30117994100294987 0.047787610619469026 0.04896755162241888
0 0.49262536873156343 0.3979351032448378 0.03775811209439528 0.05604719764011799
0 0.32035398230088497 0.37256637168141593 0.04837758112094395 0.05014749262536873
0 0.15250737463126843 0.36755162241887906 0.0359882005899705 0.05191740412979351
0 0.7766961651917405 0.4471976401179941 0.05368731563421829 0.10265486725663717
0 0.8654867256637168 0.4654867256637168 0.06489675516224189 0.07315634218289085
0 0.15339233038348082 0.4882005899705015 0.03657817109144543 0.0808259587020649
0 0.308259587020649 0.48436578171091443 0.03480825958702065 0.08731563421828908
0 0.47227138643067845 0.5312684365781711 0.05368731563421829 0.07020648967551622
0 0.6418879056047198 0.5348082595870206 0.05309734513274336 0.05368731563421829
1 0.13539823008849558 0.6147492625368731 0.03716814159292035 0.05309734513274336
0 0.3126843657817109 0.6283185840707964 0.04837758112094395 0.05545722713864307
0 0.4557522123893805 0.6752212389380531 0.06666666666666667 0.05958702064896755
0 0.6345132743362831 0.6345132743362831 0.05132743362831858 0.10442477876106195
0 0.7784660766961652 0.6914454277286135 0.05132743362831858 0.1191740412979351
0 0.8734513274336283 0.6873156342182891 0.038348082595870206 0.07079646017699115
0 0.8808259587020649 0.7610619469026548 0.05663716814159292 0.07669616519174041
0 0.7548672566371681 0.8188790560471977 0.05368731563421829 0.05545722713864307
0 0.6395280235988201 0.8156342182890856 0.13569321533923304 0.03480825958702065
0 0.47079646017699117 0.7410029498525074 0.06371681415929203 0.05663716814159292
0 0.29557522123893804 0.7734513274336283 0.04247787610619469 0.049557522123893805
0 0.1421828908554572 0.772566371681416 0.058997050147492625 0.04896755162241888
0 0.1486725663716814 0.9026548672566371 0.04129793510324484 0.030678466076696165
0 0.32831858407079645 0.9383480825958702 0.11740412979351032 0.05014749262536873
1 0.4648967551622419 0.8811209439528024 0.029498525073746312 0.033628318584070796
0 0.5943952802359882 0.9235988200589971 0.047787610619469026 0.061946902654867256
0 0.7454277286135693 0.9389380530973451 0.061946902654867256 0.05014749262536873
0 0.8811209439528024 0.9398230088495575 0.05486725663716814 0.10383480825958702
