1 0.12890855457227138 0.10501474926253687 0.02536873156342183 0.027138643067846607
1 0.2967551622418879 0.11622418879056047 0.029498525073746312 0.021238938053097345
1 0.4498525073746313 0.12212389380530973 0.03008849557522124 0.01887905604719764
1 0.6218289085545723 0.140117994100295 0.03185840707964602 0.01710914454277286
1 0.7589970501474926 0.13716814159292035 0.027728613569321534 0.01710914454277286
1 0.9353982300884955 0.14365781710914455 0.028908554572271386 0.01592920353982301
1 0.12123893805309735 0.27699115044247785 0.03716814159292035 0.02064896755162242
1 0.3005899705014749 0.2849557522123894 0.033628318584070796 0.020058997050147492
1 0.45309734513274336 0.29970501474926253 0.03657817109144543 0.01887905604719764
1 0.6162241887905605 0.3041297935103245 0.038348082595870206 0.019469026548672566
1 0.7548672566371681 0.3005899705014749 0.028908554572271386 0.019469026548672566
1 0.9294985250737463 0.30117994100294987 0.03008849557522124 0.01592920353982301
1 0.12507374631268436 0.44011799410029495 0.030678466076696165 0.021238938053097345
1 0.2861356932153392 0.4392330383480826 0.029498525073746312 0.019469026548672566
1 0.44955752212389377 0.44188790560471974 0.02831858407079646 0.021238938053097345
1 0.6085545722713864 0.4445427728613569 0.03008849557522124 0.01710914454277286
1 0.7584070796460177 0.4486725663716814 0.032448377581120944 0.019469026548672566
1 0.9362831858407079 0.45132743362831856 0.03185840707964602 0.017699115044247787
1 0.12684365781710916 0.5817109144542773 0.02831858407079646 0.025958702064896755
1 0.28820058997050146 0.5784660766961652 0.03008849557522124 0.019469026548672566
1 0.44837758112094395 0.5787610619469027 0.030678466076696165 0.020058997050147492
1 0.6056047197640118 0.5793510324483776 0.033628318584070796 0.01887905604719764
1 0.7486725663716814 0.5893805309734513 0.02831858407079646 0.017699115044247787
1 0.9353982300884955 0.5997050147492625 0.03126843657817109 0.018289085545722714
1 0.12035398230088495 0.7141592920353982 0.035398230088495575 0.019469026548672566
1 0.29233038348082596 0.7008849557522123 0.033628318584070796 0.021238938053097345
1 0.4474926253687316 0.7 0.028908554572271386 0.02182890855457227
1 0.6056047197640118 0.7085545722713864 0.03126843657817109 0.020058997050147492
1 0.7551622418879056 0.7174041297935103 0.029498525073746312 0.020058997050147492
1 0.9368731563421828 0.7212389380530974 0.03421828908554572 0.01710914454277286
1 0.1191740412979351 0.8758112094395281 0.029498525073746312 0.024188790560471976
1 0.27817109144542773 0.8581120943952802 0.032448377581120944 0.02064896755162242
1 0.44660766961651915 0.8489675516224189 0.035398230088495575 0.01887905604719764
1 0.6032448377581121 0.8504424778761062 0.032448377581120944 0.018289085545722714
1 0.7589970501474926 0.8436578171091446 0.032448377581120944 0.01887905604719764
1 0.9348082595870206 0.8359882005899705 0.032448377581120944 0.01887905604719764
