1 0.11179941002949853 0.10471976401179942 0.0359882005899705 0.018289085545722714
1 0.25486725663716814 0.10412979351032448 0.03421828908554572 0.018289085545722714
1 0.4002949852507375 0.10855457227138643 0.032448377581120944 0.017699115044247787
1 0.5430678466076696 0.10884955752212389 0.033628318584070796 0.019469026548672566
1 0.7141592920353982 0.11740412979351032 0.033628318584070796 0.02359882005899705
1 0.8601769911504424 0.12536873156342182 0.03421828908554572 0.019469026548672566
1 0.12418879056047197 0.23008849557522124 0.03008849557522124 0.021238938053097345
1 0.24601769911504423 0.22979351032448378 0.02831858407079646 0.01710914454277286
1 0.39557522123893807 0.2294985250737463 0.03480825958702065 0.020058997050147492
1 0.5430678466076696 0.23215339233038348 0.03716814159292035 0.02182890855457227
1 0.7050147492625368 0.22890855457227138 0.03657817109144543 0.01887905604719764
1 0.8604719764011799 0.23539823008849559 0.03480825958702065 0.020058997050147492
1 0.12389380530973451 0.3687315634218289 0.03185840707964602 0.022418879056047197
1 0.2359882005899705 0.3616519174041298 0.03421828908554572 0.01887905604719764
1 0.3722713864306785 0.36902654867256635 0.03657817109144543 0.02064896755162242
1 0.5466076696165192 0.37138643067846605 0.033628318584070796 0.019469026548672566
1 0.6902654867256637 0.3654867256637168 0.035398230088495575 0.02064896755162242
1 0.8672566371681416 0.37669616519174043 0.035398230088495575 0.018289085545722714
1 0.12212389380530973 0.5253687315634218 0.025958702064896755 0.03008849557522124
1 0.2368731563421829 0.5250737463126843 0.032448377581120944 0.021238938053097345
1 0.3710914454277286 0.5061946902654867 0.03421828908554572 0.021238938053097345
1 0.5498525073746312 0.49970501474926254 0.03185840707964602 0.021238938053097345
1 0.6988200589970501 0.4958702064896755 0.03716814159292035 0.02064896755162242
1 0.8572271386430679 0.492330383480826 0.03775811209439528 0.02064896755162242
1 0.11533923303834809 0.6628318584070796 0.03126843657817109 0.02182890855457227
1 0.2327433628318584 0.6678466076696166 0.03126843657817109 0.017699115044247787
1 0.3663716814159292 0.6637168141592921 0.03303834808259587 0.02359882005899705
1 0.5300884955752212 0.6613569321533923 0.03126843657817109 0.016519174041297935
1 0.6926253687315634 0.6604719764011799 0.035398230088495575 0.02182890855457227
1 0.8542772861356932 0.6628318584070796 0.03775811209439528 0.02064896755162242
1 0.12271386430678466 0.8100294985250738 0.029498525073746312 0.017699115044247787
1 0.2392330383480826 0.8103244837758112 0.033628318584070796 0.018289085545722714
1 0.371976401179941 0.8162241887905605 0.033628318584070796 0.01710914454277286
1 0.5150442477876106 0.8153392330383481 0.03303834808259587 0.020058997050147492
1 0.6926253687315634 0.8044247787610619 0.03421828908554572 0.019469026548672566
1 0.851622418879056 0.8117994100294985 0.03480825958702065 0.020058997050147492
