1 0.11091445427728613 0.10501474926253687 0.035398230088495575 0.017699115044247787
1 0.2563421828908555 0.10442477876106195 0.0359882005899705 0.01887905604719764
1 0.40058997050147493 0.10855457227138643 0.03185840707964602 0.01887905604719764
1 0.543952802359882 0.10825958702064897 0.035398230088495575 0.019469026548672566
1 0.7129793510324484 0.1168141592920354 0.03480825958702065 0.022418879056047197
1 0.8589970501474926 0.12536873156342182 0.03657817109144543 0.02182890855457227
1 0.8613569321533923 0.23569321533923304 0.03303834808259587 0.02182890855457227
1 0.7053097345132743 0.2294985250737463 0.03716814159292035 0.01887905604719764
1 0.5433628318584071 0.2327433628318584 0.035398230088495575 0.02064896755162242
1 0.3967551622418879 0.22979351032448378 0.033628318584070796 0.019469026548672566
1 0.24513274336283186 0.23008849557522124 0.02654867256637168 0.01887905604719764
1 0.12507374631268436 0.22920353982300884 0.03421828908554572 0.02182890855457227
1 0.12330383480825959 0.3687315634218289 0.030678466076696165 0.022418879056047197
1 0.1215339233038348 0.5253687315634218 0.024778761061946902 0.028908554572271386
1 0.2365781710914454 0.3616519174041298 0.03421828908554572 0.021238938053097345
1 0.11474926253687315 0.6634218289085546 0.03126843657817109 0.02182890855457227
1 0.12389380530973451 0.8103244837758112 0.03185840707964602 0.019469026548672566
1 0.2365781710914454 0.5256637168141592 0.030678466076696165 0.022418879056047197
1 0.23333333333333334 0.668141592920354 0.03008849557522124 0.018289085545722714
1 0.2392330383480826 0.8112094395280236 0.033628318584070796 0.01887905604719764
1 0.37256637168141593 0.36991150442477877 0.03716814159292035 0.020058997050147492
1 0.371976401179941 0.5064896755162241 0.0359882005899705 0.023008849557522124
1 0.36696165191740415 0.6646017699115044 0.03421828908554572 0.024188790560471976
1 0.37315634218289084 0.8153392330383481 0.03716814159292035 0.021238938053097345
1 0.5469026548672566 0.37138643067846605 0.03303834808259587 0.019469026548672566
1 0.5480825958702065 0.49911504424778763 0.03303834808259587 0.02359882005899705
1 0.5283185840707965 0.6619469026548672 0.028908554572271386 0.020058997050147492
1 0.515339233038348 0.8156342182890856 0.0359882005899705 0.02182890855457227
1 0.6914454277286135 0.3663716814159292 0.03303834808259587 0.021238938053097345
1 0.6979351032448378 0.4958702064896755 0.035398230088495575 0.019469026548672566
1 0.692330383480826 0.6601769911504425 0.0359882005899705 0.021238938053097345
1 0.6932153392330384 0.8041297935103244 0.03303834808259587 0.021238938053097345
1 0.8669616519174042 0.37787610619469025 0.0359882005899705 0.019469026548672566
1 0.8563421828908554 0.491740412979351 0.03716814159292035 0.02182890855457227
1 0.8542772861356932 0.6637168141592921 0.03893805309734513 0.021238938053097345
1 0.8501474926253687 0.812094395280236 0.035398230088495575 0.02064896755162242
