1 0.15693215339233038 0.11887905604719765 0.03185840707964602 0.02182890855457227
1 0.3191740412979351 0.13421828908554573 0.03185840707964602 0.02064896755162242
1 0.47581120943952804 0.1457227138643068 0.032448377581120944 0.020058997050147492
1 0.6365781710914454 0.1463126843657817 0.022418879056047197 0.025958702064896755
1 0.7781710914454277 0.14926253687315633 0.029498525073746312 0.016519174041297935
1 0.9014749262536873 0.15073746312684366 0.025958702064896755 0.02536873156342183
1 0.15752212389380532 0.36194690265486723 0.03303834808259587 0.019469026548672566
1 0.3230088495575221 0.34424778761061947 0.03126843657817109 0.024188790560471976
1 0.484070796460177 0.35103244837758113 0.03008849557522124 0.01887905604719764
1 0.6286135693215339 0.3238938053097345 0.03126843657817109 0.017699115044247787
1 0.7846607669616519 0.3303834808259587 0.029498525073746312 0.01887905604719764
1 0.9041297935103245 0.33628318584070793 0.027728613569321534 0.021238938053097345
1 0.16194690265486725 0.5168141592920354 0.03126843657817109 0.021238938053097345
1 0.3144542772861357 0.5129793510324484 0.029498525073746312 0.019469026548672566
1 0.46578171091445425 0.5221238938053098 0.028908554572271386 0.020058997050147492
1 0.6194690265486725 0.5017699115044247 0.027138643067846607 0.02182890855457227
1 0.7646017699115044 0.4725663716814159 0.024778761061946902 0.01887905604719764
1 0.9123893805309734 0.4749262536873156 0.03008849557522124 0.02359882005899705
1 0.15250737463126843 0.6333333333333333 0.03126843657817109 0.01592920353982301
1 0.3129793510324484 0.6294985250737463 0.03480825958702065 0.017699115044247787
1 0.47227138643067845 0.6262536873156342 0.03008849557522124 0.01710914454277286
1 0.6132743362831858 0.6383480825958702 0.03716814159292035 0.017699115044247787
1 0.7587020648967552 0.6206489675516225 0.02359882005899705 0.015339233038348082
1 0.9047197640117994 0.6191740412979351 0.03126843657817109 0.01592920353982301
1 0.14926253687315633 0.7817109144542773 0.02831858407079646 0.02831858407079646
1 0.2982300884955752 0.775811209439528 0.03480825958702065 0.027138643067846607
1 0.4510324483775811 0.7740412979351032 0.033628318584070796 0.017699115044247787
1 0.6041297935103245 0.7660766961651917 0.03421828908554572 0.019469026548672566
1 0.7551622418879056 0.7675516224188791 0.025958702064896755 0.01887905604719764
1 0.8976401179941003 0.7634218289085546 0.028908554572271386 0.017699115044247787
0 0.13244837758112094 0.9035398230088495 0.03126843657817109 0.024188790560471976
1 0.28997050147492626 0.9147492625368732 0.028908554572271386 0.032448377581120944
1 0.43864306784660767 0.9129793510324483 0.028908554572271386 0.02536873156342183
1 0.5941002949852507 0.9129793510324483 0.03421828908554572 0.02536873156342183
1 0.7348082595870207 0.9026548672566371 0.03008849557522124 0.025958702064896755
1 0.896165191740413 0.904424778761062 0.03185840707964602 0.021238938053097345
