0 0.3430678466076696 0.17846607669616518 0.07728613569321534 0.16224188790560473
0 0.40294985250737464 0.20088495575221238 0.15457227138643068 0.11150442477876106
0 0.5389380530973451 0.1926253687315634 0.03126843657817109 0.07610619469026549
1 0.6737463126843658 0.19498525073746312 0.027138643067846607 0.02654867256637168
0 0.7572271386430678 0.17876106194690267 0.1056047197640118 0.08141592920353982
0 0.8687315634218289 0.1799410029498525 0.11386430678466077 0.14277286135693215
0 0.8820058997050148 0.34601769911504426 0.10265486725663717 0.18584070796460178
0 0.8256637168141593 0.4070796460176991 0.07492625368731563 0.11327433628318584
0 0.7135693215339233 0.40235988200589967 0.17168141592920355 0.1215339233038348
0 0.7215339233038348 0.2849557522123894 0.09321533923303835 0.07079646017699115
0 0.6138643067846608 0.3351032448377581 0.052507374631268436 0.12507374631268436
0 0.2587020648967552 0.34926253687315634 0.08790560471976401 0.11445427728613569
0 0.3985250737463127 0.3985250737463127 0.16578171091445426 0.10206489675516224
0 0.2634218289085546 0.3997050147492625 0.07374631268436578 0.06312684365781711
0 0.4672566371681416 0.41002949852507375 0.1415929203539823 0.10501474926253687
0 0.5749262536873156 0.471976401179941 0.13156342182890857 0.05309734513274336
0 0.5876106194690265 0.5123893805309735 0.12035398230088495 0.07846607669616519
0 0.5094395280235988 0.5259587020648967 0.1398230088495575 0.12094395280235988
0 0.5227138643067847 0.5646017699115045 0.04837758112094395 0.025958702064896755
0 0.3339233038348083 0.48348082595870207 0.029498525073746312 0.06430678466076696
1 0.8952802359882006 0.47079646017699117 0.028908554572271386 0.02359882005899705
0 0.39321533923303836 0.6047197640117994 0.08908554572271386 0.1911504424778761
0 0.26253687315634217 0.6480825958702064 0.07315634218289085 0.04070796460176991
0 0.6867256637168142 0.6312684365781711 0.12743362831858407 0.1640117994100295
0 0.8454277286135693 0.6843657817109144 0.03657817109144543 0.0920353982300885
0 0.4761061946902655 0.719174041297935 0.16047197640117994 0.05073746312684366
0 0.7368731563421829 0.7436578171091446 0.12035398230088495 0.0607669616519174
0 0.28466076696165193 0.7398230088495575 0.17758112094395279 0.06489675516224189
0 0.4008849557522124 0.7398230088495575 0.11032448377581121 0.06725663716814159
0 0.8545722713864307 0.8262536873156342 0.12684365781710916 0.09144542772861357
0 0.6725663716814159 0.8294985250737463 0.08495575221238938 0.11445427728613569
0 0.4690265486725664 0.8433628318584071 0.1392330383480826 0.061946902654867256
0 0.33716814159292036 0.8634218289085546 0.05958702064896755 0.1799410029498525
0 0.23569321533923304 0.8873156342182891 0.15162241887905603 0.10501474926253687
