1 0.12330383480825959 0.1079646017699115 0.029498525073746312 0.024778761061946902
1 0.2991150442477876 0.115929203539823 0.027138643067846607 0.023008849557522124
1 0.4510324483775811 0.12477876106194691 0.03008849557522124 0.02182890855457227
1 0.6241887905604719 0.13333333333333333 0.02831858407079646 0.024778761061946902
1 0.7578171091445428 0.14277286135693215 0.02654867256637168 0.027138643067846607
1 0.9368731563421828 0.1424778761061947 0.027138643067846607 0.01710914454277286
1 0.12330383480825959 0.2734513274336283 0.035398230088495575 0.03126843657817109
1 0.3023598820058997 0.28023598820059 0.032448377581120944 0.025958702064896755
1 0.45545722713864306 0.2935103244837758 0.035398230088495575 0.018289085545722714
1 0.6171091445427729 0.30619469026548674 0.03185840707964602 0.021238938053097345
1 0.755457227138643 0.2967551622418879 0.028908554572271386 0.025958702064896755
1 0.9300884955752212 0.30029498525073745 0.03008849557522124 0.01887905604719764
1 0.12654867256637167 0.4421828908554572 0.028908554572271386 0.02182890855457227
1 0.2861356932153392 0.43864306784660767 0.027138643067846607 0.018289085545722714
1 0.44955752212389377 0.4410029498525074 0.030678466076696165 0.023008849557522124
1 0.6106194690265486 0.4457227138643068 0.02831858407079646 0.02536873156342183
1 0.7592920353982301 0.4471976401179941 0.03185840707964602 0.022418879056047197
1 0.9377581120943953 0.4504424778761062 0.028908554572271386 0.01592920353982301
1 0.12802359882005898 0.5781710914454277 0.027138643067846607 0.02831858407079646
1 0.28938053097345134 0.5790560471976401 0.03008849557522124 0.02064896755162242
1 0.4486725663716814 0.5781710914454277 0.03126843657817109 0.01887905604719764
1 0.6064896755162241 0.5787610619469027 0.030678466076696165 0.01887905604719764
1 0.7498525073746313 0.587905604719764 0.030678466076696165 0.02064896755162242
1 0.9362831858407079 0.5967551622418878 0.027138643067846607 0.028908554572271386
1 0.13333333333333333 0.7053097345132743 0.01887905604719764 0.033628318584070796
1 0.29321533923303833 0.6988200589970501 0.03185840707964602 0.02064896755162242
1 0.4445427728613569 0.6917404129793511 0.03126843657817109 0.033628318584070796
1 0.6058997050147492 0.7123893805309734 0.03185840707964602 0.023008849557522124
1 0.7539823008849558 0.7123893805309734 0.02831858407079646 0.02654867256637168
1 0.9321533923303835 0.7073746312684366 0.035398230088495575 0.025958702064896755
1 0.12625368731563422 0.871976401179941 0.020058997050147492 0.03185840707964602
1 0.28023598820059 0.840117994100295 0.02831858407079646 0.027138643067846607
1 0.4471976401179941 0.8436578171091446 0.035398230088495575 0.02359882005899705
1 0.5920353982300884 0.8230088495575221 0.032448377581120944 0.022418879056047197
1 0.7669616519174041 0.8336283185840708 0.02359882005899705 0.03303834808259587
1 0.9250737463126844 0.8353982300884956 0.030678466076696165 0.020058997050147492
