0 0.11268436578171091 0.058112094395280235 0.054277286135693215 0.0808259587020649
0 0.26371681415929205 0.05486725663716814 0.05191740412979351 0.071976401179941
0 0.4014749262536873 0.06224188790560472 0.038348082595870206 0.07374631268436578
1 0.5377581120943953 0.12094395280235988 0.03126843657817109 0.03185840707964602
0 0.6790560471976401 0.06430678466076696 0.10147492625368731 0.05191740412979351
0 0.8548672566371681 0.0808259587020649 0.03657817109144543 0.03657817109144543
0 0.1182890855457227 0.23952802359882006 0.05604719764011799 0.08141592920353982
0 0.24867256637168142 0.184070796460177 0.05486725663716814 0.05309734513274336
0 0.3811209439528024 0.17876106194690267 0.1191740412979351 0.06607669616519174
0 0.22772861356932153 0.3141592920353982 0.04601769911504425 0.10914454277286136
0 0.1271386430678466 0.3141592920353982 0.032448377581120944 0.08672566371681416
0 0.5365781710914455 0.2575221238938053 0.033628318584070796 0.05014749262536873
0 0.7085545722713864 0.22920353982300884 0.04247787610619469 0.05132743362831858
1 0.8551622418879056 0.2392330383480826 0.05132743362831858 0.038348082595870206
0 0.36342182890855457 0.3466076696165192 0.05663716814159292 0.06666666666666667
0 0.5469026548672566 0.32359882005899704 0.06607669616519174 0.0607669616519174
0 0.6905604719764011 0.3734513274336283 0.047787610619469026 0.058997050147492625
1 0.8663716814159292 0.38348082595870203 0.0359882005899705 0.0471976401179941
0 0.1351032448377581 0.5303834808259587 0.06371681415929203 0.07669616519174041
0 0.22359882005899706 0.5525073746312684 0.05545722713864307 0.10206489675516224
0 0.35929203539823007 0.46430678466076697 0.05309734513274336 0.04837758112094395
0 0.5277286135693215 0.4666666666666667 0.057227138643067846 0.0696165191740413
0 0.6967551622418879 0.5162241887905604 0.04247787610619469 0.08377581120943953
0 0.8489675516224189 0.5123893805309735 0.03775811209439528 0.08200589970501475
0 0.5156342182890855 0.6088495575221239 0.04601769911504425 0.06017699115044248
0 0.6828908554572272 0.6218289085545723 0.04424778761061947 0.058997050147492625
0 0.8501474926253687 0.6342182890855457 0.03893805309734513 0.04129793510324484
0 0.12625368731563422 0.6817109144542772 0.04601769911504425 0.1433628318584071
0 0.2135693215339233 0.6867256637168142 0.05663716814159292 0.10265486725663717
0 0.3696165191740413 0.6743362831858407 0.04542772861356932 0.08967551622418879
0 0.14188790560471976 0.8026548672566372 0.09380530973451327 0.03952802359882006
0 0.22920353982300884 0.8230088495575221 0.033628318584070796 0.10501474926253687
0 0.368141592920354 0.7823008849557522 0.03657817109144543 0.0696165191740413
0 0.5056047197640118 0.772566371681416 0.06371681415929203 0.05958702064896755
0 0.7047197640117994 0.8374631268436578 0.07846607669616519 0.06430678466076696
0 0.8418879056047197 0.827433628318584 0.0471976401179941 0.05958702064896755
