0 0.10235988200589971 0.11799410029498525 0.03952802359882006 0.03303834808259587
0 0.20383480825958702 0.15988200589970503 0.07492625368731563 0.10029498525073746
0 0.35221238938053095 0.10766961651917403 0.04247787610619469 0.04542772861356932
0 0.4846607669616519 0.13628318584070798 0.1327433628318584 0.08023598820058997
0 0.6321533923303835 0.1430678466076696 0.07492625368731563 0.09970501474926254
0 0.7654867256637168 0.17079646017699116 0.06312684365781711 0.07374631268436578
0 0.11976401179941003 0.27551622418879057 0.04247787610619469 0.07079646017699115
1 0.23303834808259588 0.26843657817109146 0.05073746312684366 0.03303834808259587
0 0.3392330383480826 0.26607669616519175 0.0696165191740413 0.035398230088495575
1 0.5014749262536873 0.279646017699115 0.03657817109144543 0.035398230088495575
0 0.6578171091445427 0.25899705014749264 0.09085545722713864 0.06371681415929203
0 0.7882005899705015 0.2351032448377581 0.12743362831858407 0.04660766961651917
0 0.11120943952802359 0.463716814159292 0.05014749262536873 0.04129793510324484
0 0.26666666666666666 0.4103244837758112 0.10265486725663717 0.06666666666666667
0 0.38141592920353984 0.4492625368731563 0.06548672566371681 0.1374631268436578
1 0.5053097345132743 0.39705014749262535 0.05014749262536873 0.044837758112094395
0 0.671976401179941 0.46106194690265484 0.10265486725663717 0.05604719764011799
0 0.7784660766961652 0.42684365781710915 0.04070796460176991 0.03716814159292035
0 0.14837758112094396 0.5976401179941003 0.0359882005899705 0.04601769911504425
0 0.3088495575221239 0.6162241887905605 0.0855457227138643 0.15398230088495574
0 0.415929203539823 0.6029498525073747 0.10973451327433628 0.0743362831858407
0 0.5356932153392331 0.5188790560471976 0.04601769911504425 0.04188790560471976
0 0.6572271386430678 0.5743362831858407 0.12389380530973451 0.1079646017699115
0 0.7817109144542773 0.5542772861356932 0.03303834808259587 0.05132743362831858
1 0.15250737463126843 0.6669616519174041 0.0359882005899705 0.04542772861356932
0 0.27404129793510323 0.7297935103244838 0.03480825958702065 0.04247787610619469
0 0.43156342182890856 0.7648967551622419 0.11504424778761062 0.11622418879056047
0 0.5445427728613569 0.6678466076696166 0.071976401179941 0.06489675516224189
0 0.6893805309734513 0.6775811209439528 0.05486725663716814 0.052507374631268436
0 0.771386430678466 0.6725663716814159 0.11622418879056047 0.10147492625368731
0 0.7716814159292036 0.7997050147492625 0.1616519174041298 0.0584070796460177
0 0.6542772861356932 0.7864306784660767 0.05073746312684366 0.07315634218289085
0 0.5554572271386431 0.8433628318584071 0.05604719764011799 0.1056047197640118
0 0.38495575221238937 0.8474926253687316 0.13156342182890857 0.11622418879056047
1 0.25486725663716814 0.8421828908554572 0.035398230088495575 0.028908554572271386
0 0.11209439528023599 0.8244837758112095 0.044837758112094395 0.09026548672566372
