0 0.12064896755162241 0.05693215339233038 0.05486725663716814 0.1056047197640118
0 0.24690265486725663 0.03480825958702065 0.07610619469026549 0.06017699115044248
0 0.40648967551622417 0.05486725663716814 0.05663716814159292 0.06371681415929203
0 0.5348082595870206 0.11976401179941003 0.027728613569321534 0.035398230088495575
0 0.6684365781710915 0.06047197640117994 0.10855457227138643 0.04070796460176991
0 0.851622418879056 0.10294985250737462 0.0359882005899705 0.0359882005899705
0 0.12035398230088495 0.23539823008849559 0.06725663716814159 0.06843657817109144
0 0.24778761061946902 0.1864306784660767 0.05663716814159292 0.04837758112094395
0 0.3433628318584071 0.17020648967551621 0.11327433628318584 0.06548672566371681
0 0.5277286135693215 0.2581120943952802 0.0831858407079646 0.06312684365781711
0 0.6896755162241888 0.22212389380530972 0.07787610619469026 0.05132743362831858
0 0.8613569321533923 0.22330383480825958 0.06371681415929203 0.07256637168141593
0 0.12330383480825959 0.32035398230088497 0.04837758112094395 0.06017699115044248
0 0.20589970501474925 0.2958702064896755 0.06725663716814159 0.12566371681415928
0 0.3646017699115044 0.37079646017699114 0.05663716814159292 0.10678466076696165
0 0.5474926253687316 0.335693215339233 0.06843657817109144 0.04247787610619469
0 0.6887905604719764 0.36519174041297936 0.04660766961651917 0.04601769911504425
1 0.8648967551622418 0.3793510324483776 0.03657817109144543 0.05781710914454277
0 0.12802359882005898 0.5327433628318584 0.08259587020648967 0.08495575221238938
0 0.21710914454277286 0.5483775811209439 0.06843657817109144 0.1056047197640118
0 0.3625368731563422 0.46519174041297934 0.05132743362831858 0.05132743362831858
0 0.5297935103244837 0.4678466076696165 0.05663716814159292 0.07079646017699115
0 0.6938053097345133 0.5138643067846608 0.03775811209439528 0.09085545722713864
0 0.8528023598820059 0.5120943952802359 0.05368731563421829 0.07551622418879056
0 0.4943952802359882 0.6017699115044248 0.058997050147492625 0.05663716814159292
0 0.6808259587020649 0.6209439528023599 0.054277286135693215 0.0607669616519174
0 0.8572271386430679 0.6342182890855457 0.054277286135693215 0.06017699115044248
0 0.10766961651917403 0.6525073746312684 0.05368731563421829 0.1486725663716814
0 0.1351032448377581 0.8026548672566372 0.08141592920353982 0.05014749262536873
0 0.22684365781710913 0.6834808259587021 0.047787610619469026 0.10324483775811209
0 0.20619469026548673 0.8324483775811209 0.07256637168141593 0.09557522123893805
0 0.3625368731563422 0.6973451327433628 0.06666666666666667 0.06489675516224189
0 0.3696165191740413 0.7837758112094395 0.038348082595870206 0.0831858407079646
0 0.5073746312684366 0.775811209439528 0.058997050147492625 0.05309734513274336
0 0.7044247787610619 0.8398230088495575 0.07787610619469026 0.06784660766961652
0 0.843952802359882 0.8168141592920354 0.05486725663716814 0.05604719764011799
