1 0.10324483775811209 0.11769911504424779 0.03775811209439528 0.033628318584070796
0 0.20678466076696164 0.15663716814159293 0.07374631268436578 0.11150442477876106
0 0.3528023598820059 0.10855457227138643 0.044837758112094395 0.04601769911504425
0 0.48023598820059 0.13539823008849558 0.13451327433628318 0.08672566371681416
0 0.6377581120943953 0.1398230088495575 0.11091445427728613 0.06607669616519174
0 0.7663716814159292 0.17315634218289086 0.06135693215339233 0.07846607669616519
0 0.12212389380530973 0.279646017699115 0.044837758112094395 0.08141592920353982
1 0.23392330383480825 0.2702064896755162 0.047787610619469026 0.03185840707964602
0 0.33716814159292036 0.26430678466076696 0.07610619469026549 0.03421828908554572
1 0.5023598820058996 0.28112094395280235 0.038348082595870206 0.032448377581120944
0 0.6551622418879056 0.25309734513274335 0.09616519174041298 0.07315634218289085
0 0.7699115044247787 0.24365781710914453 0.10619469026548672 0.054277286135693215
0 0.11002949852507374 0.46519174041297934 0.04896755162241888 0.03716814159292035
0 0.27256637168141595 0.41474926253687316 0.09321533923303835 0.07551622418879056
0 0.37492625368731564 0.4551622418879056 0.07492625368731563 0.1504424778761062
1 0.5032448377581121 0.3985250737463127 0.05191740412979351 0.04188790560471976
0 0.6740412979351033 0.4616519174041298 0.11504424778761062 0.05368731563421829
0 0.7814159292035399 0.4271386430678466 0.038348082595870206 0.04247787610619469
0 0.5359882005899705 0.5209439528023598 0.04660766961651917 0.04247787610619469
0 0.7820058997050148 0.5545722713864307 0.03480825958702065 0.05309734513274336
0 0.6628318584070796 0.5587020648967551 0.10442477876106195 0.12035398230088495
0 0.14985250737463127 0.5902654867256637 0.03421828908554572 0.047787610619469026
0 0.3268436578171091 0.616519174041298 0.07315634218289085 0.1463126843657817
0 0.4277286135693215 0.6050147492625368 0.12271386430678466 0.07728613569321534
0 0.5442477876106194 0.6669616519174041 0.07728613569321534 0.07728613569321534
0 0.687905604719764 0.6764011799410029 0.05073746312684366 0.04896755162241888
0 0.775811209439528 0.6696165191740413 0.12507374631268436 0.10147492625368731
1 0.16991150442477876 0.6899705014749262 0.04129793510324484 0.04542772861356932
0 0.1182890855457227 0.8109144542772861 0.0607669616519174 0.07374631268436578
0 0.27256637168141595 0.7286135693215339 0.03185840707964602 0.035398230088495575
1 0.27227138643067844 0.7716814159292036 0.02654867256637168 0.03893805309734513
0 0.43539823008849554 0.759882005899705 0.12861356932153392 0.1168141592920354
0 0.39144542772861357 0.848377581120944 0.12684365781710916 0.13451327433628318
0 0.5469026548672566 0.8392330383480826 0.07787610619469026 0.1303834808259587
0 0.6551622418879056 0.7820058997050148 0.04896755162241888 0.08200589970501475
0 0.7660766961651917 0.7811209439528024 0.17758112094395279 0.06253687315634218
