0 0.12389380530973451 0.05752212389380531 0.04837758112094395 0.10088495575221239
0 0.24277286135693216 0.033628318584070796 0.07964601769911504 0.054277286135693215
0 0.4109144542772861 0.045722713864306784 0.057227138643067846 0.06666666666666667
0 0.6690265486725664 0.047787610619469026 0.10619469026548672 0.040117994100294985
0 0.8513274336283185 0.08053097345132743 0.040117994100294985 0.033628318584070796
0 0.5348082595870206 0.11710914454277285 0.03008849557522124 0.032448377581120944
0 0.11445427728613569 0.23628318584070795 0.071976401179941 0.06784660766961652
0 0.24513274336283186 0.1870206489675516 0.057227138643067846 0.04365781710914454
0 0.33657817109144544 0.16519174041297935 0.09852507374631268 0.07551622418879056
0 0.5185840707964602 0.2581120943952802 0.07315634218289085 0.05368731563421829
0 0.6976401179941003 0.22182890855457227 0.06548672566371681 0.04837758112094395
0 0.8610619469026548 0.22831858407079647 0.057227138643067846 0.058997050147492625
0 0.1135693215339233 0.32123893805309733 0.05958702064896755 0.0584070796460177
0 0.20442477876106194 0.28023598820059 0.06902654867256637 0.10737463126843658
0 0.36430678466076694 0.37610619469026546 0.057227138643067846 0.10088495575221239
0 0.5480825958702065 0.3386430678466077 0.06725663716814159 0.03893805309734513
0 0.6896755162241888 0.34926253687315634 0.04365781710914454 0.06017699115044248
1 0.8666666666666667 0.37846607669616517 0.04247787610619469 0.05368731563421829
0 0.36047197640117995 0.4654867256637168 0.049557522123893805 0.05191740412979351
0 0.5292035398230088 0.47227138643067845 0.05309734513274336 0.06548672566371681
0 0.6914454277286135 0.5141592920353982 0.03185840707964602 0.08200589970501475
0 0.8412979351032448 0.5053097345132743 0.04129793510324484 0.05604719764011799
0 0.12920353982300886 0.5300884955752212 0.08259587020648967 0.0855457227138643
0 0.20029498525073747 0.5607669616519174 0.08672566371681416 0.09262536873156342
0 0.48761061946902656 0.6014749262536873 0.06548672566371681 0.05014749262536873
0 0.6808259587020649 0.6289085545722713 0.0471976401179941 0.0471976401179941
0 0.8492625368731563 0.6221238938053097 0.04188790560471976 0.04660766961651917
0 0.07581120943952802 0.6575221238938053 0.12566371681415928 0.15162241887905603
0 0.22389380530973452 0.679646017699115 0.043067846607669616 0.0943952802359882
0 0.3631268436578171 0.696165191740413 0.06902654867256637 0.06253687315634218
0 0.13097345132743363 0.8011799410029499 0.07315634218289085 0.04365781710914454
0 0.19882005899705013 0.8283185840707965 0.08849557522123894 0.07079646017699115
0 0.368141592920354 0.784070796460177 0.03775811209439528 0.08731563421828908
0 0.504424778761062 0.784070796460177 0.05663716814159292 0.04247787610619469
0 0.7014749262536873 0.8330383480825958 0.08141592920353982 0.05191740412979351
0 0.8442477876106195 0.8179941002949852 0.05309734513274336 0.057227138643067846
