0 0.12507374631268436 0.12861356932153392 0.06725663716814159 0.03893805309734513
0 0.27876106194690264 0.0976401179941003 0.032448377581120944 0.0359882005899705
0 0.35103244837758113 0.1625368731563422 0.03303834808259587 0.038348082595870206
0 0.5047197640117994 0.13303834808259588 0.033628318584070796 0.02654867256637168
0 0.7224188790560472 0.15781710914454278 0.032448377581120944 0.04188790560471976
0 0.8572271386430679 0.143952802359882 0.049557522123893805 0.03185840707964602
0 0.15457227138643068 0.23952802359882006 0.05309734513274336 0.04129793510324484
1 0.2669616519174041 0.26784660766961654 0.033628318584070796 0.03185840707964602
0 0.39764011799410026 0.32035398230088497 0.06725663716814159 0.05663716814159292
1 0.5230088495575221 0.25958702064896755 0.05486725663716814 0.03657817109144543
0 0.7070796460176991 0.2920353982300885 0.05486725663716814 0.04247787610619469
0 0.8 0.2737463126843658 0.07669616519174041 0.05191740412979351
0 0.16932153392330385 0.38259587020648966 0.06843657817109144 0.05604719764011799
0 0.29321533923303833 0.36755162241887906 0.06371681415929203 0.05191740412979351
0 0.4725663716814159 0.3740412979351032 0.035398230088495575 0.0743362831858407
0 0.5958702064896755 0.4073746312684366 0.08259587020648967 0.0831858407079646
0 0.7115044247787611 0.41386430678466074 0.04601769911504425 0.05014749262536873
0 0.856637168141593 0.43067846607669613 0.029498525073746312 0.027138643067846607
1 0.13569321533923304 0.49911504424778763 0.03185840707964602 0.04601769911504425
0 0.2943952802359882 0.5238938053097345 0.049557522123893805 0.04129793510324484
0 0.4079646017699115 0.5519174041297935 0.05132743362831858 0.0607669616519174
0 0.5628318584070796 0.5365781710914455 0.04837758112094395 0.04070796460176991
0 0.6814159292035398 0.5474926253687316 0.0471976401179941 0.04129793510324484
0 0.843952802359882 0.5817109144542773 0.05958702064896755 0.054277286135693215
0 0.15811209439528023 0.6554572271386431 0.04601769911504425 0.05191740412979351
0 0.22861356932153393 0.6849557522123894 0.043067846607669616 0.07787610619469026
0 0.43067846607669613 0.7047197640117994 0.04129793510324484 0.10206489675516224
0 0.5595870206489676 0.6952802359882005 0.03716814159292035 0.04896755162241888
1 0.6628318584070796 0.7351032448377581 0.052507374631268436 0.04365781710914454
1 0.7221238938053097 0.7244837758112095 0.05073746312684366 0.06725663716814159
0 0.18141592920353983 0.7908554572271387 0.04188790560471976 0.033628318584070796
0 0.376401179941003 0.759882005899705 0.05781710914454277 0.05545722713864307
0 0.3973451327433628 0.8410029498525073 0.04896755162241888 0.06784660766961652
1 0.5808259587020649 0.8958702064896755 0.038348082595870206 0.04424778761061947
0 0.7415929203539823 0.8129793510324483 0.06371681415929203 0.04837758112094395
0 0.859882005899705 0.8589970501474926 0.06784660766961652 0.03775811209439528
