0 0.1374631268436578 0.14424778761061946 0.10383480825958702 0.10678466076696165
0 0.3106194690265487 0.13333333333333333 0.1327433628318584 0.14749262536873156
0 0.5106194690265486 0.10324483775811209 0.07256637168141593 0.15575221238938053
0 0.6725663716814159 0.11799410029498525 0.05663716814159292 0.2135693215339233
0 0.8713864306784661 0.09616519174041298 0.1368731563421829 0.0967551622418879
0 0.15162241887905603 0.31563421828908556 0.08967551622418879 0.04365781710914454
0 0.3070796460176991 0.28023598820059 0.032448377581120944 0.03775811209439528
0 0.524188790560472 0.28053097345132744 0.1528023598820059 0.05958702064896755
0 0.6188790560471976 0.24808259587020648 0.058997050147492625 0.09498525073746313
0 0.7852507374631268 0.23805309734513275 0.1935103244837758 0.09380530973451327
1 0.15368731563421828 0.40117994100294985 0.012389380530973451 0.035398230088495575
0 0.3247787610619469 0.41622418879056045 0.17758112094395279 0.09498525073746313
0 0.41002949852507375 0.4648967551622419 0.049557522123893805 0.11799410029498525
0 0.4761061946902655 0.4194690265486726 0.05545722713864307 0.03775811209439528
0 0.6044247787610619 0.3979351032448378 0.0855457227138643 0.1882005899705015
0 0.7678466076696165 0.40176991150442476 0.06902654867256637 0.035398230088495575
0 0.11179941002949853 0.5011799410029498 0.11150442477876106 0.08200589970501475
0 0.25250737463126843 0.5654867256637168 0.029498525073746312 0.038348082595870206
0 0.41563421828908553 0.5436578171091445 0.0855457227138643 0.13156342182890857
1 0.5132743362831859 0.5203539823008849 0.044837758112094395 0.021238938053097345
0 0.6737463126843658 0.5761061946902655 0.03421828908554572 0.05132743362831858
0 0.775811209439528 0.5542772861356932 0.07669616519174041 0.03716814159292035
0 0.10294985250737462 0.6551622418879056 0.10442477876106195 0.1882005899705015
1 0.24896755162241888 0.6781710914454278 0.022418879056047197 0.02536873156342183
0 0.384070796460177 0.656047197640118 0.04247787610619469 0.11799410029498525
0 0.5008849557522124 0.6389380530973451 0.18761061946902655 0.05781710914454277
0 0.6286135693215339 0.6884955752212389 0.09734513274336283 0.17227138643067846
0 0.1 0.7828908554572271 0.09734513274336283 0.1687315634218289
0 0.2088495575221239 0.7867256637168142 0.10501474926253687 0.12212389380530973
1 0.3292035398230089 0.8073746312684366 0.027138643067846607 0.02536873156342183
0 0.46135693215339235 0.8085545722713864 0.024778761061946902 0.07610619469026549
0 0.6008849557522123 0.815929203539823 0.15162241887905603 0.09911504424778761
0 0.7348082595870207 0.7457227138643068 0.07846607669616519 0.16047197640117994
0 0.7463126843657817 0.7002949852507374 0.03775811209439528 0.03893805309734513
