0 0.13775811209439529 0.14277286135693215 0.10324483775811209 0.10737463126843658
0 0.3106194690265487 0.13392330383480827 0.13156342182890857 0.1463126843657817
0 0.5117994100294985 0.10412979351032448 0.07492625368731563 0.15398230088495574
0 0.6737463126843658 0.11769911504424779 0.05781710914454277 0.21179941002949854
0 0.8707964601769911 0.09616519174041298 0.13569321533923304 0.0943952802359882
0 0.7849557522123893 0.23716814159292035 0.1929203539823009 0.09557522123893805
0 0.6194690265486725 0.24896755162241888 0.06017699115044248 0.09321533923303835
0 0.5230088495575221 0.28053097345132744 0.15752212389380532 0.052507374631268436
0 0.3058997050147493 0.27935103244837756 0.03126843657817109 0.038348082595870206
0 0.15103244837758112 0.3144542772861357 0.0920353982300885 0.044837758112094395
1 0.15427728613569322 0.40176991150442476 0.013569321533923304 0.035398230088495575
0 0.32418879056047195 0.415929203539823 0.17876106194690267 0.09557522123893805
0 0.4097345132743363 0.4654867256637168 0.05132743362831858 0.1191740412979351
0 0.47404129793510325 0.4194690265486726 0.052507374631268436 0.035398230088495575
0 0.6058997050147492 0.3979351032448378 0.08613569321533923 0.1893805309734513
0 0.7687315634218289 0.40058997050147493 0.07551622418879056 0.03657817109144543
0 0.11179941002949853 0.503834808259587 0.11150442477876106 0.08141592920353982
1 0.25309734513274335 0.5646017699115045 0.030678466076696165 0.03893805309734513
0 0.4153392330383481 0.5427728613569321 0.08613569321533923 0.13451327433628318
1 0.5132743362831859 0.5176991150442478 0.044837758112094395 0.024188790560471976
0 0.6740412979351033 0.5766961651917404 0.033628318584070796 0.05368731563421829
0 0.7740412979351032 0.5536873156342182 0.07669616519174041 0.033628318584070796
0 0.10353982300884956 0.6554572271386431 0.10442477876106195 0.184070796460177
0 0.10029498525073746 0.7843657817109144 0.0967551622418879 0.16696165191740414
1 0.24778761061946902 0.6769911504424778 0.024778761061946902 0.02654867256637168
1 0.328023598820059 0.8061946902654867 0.027138643067846607 0.024188790560471976
0 0.20943952802359883 0.7852507374631268 0.10619469026548672 0.1215339233038348
0 0.38495575221238937 0.6542772861356932 0.04188790560471976 0.11327433628318584
0 0.5026548672566371 0.6383480825958702 0.1911504424778761 0.05781710914454277
0 0.4607669616519174 0.8082595870206489 0.02359882005899705 0.07669616519174041
0 0.5997050147492625 0.8174041297935103 0.1528023598820059 0.09498525073746313
0 0.6283185840707964 0.6843657817109144 0.0967551622418879 0.17227138643067846
0 0.7345132743362832 0.743952802359882 0.07787610619469026 0.16047197640117994
0 0.747787610619469 0.699410029498525 0.04188790560471976 0.03952802359882006
