0 0.11799410029498525 0.06017699115044248 0.05191740412979351 0.10029498525073746
0 0.25958702064896755 0.05575221238938053 0.05663716814159292 0.0584070796460177
0 0.403834808259587 0.07581120943952802 0.04424778761061947 0.06430678466076696
1 0.536283185840708 0.12094395280235988 0.030678466076696165 0.035398230088495575
0 0.6761061946902654 0.06253687315634218 0.11563421828908554 0.04601769911504425
1 0.8533923303834808 0.09144542772861357 0.03716814159292035 0.02359882005899705
0 0.1224188790560472 0.2374631268436578 0.0584070796460177 0.07964601769911504
0 0.24601769911504423 0.17964601769911503 0.054277286135693215 0.0584070796460177
0 0.3734513274336283 0.18171091445427728 0.12507374631268436 0.04247787610619469
0 0.5309734513274336 0.25722713864306784 0.05309734513274336 0.05309734513274336
0 0.7073746312684366 0.22743362831858407 0.04247787610619469 0.052507374631268436
0 0.8589970501474926 0.22831858407079647 0.05781710914454277 0.0471976401179941
0 0.12625368731563422 0.3123893805309734 0.040117994100294985 0.07728613569321534
0 0.22389380530973452 0.3088495575221239 0.04188790560471976 0.12802359882005898
0 0.36696165191740415 0.36430678466076694 0.05309734513274336 0.09734513274336283
0 0.5469026548672566 0.32536873156342183 0.06725663716814159 0.0607669616519174
0 0.6884955752212389 0.3734513274336283 0.04837758112094395 0.058997050147492625
0 0.8660766961651918 0.38200589970501475 0.03893805309734513 0.05604719764011799
0 0.8477876106194691 0.5129793510324484 0.035398230088495575 0.08436578171091445
0 0.6932153392330384 0.5156342182890855 0.03657817109144543 0.08613569321533923
0 0.5277286135693215 0.46814159292035395 0.05486725663716814 0.07020648967551622
0 0.35929203539823007 0.46578171091445425 0.05309734513274336 0.04896755162241888
0 0.22507374631268437 0.5525073746312684 0.05486725663716814 0.1056047197640118
0 0.1351032448377581 0.5359882005899705 0.06607669616519174 0.07256637168141593
0 0.12595870206489676 0.68023598820059 0.04070796460176991 0.15811209439528023
0 0.21179941002949854 0.6902654867256637 0.05781710914454277 0.10619469026548672
0 0.3696165191740413 0.6784660766961652 0.04660766961651917 0.09085545722713864
0 0.5135693215339233 0.603834808259587 0.04424778761061947 0.057227138643067846
0 0.6820058997050147 0.6238938053097345 0.04365781710914454 0.05604719764011799
0 0.8501474926253687 0.6327433628318584 0.035398230088495575 0.04896755162241888
0 0.1398230088495575 0.8050147492625369 0.0920353982300885 0.03952802359882006
0 0.22772861356932153 0.8292035398230089 0.03421828908554572 0.10442477876106195
0 0.3678466076696165 0.784070796460177 0.03716814159292035 0.08141592920353982
0 0.5053097345132743 0.7705014749262536 0.06312684365781711 0.06253687315634218
0 0.7041297935103245 0.8415929203539823 0.08200589970501475 0.07256637168141593
0 0.840117994100295 0.8156342182890856 0.054277286135693215 0.05132743362831858
