0 0.7132743362831858 0.10973451327433628 0.10147492625368731 0.13569321533923304
0 0.5327433628318584 0.15427728613569322 0.13569321533923304 0.0584070796460177
0 0.6684365781710915 0.1808259587020649 0.1640117994100295 0.061946902654867256
0 0.7053097345132743 0.24808259587020648 0.1870206489675516 0.10324483775811209
0 0.32654867256637166 0.17256637168141592 0.08200589970501475 0.11150442477876106
0 0.18584070796460178 0.20265486725663717 0.12979351032448377 0.07492625368731563
0 0.20442477876106194 0.2696165191740413 0.057227138643067846 0.12271386430678466
0 0.15781710914454278 0.34513274336283184 0.07138643067846608 0.06489675516224189
0 0.3023598820058997 0.29705014749262537 0.10324483775811209 0.18584070796460178
0 0.5203539823008849 0.28053097345132744 0.14749262536873156 0.05958702064896755
0 0.6171091445427729 0.31504424778761064 0.08613569321533923 0.09085545722713864
0 0.40589970501474926 0.39469026548672564 0.07551622418879056 0.11209439528023599
0 0.7342182890855458 0.3530973451327434 0.0831858407079646 0.04070796460176991
1 0.07876106194690266 0.49144542772861355 0.027728613569321534 0.022418879056047197
0 0.5657817109144543 0.42625368731563423 0.20766961651917404 0.04896755162241888
0 0.4790560471976401 0.43628318584070797 0.04837758112094395 0.024188790560471976
0 0.1710914454277286 0.5356932153392331 0.08967551622418879 0.10501474926253687
0 0.26755162241887903 0.5501474926253688 0.1056047197640118 0.18112094395280237
0 0.33362831858407077 0.43952802359882004 0.09734513274336283 0.11563421828908554
0 0.696165191740413 0.5064896755162241 0.04601769911504425 0.07256637168141593
0 0.6407079646017699 0.5380530973451327 0.025958702064896755 0.06371681415929203
0 0.5315634218289086 0.5905604719764012 0.15457227138643068 0.10147492625368731
0 0.7312684365781711 0.6519174041297935 0.08908554572271386 0.1168141592920354
0 0.5935103244837758 0.6345132743362831 0.17463126843657817 0.06902654867256637
0 0.38436578171091446 0.6628318584070796 0.05132743362831858 0.12920353982300886
0 0.2607669616519174 0.6914454277286135 0.07669616519174041 0.10147492625368731
0 0.1421828908554572 0.6380530973451327 0.15339233038348082 0.15398230088495574
0 0.0920353982300885 0.7820058997050148 0.07315634218289085 0.17286135693215338
0 0.2849557522123894 0.8315634218289085 0.07551622418879056 0.09734513274336283
1 0.3262536873156342 0.8032448377581121 0.024778761061946902 0.02536873156342183
0 0.46106194690265484 0.8073746312684366 0.03126843657817109 0.07492625368731563
0 0.5781710914454277 0.7469026548672566 0.1592920353982301 0.14985250737463127
0 0.6778761061946903 0.7870206489675516 0.08849557522123894 0.1616519174041298
0 0.4666666666666667 0.503834808259587 0.16755162241887905 0.05781710914454277
