0 0.27256637168141595 0.25132743362831855 0.06489675516224189 0.17227138643067846
0 0.4277286135693215 0.20766961651917404 0.09911504424778761 0.12625368731563422
0 0.5377581120943953 0.1935103244837758 0.027728613569321534 0.0743362831858407
1 0.6728613569321534 0.19469026548672566 0.027728613569321534 0.027138643067846607
0 0.7935103244837758 0.18112094395280237 0.0696165191740413 0.12743362831858407
0 0.8964601769911504 0.22123893805309736 0.08436578171091445 0.17463126843657817
0 0.36843657817109143 0.31209439528023597 0.09144542772861357 0.1687315634218289
0 0.25722713864306784 0.3017699115044248 0.04365781710914454 0.033628318584070796
0 0.4893805309734513 0.3625368731563422 0.16932153392330385 0.05368731563421829
0 0.6194690265486725 0.33775811209439527 0.044837758112094395 0.11976401179941003
1 0.7530973451327434 0.3230088495575221 0.02654867256637168 0.027728613569321534
0 0.8941002949852507 0.3454277286135693 0.0831858407079646 0.17758112094395279
0 0.23097345132743363 0.4469026548672566 0.09144542772861357 0.04070796460176991
1 0.32772861356932154 0.4424778761061947 0.033628318584070796 0.01887905604719764
1 0.4882005899705015 0.48289085545722715 0.04070796460176991 0.023008849557522124
0 0.7469026548672566 0.44011799410029495 0.03303834808259587 0.03185840707964602
0 0.8790560471976401 0.4935103244837758 0.10973451327433628 0.0831858407079646
0 0.5867256637168141 0.459882005899705 0.05958702064896755 0.11386430678466077
0 0.23067846607669618 0.5902654867256637 0.06725663716814159 0.04070796460176991
0 0.3952802359882006 0.6032448377581121 0.09085545722713864 0.19174041297935102
0 0.5283185840707965 0.58023598820059 0.04660766961651917 0.03008849557522124
0 0.6725663716814159 0.5855457227138643 0.18525073746312684 0.08672566371681416
1 0.8442477876106195 0.6 0.016519174041297935 0.03775811209439528
0 0.2271386430678466 0.7557522123893805 0.16755162241887905 0.09321533923303835
0 0.3407079646017699 0.8643067846607669 0.05486725663716814 0.1687315634218289
0 0.13569321533923304 0.9203539823008849 0.12743362831858407 0.10383480825958702
0 0.3831858407079646 0.7504424778761062 0.061946902654867256 0.09085545722713864
0 0.47345132743362833 0.7141592920353982 0.15870206489675515 0.04070796460176991
0 0.6914454277286135 0.7174041297935103 0.03185840707964602 0.03893805309734513
0 0.49262536873156343 0.8817109144542773 0.08023598820058997 0.1410029498525074
0 0.7112094395280236 0.8769911504424779 0.1056047197640118 0.0607669616519174
0 0.8784660766961652 0.8569321533923304 0.06725663716814159 0.10442477876106195
0 0.8504424778761062 0.6828908554572272 0.08908554572271386 0.043067846607669616
0 0.5893805309734513 0.5312684365781711 0.049557522123893805 0.12566371681415928
