0 0.1368731563421829 0.14365781710914455 0.10147492625368731 0.10678466076696165
0 0.3117994100294985 0.13156342182890857 0.12920353982300886 0.14513274336283186
0 0.5123893805309735 0.11120943952802359 0.07374631268436578 0.1528023598820059
0 0.6634218289085546 0.12389380530973451 0.07492625368731563 0.21002949852507374
0 0.8781710914454277 0.08790560471976401 0.15162241887905603 0.09793510324483776
0 0.1504424778761062 0.3153392330383481 0.0920353982300885 0.047787610619469026
0 0.3058997050147493 0.27935103244837756 0.032448377581120944 0.043067846607669616
0 0.5244837758112094 0.2825958702064897 0.15575221238938053 0.049557522123893805
0 0.6200589970501474 0.24985250737463127 0.06253687315634218 0.09498525073746313
0 0.7858407079646017 0.24896755162241888 0.19941002949852507 0.08259587020648967
1 0.15427728613569322 0.40235988200589967 0.01592920353982301 0.03657817109144543
0 0.3268436578171091 0.41622418879056045 0.1887905604719764 0.08790560471976401
0 0.47404129793510325 0.41858407079646015 0.052507374631268436 0.03716814159292035
0 0.6044247787610619 0.396165191740413 0.08790560471976401 0.1929203539823009
0 0.7654867256637168 0.40648967551622417 0.07374631268436578 0.04365781710914454
0 0.11002949852507374 0.5035398230088496 0.11740412979351032 0.08200589970501475
1 0.24808259587020648 0.5601769911504425 0.02654867256637168 0.028908554572271386
0 0.4168141592920354 0.5442477876106194 0.09026548672566372 0.1351032448377581
1 0.5141592920353982 0.5182890855457227 0.04542772861356932 0.02182890855457227
1 0.6737463126843658 0.5619469026548672 0.03421828908554572 0.02654867256637168
0 0.7734513274336283 0.5528023598820059 0.08259587020648967 0.035398230088495575
0 0.1056047197640118 0.6799410029498525 0.09911504424778761 0.24129793510324482
0 0.09911504424778761 0.7787610619469026 0.09911504424778761 0.17227138643067846
1 0.24837758112094394 0.6775811209439528 0.027138643067846607 0.027728613569321534
0 0.20235988200589972 0.7973451327433628 0.08377581120943953 0.1480825958702065
1 0.32890855457227136 0.8073746312684366 0.027728613569321534 0.02536873156342183
0 0.46017699115044247 0.8082595870206489 0.027138643067846607 0.08259587020648967
0 0.5731563421828908 0.800589970501475 0.10324483775811209 0.12035398230088495
0 0.6303834808259587 0.6893805309734513 0.09970501474926254 0.17168141592920355
0 0.5029498525073747 0.6374631268436578 0.1870206489675516 0.05604719764011799
0 0.38141592920353984 0.6584070796460177 0.04660766961651917 0.12861356932153392
0 0.7448377581120944 0.6991150442477876 0.04070796460176991 0.03775811209439528
0 0.7513274336283186 0.744542772861357 0.06666666666666667 0.16283185840707964
0 0.40943952802359884 0.46519174041297934 0.05073746312684366 0.11858407079646018
