0 0.1200589970501475 0.05663716814159292 0.05486725663716814 0.10501474926253687
0 0.25545722713864305 0.057227138643067846 0.06253687315634218 0.03657817109144543
0 0.4088495575221239 0.06548672566371681 0.05545722713864307 0.06135693215339233
0 0.536283185840708 0.11887905604719765 0.027138643067846607 0.03480825958702065
0 0.6731563421828909 0.05958702064896755 0.11799410029498525 0.05545722713864307
0 0.8533923303834808 0.10471976401179942 0.038348082595870206 0.038348082595870206
0 0.8595870206489675 0.22212389380530972 0.06017699115044248 0.06666666666666667
0 0.6967551622418879 0.22212389380530972 0.06725663716814159 0.05014749262536873
0 0.5286135693215339 0.26135693215339234 0.07551622418879056 0.05663716814159292
0 0.3525073746312684 0.1823008849557522 0.12448377581120944 0.04247787610619469
0 0.24808259587020648 0.184070796460177 0.05604719764011799 0.05309734513274336
0 0.12212389380530973 0.2377581120943953 0.06253687315634218 0.07551622418879056
0 0.12595870206489676 0.31976401179941005 0.043067846607669616 0.06135693215339233
0 0.20943952802359883 0.3079646017699115 0.044837758112094395 0.12035398230088495
0 0.3601769911504425 0.3728613569321534 0.061946902654867256 0.10737463126843658
0 0.5469026548672566 0.32890855457227136 0.0696165191740413 0.05368731563421829
0 0.6882005899705015 0.36755162241887906 0.047787610619469026 0.049557522123893805
0 0.8646017699115044 0.38259587020648966 0.03952802359882006 0.057227138643067846
0 0.13421828908554573 0.531858407079646 0.07138643067846608 0.07846607669616519
0 0.22330383480825958 0.5507374631268437 0.061946902654867256 0.10914454277286136
0 0.3601769911504425 0.4654867256637168 0.05132743362831858 0.05073746312684366
0 0.5294985250737463 0.4696165191740413 0.05368731563421829 0.0696165191740413
0 0.6929203539823009 0.5147492625368731 0.03480825958702065 0.09144542772861357
0 0.8469026548672566 0.5117994100294985 0.03716814159292035 0.07610619469026549
0 0.8501474926253687 0.6327433628318584 0.03893805309734513 0.0607669616519174
0 0.6790560471976401 0.6253687315634218 0.05073746312684366 0.05309734513274336
0 0.4988200589970501 0.6014749262536873 0.04660766961651917 0.05604719764011799
0 0.3625368731563422 0.695575221238938 0.06784660766961652 0.06135693215339233
0 0.21740412979351031 0.6920353982300885 0.052507374631268436 0.10383480825958702
0 0.11268436578171091 0.6575221238938053 0.04837758112094395 0.1528023598820059
0 0.13864306784660768 0.8044247787610619 0.08377581120943953 0.05132743362831858
0 0.21327433628318584 0.8262536873156342 0.05958702064896755 0.12094395280235988
0 0.3687315634218289 0.7843657817109144 0.03893805309734513 0.08436578171091445
0 0.5050147492625369 0.7707964601769911 0.06017699115044248 0.06312684365781711
0 0.7032448377581121 0.8386430678466077 0.08023598820058997 0.06548672566371681
0 0.8454277286135693 0.8168141592920354 0.05545722713864307 0.05604719764011799
