1 0.06047197640117994 0.14837758112094396 0.027728613569321534 0.01710914454277286
1 0.184070796460177 0.184070796460177 0.029498525073746312 0.03185840707964602
0 0.3663716814159292 0.15988200589970503 0.025958702064896755 0.03893805309734513
0 0.5215339233038347 0.14188790560471976 0.030678466076696165 0.024188790560471976
1 0.6973451327433628 0.11887905604719765 0.029498525073746312 0.02536873156342183
1 0.8584070796460177 0.09321533923303835 0.03657817109144543 0.03185840707964602
0 0.06430678466076696 0.31032448377581123 0.021238938053097345 0.02359882005899705
0 0.22418879056047197 0.3327433628318584 0.029498525073746312 0.03657817109144543
1 0.3740412979351032 0.34424778761061947 0.03421828908554572 0.028908554572271386
1 0.543952802359882 0.28938053097345134 0.03657817109144543 0.027728613569321534
0 0.6637168141592921 0.30855457227138644 0.021238938053097345 0.044837758112094395
1 0.8734513274336283 0.31032448377581123 0.038348082595870206 0.025958702064896755
1 0.06253687315634218 0.4592920353982301 0.024778761061946902 0.023008849557522124
1 0.22979351032448378 0.43539823008849554 0.02536873156342183 0.040117994100294985
0 0.36902654867256635 0.4625368731563422 0.02064896755162242 0.04247787610619469
1 0.5495575221238937 0.443952802359882 0.03008849557522124 0.02064896755162242
1 0.7097345132743362 0.43805309734513276 0.025958702064896755 0.02064896755162242
0 0.8625368731563422 0.4672566371681416 0.025958702064896755 0.03303834808259587
0 0.05693215339233038 0.5973451327433629 0.028908554572271386 0.03126843657817109
1 0.24837758112094394 0.5911504424778761 0.027138643067846607 0.022418879056047197
1 0.39321533923303836 0.5831858407079646 0.03008849557522124 0.019469026548672566
1 0.5498525073746312 0.5805309734513274 0.029498525073746312 0.01887905604719764
1 0.708259587020649 0.5985250737463127 0.03008849557522124 0.038348082595870206
0 0.8578171091445428 0.5613569321533923 0.030678466076696165 0.03480825958702065
1 0.07669616519174041 0.708259587020649 0.03421828908554572 0.02536873156342183
1 0.2581120943952802 0.6997050147492625 0.03126843657817109 0.021238938053097345
1 0.3979351032448378 0.7418879056047197 0.03126843657817109 0.02654867256637168
1 0.7061946902654868 0.7032448377581121 0.02831858407079646 0.020058997050147492
1 0.8657817109144542 0.7070796460176991 0.02182890855457227 0.03008849557522124
0 0.5563421828908555 0.6648967551622419 0.03421828908554572 0.03775811209439528
1 0.06784660766961652 0.8345132743362832 0.030678466076696165 0.0359882005899705
0 0.2610619469026549 0.8221238938053097 0.03480825958702065 0.032448377581120944
1 0.41238938053097346 0.8112094395280236 0.030678466076696165 0.027138643067846607
0 0.5474926253687316 0.871976401179941 0.03421828908554572 0.03657817109144543
0 0.695575221238938 0.8631268436578171 0.022418879056047197 0.040117994100294985
0 0.8849557522123894 0.8784660766961652 0.01887905604719764 0.03421828908554572
