1 0.10029498525073746 0.14985250737463127 0.025958702064896755 0.02359882005899705
1 0.22212389380530972 0.14896755162241887 0.028908554572271386 0.01592920353982301
1 0.36519174041297936 0.14601769911504425 0.02359882005899705 0.023008849557522124
1 0.5256637168141592 0.13480825958702064 0.035398230088495575 0.02654867256637168
1 0.6811209439528023 0.1336283185840708 0.033628318584070796 0.023008849557522124
0 0.8371681415929203 0.12625368731563422 0.03185840707964602 0.02831858407079646
1 0.09852507374631268 0.33657817109144544 0.02831858407079646 0.018289085545722714
1 0.21651917404129795 0.3303834808259587 0.02831858407079646 0.015339233038348082
1 0.37315634218289084 0.3268436578171091 0.03008849557522124 0.022418879056047197
1 0.5171091445427729 0.3507374631268437 0.033628318584070796 0.01592920353982301
1 0.679646017699115 0.3466076696165192 0.03421828908554572 0.02654867256637168
1 0.8421828908554572 0.3607669616519174 0.0359882005899705 0.019469026548672566
1 0.08820058997050148 0.47286135693215336 0.03008849557522124 0.02654867256637168
1 0.23569321533923304 0.47345132743362833 0.02536873156342183 0.018289085545722714
1 0.3811209439528024 0.5002949852507375 0.030678466076696165 0.02359882005899705
1 0.5377581120943953 0.5221238938053098 0.03008849557522124 0.016519174041297935
1 0.687905604719764 0.5129793510324484 0.029498525073746312 0.018289085545722714
1 0.8407079646017699 0.5203539823008849 0.030678466076696165 0.022418879056047197
1 0.09616519174041298 0.6182890855457227 0.02831858407079646 0.015339233038348082
1 0.2430678466076696 0.6188790560471976 0.025958702064896755 0.016519174041297935
1 0.3852507374631268 0.6377581120943953 0.035398230088495575 0.020058997050147492
1 0.5292035398230088 0.6265486725663717 0.03185840707964602 0.01887905604719764
1 0.687905604719764 0.6294985250737463 0.03303834808259587 0.020058997050147492
1 0.8474926253687316 0.6327433628318584 0.0359882005899705 0.018289085545722714
1 0.10324483775811209 0.764306784660767 0.025958702064896755 0.018289085545722714
1 0.24542772861356932 0.768141592920354 0.029498525073746312 0.020058997050147492
1 0.39646017699115044 0.7651917404129793 0.03421828908554572 0.020058997050147492
1 0.5519174041297935 0.7737463126843658 0.03480825958702065 0.01710914454277286
1 0.7020648967551623 0.7778761061946903 0.03421828908554572 0.02536873156342183
1 0.8507374631268436 0.7805309734513274 0.029498525073746312 0.02831858407079646
1 0.10501474926253687 0.9050147492625369 0.03185840707964602 0.020058997050147492
1 0.26489675516224187 0.9029498525073746 0.035398230088495575 0.027728613569321534
0 0.40589970501474926 0.9132743362831859 0.02831858407079646 0.025958702064896755
1 0.5634218289085545 0.9135693215339233 0.029498525073746312 0.02536873156342183
1 0.7097345132743362 0.9053097345132743 0.029498525073746312 0.023008849557522124
1 0.8705014749262536 0.8873156342182891 0.03008849557522124 0.024778761061946902
