1 0.10412979351032448 0.11887905604719765 0.033628318584070796 0.03126843657817109
0 0.20707964601769913 0.15958702064896754 0.071976401179941 0.1079646017699115
0 0.35221238938053095 0.10530973451327433 0.040117994100294985 0.03716814159292035
0 0.48112094395280236 0.1351032448377581 0.13392330383480827 0.08613569321533923
0 0.6374631268436578 0.1383480825958702 0.11150442477876106 0.06312684365781711
0 0.763716814159292 0.17345132743362832 0.0607669616519174 0.07905604719764012
0 0.12212389380530973 0.27935103244837756 0.04247787610619469 0.07964601769911504
1 0.2342182890855457 0.2713864306784661 0.049557522123893805 0.030678466076696165
0 0.33362831858407077 0.26312684365781713 0.07492625368731563 0.03657817109144543
1 0.49616519174041296 0.2820058997050148 0.044837758112094395 0.03303834808259587
0 0.6554572271386431 0.25722713864306784 0.0920353982300885 0.06843657817109144
0 0.768141592920354 0.24365781710914453 0.10973451327433628 0.05545722713864307
0 0.10973451327433628 0.4648967551622419 0.04365781710914454 0.03421828908554572
0 0.27315634218289087 0.41474926253687316 0.09321533923303835 0.07315634218289085
0 0.3734513274336283 0.4569321533923304 0.07669616519174041 0.1528023598820059
1 0.5050147492625369 0.3973451327433628 0.05073746312684366 0.03952802359882006
0 0.668141592920354 0.4616519174041298 0.11622418879056047 0.052507374631268436
0 0.7823008849557522 0.42802359882005897 0.03775811209439528 0.043067846607669616
0 0.15014749262536872 0.5849557522123894 0.0359882005899705 0.04542772861356932
0 0.3256637168141593 0.616519174041298 0.071976401179941 0.14749262536873156
0 0.40914454277286133 0.6011799410029498 0.07964601769911504 0.071976401179941
0 0.5353982300884955 0.5200589970501475 0.04542772861356932 0.03952802359882006
0 0.6634218289085546 0.5545722713864307 0.10678466076696165 0.11091445427728613
0 0.7811209439528024 0.5548672566371682 0.03185840707964602 0.05368731563421829
1 0.1696165191740413 0.6917404129793511 0.04070796460176991 0.043067846607669616
1 0.2734513274336283 0.7289085545722713 0.03126843657817109 0.03480825958702065
0 0.11887905604719765 0.8053097345132744 0.061946902654867256 0.06607669616519174
1 0.2713864306784661 0.771386430678466 0.02831858407079646 0.03952802359882006
0 0.4359882005899705 0.7584070796460177 0.1215339233038348 0.11386430678466077
0 0.391740412979351 0.8471976401179941 0.12389380530973451 0.13333333333333333
0 0.5460176991150443 0.840117994100295 0.07964601769911504 0.13097345132743363
0 0.6539823008849558 0.7811209439528024 0.05014749262536873 0.08141592920353982
0 0.7651917404129793 0.7811209439528024 0.17699115044247787 0.06017699115044248
0 0.7764011799410029 0.6705014749262537 0.12507374631268436 0.09734513274336283
0 0.687905604719764 0.6761061946902654 0.05073746312684366 0.05191740412979351
0 0.5418879056047198 0.6678466076696166 0.07610619469026549 0.07787610619469026
