0 0.09587020648967551 0.07079646017699115 0.04424778761061947 0.05663716814159292
0 0.2610619469026549 0.07168141592920355 0.05368731563421829 0.07256637168141593
0 0.3997050147492625 0.08200589970501475 0.04070796460176991 0.06843657817109144
1 0.5339233038348082 0.13156342182890857 0.030678466076696165 0.035398230088495575
0 0.6949852507374631 0.07079646017699115 0.03893805309734513 0.06017699115044248
1 0.8504424778761062 0.09321533923303835 0.0359882005899705 0.03421828908554572
0 0.1200589970501475 0.24424778761061947 0.05604719764011799 0.05781710914454277
0 0.24660766961651917 0.20678466076696164 0.05309734513274336 0.05368731563421829
0 0.3943952802359882 0.20058997050147492 0.09498525073746313 0.07905604719764012
0 0.5315634218289086 0.2696165191740413 0.035398230088495575 0.05663716814159292
1 0.7058997050147493 0.2377581120943953 0.043067846607669616 0.054277286135693215
0 0.855457227138643 0.25162241887905606 0.05309734513274336 0.04896755162241888
0 0.13303834808259588 0.33893805309734515 0.04424778761061947 0.07728613569321534
0 0.2294985250737463 0.3398230088495575 0.04247787610619469 0.09321533923303835
0 0.3693215339233038 0.34601769911504426 0.04837758112094395 0.05486725663716814
0 0.5454277286135694 0.33893805309734515 0.06548672566371681 0.05486725663716814
0 0.6887905604719764 0.3811209439528024 0.052507374631268436 0.058997050147492625
1 0.8651917404129793 0.3858407079646018 0.0359882005899705 0.030678466076696165
0 0.140117994100295 0.5418879056047198 0.05486725663716814 0.05958702064896755
0 0.2294985250737463 0.5533923303834808 0.05191740412979351 0.07905604719764012
0 0.3607669616519174 0.4784660766961652 0.04188790560471976 0.044837758112094395
0 0.536283185840708 0.48112094395280236 0.05663716814159292 0.0607669616519174
0 0.6973451327433628 0.5203539823008849 0.04601769911504425 0.06725663716814159
0 0.8498525073746312 0.5224188790560472 0.038348082595870206 0.07256637168141593
0 0.11415929203539824 0.6932153392330384 0.05486725663716814 0.0943952802359882
0 0.22566371681415928 0.6941002949852507 0.04070796460176991 0.0855457227138643
0 0.368141592920354 0.6817109144542772 0.03421828908554572 0.06548672566371681
0 0.515929203539823 0.623598820058997 0.04070796460176991 0.06607669616519174
0 0.687905604719764 0.6315634218289086 0.04601769911504425 0.05958702064896755
1 0.8536873156342183 0.6581120943952802 0.040117994100294985 0.019469026548672566
0 0.13097345132743363 0.8230088495575221 0.08613569321533923 0.03775811209439528
0 0.2327433628318584 0.8353982300884956 0.03480825958702065 0.09085545722713864
0 0.37168141592920356 0.7991150442477876 0.040117994100294985 0.0584070796460177
0 0.5050147492625369 0.7867256637168142 0.06135693215339233 0.05368731563421829
0 0.6914454277286135 0.823598820058997 0.03893805309734513 0.06725663716814159
0 0.8536873156342183 0.8351032448377581 0.054277286135693215 0.05604719764011799
