1 0.06430678466076696 0.14365781710914455 0.02831858407079646 0.01710914454277286
1 0.2415929203539823 0.13805309734513274 0.027728613569321534 0.01887905604719764
1 0.37728613569321534 0.14188790560471976 0.03126843657817109 0.018289085545722714
1 0.5510324483775811 0.12271386430678466 0.029498525073746312 0.020058997050147492
1 0.7026548672566372 0.11622418879056047 0.025958702064896755 0.02359882005899705
1 0.071976401179941 0.3 0.030678466076696165 0.01592920353982301
1 0.24424778761061947 0.3005899705014749 0.02831858407079646 0.019469026548672566
1 0.3858407079646018 0.30324483775811206 0.03303834808259587 0.01887905604719764
1 0.5469026548672566 0.30029498525073745 0.035398230088495575 0.020058997050147492
1 0.6991150442477876 0.2843657817109144 0.03303834808259587 0.020058997050147492
1 0.06607669616519174 0.45014749262536874 0.024778761061946902 0.017699115044247787
1 0.2424778761061947 0.4471976401179941 0.030678466076696165 0.01887905604719764
1 0.39233038348082594 0.4445427728613569 0.030678466076696165 0.018289085545722714
1 0.5530973451327433 0.44188790560471974 0.027728613569321534 0.01887905604719764
1 0.7147492625368731 0.4389380530973451 0.027728613569321534 0.015339233038348082
1 0.06578171091445428 0.6 0.02654867256637168 0.01887905604719764
1 0.25162241887905606 0.5882005899705015 0.028908554572271386 0.01887905604719764
1 0.39646017699115044 0.5793510324483776 0.030678466076696165 0.01887905604719764
1 0.5519174041297935 0.5769911504424778 0.028908554572271386 0.020058997050147492
1 0.7147492625368731 0.5784660766961652 0.033628318584070796 0.018289085545722714
1 0.0663716814159292 0.7200589970501475 0.03008849557522124 0.018289085545722714
1 0.24454277286135692 0.7182890855457227 0.028908554572271386 0.024188790560471976
1 0.39705014749262535 0.7056047197640118 0.02831858407079646 0.020058997050147492
1 0.5525073746312684 0.699410029498525 0.032448377581120944 0.02182890855457227
1 0.7088495575221239 0.699410029498525 0.03126843657817109 0.023008849557522124
1 0.06578171091445428 0.8324483775811209 0.033628318584070796 0.016519174041297935
1 0.2430678466076696 0.8433628318584071 0.030678466076696165 0.01710914454277286
1 0.39646017699115044 0.8477876106194691 0.030678466076696165 0.016519174041297935
1 0.5569321533923304 0.8466076696165191 0.030678466076696165 0.01887905604719764
1 0.7224188790560472 0.855457227138643 0.028908554572271386 0.020058997050147492
1 0.8710914454277287 0.10530973451327433 0.02536873156342183 0.02536873156342183
1 0.8790560471976401 0.27728613569321536 0.03421828908554572 0.01887905604719764
1 0.875221238938053 0.43864306784660767 0.028908554572271386 0.02064896755162242
1 0.8749262536873156 0.5820058997050147 0.027138643067846607 0.02536873156342183
1 0.8811209439528024 0.7135693215339233 0.03480825958702065 0.019469026548672566
1 0.8814159292035398 0.8755162241887906 0.027138643067846607 0.02359882005899705
