1 0.1421828908554572 0.12418879056047197 0.03421828908554572 0.02064896755162242
1 0.28908554572271383 0.11651917404129794 0.035398230088495575 0.02064896755162242
1 0.45722713864306785 0.10943952802359883 0.035398230088495575 0.018289085545722714
1 0.6014749262536873 0.10825958702064897 0.03126843657817109 0.02064896755162242
1 0.744542772861357 0.1056047197640118 0.03657817109144543 0.016519174041297935
1 0.8896755162241887 0.10619469026548672 0.03657817109144543 0.020058997050147492
1 0.1415929203539823 0.23569321533923304 0.035398230088495575 0.018289085545722714
1 0.2958702064896755 0.22861356932153393 0.03716814159292035 0.019469026548672566
1 0.4581120943952802 0.23156342182890854 0.033628318584070796 0.02064896755162242
1 0.6053097345132743 0.22861356932153393 0.03657817109144543 0.02064896755162242
1 0.7539823008849558 0.22979351032448378 0.030678466076696165 0.018289085545722714
1 0.8772861356932153 0.22772861356932153 0.03303834808259587 0.022418879056047197
1 0.13480825958702064 0.37669616519174043 0.03480825958702065 0.02182890855457227
1 0.30855457227138644 0.36430678466076694 0.03303834808259587 0.019469026548672566
1 0.45309734513274336 0.3710914454277286 0.03421828908554572 0.020058997050147492
1 0.6289085545722713 0.3678466076696165 0.03185840707964602 0.024188790560471976
1 0.7646017699115044 0.3613569321533923 0.03421828908554572 0.02064896755162242
1 0.8769911504424779 0.368141592920354 0.032448377581120944 0.02359882005899705
1 0.1433628318584071 0.49203539823008846 0.03421828908554572 0.020058997050147492
1 0.3023598820058997 0.49616519174041296 0.033628318584070796 0.020058997050147492
1 0.451622418879056 0.4994100294985251 0.03008849557522124 0.02536873156342183
1 0.6294985250737463 0.5067846607669616 0.03303834808259587 0.021238938053097345
1 0.7651917404129793 0.5259587020648967 0.03185840707964602 0.02182890855457227
1 0.8775811209439528 0.5265486725663717 0.02654867256637168 0.02654867256637168
1 0.1448377581120944 0.6622418879056047 0.03716814159292035 0.02182890855457227
1 0.30914454277286135 0.6616519174041298 0.03421828908554572 0.02064896755162242
1 0.47168141592920354 0.6619469026548672 0.03716814159292035 0.020058997050147492
1 0.6348082595870206 0.6637168141592921 0.03303834808259587 0.021238938053097345
1 0.7672566371681416 0.6684365781710915 0.032448377581120944 0.016519174041297935
1 0.8849557522123894 0.6625368731563421 0.03303834808259587 0.01887905604719764
1 0.15162241887905603 0.8129793510324483 0.03185840707964602 0.020058997050147492
1 0.30914454277286135 0.8047197640117993 0.03421828908554572 0.01887905604719764
1 0.48584070796460177 0.8144542772861357 0.0359882005899705 0.02064896755162242
1 0.6274336283185841 0.8171091445427728 0.033628318584070796 0.017699115044247787
1 0.7622418879056048 0.8115044247787611 0.03421828908554572 0.018289085545722714
1 0.8781710914454277 0.8112094395280236 0.03008849557522124 0.01887905604719764
