1 0.11563421828908554 0.12330383480825959 0.021238938053097345 0.029498525073746312
1 0.3056047197640118 0.1374631268436578 0.02359882005899705 0.03893805309734513
0 0.45634218289085543 0.12890855457227138 0.032448377581120944 0.03716814159292035
1 0.5902654867256637 0.1902654867256637 0.03126843657817109 0.02536873156342183
1 0.7463126843657817 0.17728613569321533 0.02359882005899705 0.03480825958702065
1 0.932448377581121 0.16814159292035397 0.03126843657817109 0.03303834808259587
1 0.1336283185840708 0.29410029498525075 0.019469026548672566 0.032448377581120944
1 0.2958702064896755 0.2982300884955752 0.02654867256637168 0.02182890855457227
0 0.4451327433628319 0.33775811209439527 0.033628318584070796 0.04070796460176991
1 0.603834808259587 0.26489675516224187 0.033628318584070796 0.01887905604719764
1 0.7448377581120944 0.3017699115044248 0.032448377581120944 0.023008849557522124
1 0.9230088495575222 0.29233038348082596 0.0359882005899705 0.02536873156342183
0 0.1410029498525074 0.4407079646017699 0.030678466076696165 0.03893805309734513
1 0.29321533923303833 0.403834808259587 0.030678466076696165 0.03952802359882006
1 0.4528023598820059 0.4215339233038348 0.02654867256637168 0.02064896755162242
1 0.6073746312684366 0.41887905604719766 0.033628318584070796 0.021238938053097345
1 0.7519174041297935 0.41002949852507375 0.02654867256637168 0.02359882005899705
1 0.9436578171091445 0.4044247787610619 0.03008849557522124 0.032448377581120944
0 0.1383480825958702 0.536283185840708 0.027728613569321534 0.035398230088495575
1 0.28997050147492626 0.5631268436578171 0.02536873156342183 0.023008849557522124
1 0.45132743362831856 0.5575221238938053 0.029498525073746312 0.02359882005899705
1 0.631858407079646 0.5371681415929204 0.020058997050147492 0.04188790560471976
1 0.7696165191740413 0.563716814159292 0.02536873156342183 0.03480825958702065
1 0.9383480825958702 0.5436578171091445 0.02654867256637168 0.02182890855457227
1 0.12772861356932153 0.6920353982300885 0.03480825958702065 0.02359882005899705
1 0.335693215339233 0.6946902654867256 0.020058997050147492 0.043067846607669616
1 0.46135693215339235 0.7126843657817109 0.03421828908554572 0.02831858407079646
1 0.6286135693215339 0.6634218289085546 0.032448377581120944 0.02182890855457227
0 0.7775811209439528 0.6684365781710915 0.03185840707964602 0.03893805309734513
1 0.9353982300884955 0.6893805309734513 0.02536873156342183 0.02182890855457227
1 0.1433628318584071 0.9064896755162242 0.03657817109144543 0.03480825958702065
1 0.3023598820058997 0.8820058997050148 0.028908554572271386 0.02831858407079646
1 0.4790560471976401 0.8607669616519174 0.030678466076696165 0.024778761061946902
1 0.6348082595870206 0.840117994100295 0.024778761061946902 0.03893805309734513
1 0.8162241887905605 0.8179941002949852 0.027728613569321534 0.02536873156342183
1 0.9410029498525073 0.8519174041297934 0.02831858407079646 0.01887905604719764
