0 0.14660766961651917 0.17345132743362832 0.12920353982300886 0.08967551622418879
0 0.32831858407079645 0.17345132743362832 0.08436578171091445 0.10737463126843658
0 0.5321533923303835 0.15604719764011798 0.1392330383480826 0.06312684365781711
0 0.6628318584070796 0.13657817109144543 0.0584070796460177 0.1799410029498525
0 0.768141592920354 0.11799410029498525 0.15339233038348082 0.10973451327433628
0 0.2634218289085546 0.25781710914454276 0.11976401179941003 0.06017699115044248
0 0.15575221238938053 0.3153392330383481 0.035398230088495575 0.09144542772861357
0 0.3141592920353982 0.36755162241887906 0.12802359882005898 0.1616519174041298
0 0.5253687315634218 0.28023598820059 0.16460176991150444 0.05191740412979351
0 0.6 0.2607669616519174 0.11091445427728613 0.06725663716814159
0 0.7162241887905605 0.26017699115044246 0.17699115044247787 0.06607669616519174
0 0.6053097345132743 0.3949852507374631 0.0920353982300885 0.19410029498525072
0 0.7407079646017699 0.3513274336283186 0.07256637168141593 0.038348082595870206
1 0.10678466076696165 0.5303834808259587 0.025958702064896755 0.025958702064896755
0 0.47935103244837757 0.43480825958702063 0.04896755162241888 0.021238938053097345
0 0.49203539823008846 0.4743362831858407 0.1368731563421829 0.1215339233038348
0 0.41563421828908553 0.48731563421828905 0.11858407079646018 0.07669616519174041
0 0.42743362831858406 0.5271386430678466 0.1327433628318584 0.05486725663716814
0 0.6669616519174041 0.5168141592920354 0.02654867256637168 0.06725663716814159
0 0.17610619469026548 0.5935103244837758 0.07610619469026549 0.11091445427728613
0 0.2902654867256637 0.6002949852507374 0.1640117994100295 0.11150442477876106
0 0.11740412979351032 0.6522123893805309 0.10147492625368731 0.1882005899705015
0 0.3870206489675516 0.664306784660767 0.049557522123893805 0.12389380530973451
0 0.7418879056047197 0.6522123893805309 0.08790560471976401 0.11504424778761062
0 0.7368731563421829 0.6002949852507374 0.06725663716814159 0.061946902654867256
0 0.532448377581121 0.5914454277286135 0.1433628318584071 0.1056047197640118
0 0.6023598820058997 0.6017699115044248 0.16519174041297935 0.10029498525073746
0 0.2784660766961652 0.716519174041298 0.0943952802359882 0.07138643067846608
0 0.1336283185840708 0.8209439528023599 0.11740412979351032 0.1398230088495575
0 0.2448377581120944 0.824188790560472 0.10501474926253687 0.07787610619469026
1 0.3268436578171091 0.8041297935103244 0.027138643067846607 0.025958702064896755
0 0.46017699115044247 0.8070796460176991 0.027138643067846607 0.0743362831858407
0 0.6011799410029498 0.7979351032448377 0.15811209439528023 0.1079646017699115
0 0.659882005899705 0.8194690265486726 0.07964601769911504 0.1616519174041298
