0 0.13067846607669617 0.09498525073746313 0.13628318584070798 0.0943952802359882
0 0.32772861356932154 0.11651917404129794 0.057227138643067846 0.20943952802359883
0 0.487905604719764 0.10294985250737462 0.07079646017699115 0.15398230088495574
0 0.6893805309734513 0.1327433628318584 0.1303834808259587 0.14749262536873156
0 0.8643067846607669 0.14365781710914455 0.10147492625368731 0.10678466076696165
0 0.2144542772861357 0.23539823008849559 0.1929203539823009 0.08967551622418879
0 0.38082595870206487 0.24955752212389382 0.057227138643067846 0.0920353982300885
0 0.47699115044247786 0.2814159292035398 0.1528023598820059 0.054277286135693215
0 0.6943952802359882 0.28023598820059 0.03185840707964602 0.04129793510324484
0 0.8504424778761062 0.3144542772861357 0.09026548672566372 0.04837758112094395
0 0.23244837758112094 0.40176991150442476 0.0696165191740413 0.03657817109144543
0 0.3958702064896755 0.3979351032448378 0.08613569321533923 0.19174041297935102
0 0.5256637168141592 0.4212389380530973 0.05073746312684366 0.040117994100294985
0 0.5911504424778761 0.46607669616519176 0.05073746312684366 0.12271386430678466
0 0.6752212389380531 0.4168141592920354 0.1799410029498525 0.09498525073746313
1 0.8469026548672566 0.4008849557522124 0.014749262536873156 0.03716814159292035
0 0.228023598820059 0.5528023598820059 0.07728613569321534 0.03421828908554572
0 0.328023598820059 0.5755162241887906 0.035398230088495575 0.05604719764011799
1 0.487905604719764 0.5182890855457227 0.04247787610619469 0.02536873156342183
0 0.584070796460177 0.5442477876106194 0.08613569321533923 0.1303834808259587
0 0.747197640117994 0.5640117994100295 0.03008849557522124 0.03775811209439528
0 0.8876106194690265 0.5020648967551622 0.10678466076696165 0.08259587020648967
0 0.2504424778761062 0.7002949852507374 0.047787610619469026 0.03893805309734513
0 0.2646017699115044 0.7448377581120944 0.0808259587020649 0.16106194690265485
0 0.3710914454277286 0.6870206489675517 0.10147492625368731 0.17286135693215338
0 0.4 0.8200589970501475 0.15103244837758112 0.08967551622418879
0 0.5011799410029498 0.6392330383480825 0.1870206489675516 0.0584070796460177
0 0.6162241887905605 0.6569321533923304 0.04542772861356932 0.11622418879056047
0 0.8973451327433628 0.6548672566371682 0.10619469026548672 0.1864306784660767
1 0.7519174041297935 0.6778761061946903 0.023008849557522124 0.025958702064896755
0 0.5386430678466076 0.8082595870206489 0.024778761061946902 0.07669616519174041
1 0.6716814159292035 0.8070796460176991 0.03008849557522124 0.025958702064896755
0 0.7926253687315634 0.7858407079646017 0.10442477876106195 0.12507374631268436
0 0.9002949852507375 0.7855457227138642 0.0967551622418879 0.16460176991150444
