1 0.06489675516224189 0.14424778761061946 0.030678466076696165 0.019469026548672566
1 0.2424778761061947 0.13775811209439529 0.02831858407079646 0.02064896755162242
1 0.37846607669616517 0.14041297935103245 0.03126843657817109 0.020058997050147492
1 0.5525073746312684 0.12182890855457226 0.032448377581120944 0.02182890855457227
1 0.7023598820058997 0.11710914454277285 0.02536873156342183 0.02536873156342183
1 0.8716814159292036 0.10501474926253687 0.02536873156342183 0.029498525073746312
1 0.07315634218289085 0.3014749262536873 0.027138643067846607 0.021238938053097345
1 0.24660766961651917 0.3008849557522124 0.027138643067846607 0.017699115044247787
1 0.3852507374631268 0.3035398230088496 0.035398230088495575 0.02182890855457227
1 0.5471976401179941 0.29793510324483774 0.033628318584070796 0.021238938053097345
1 0.7008849557522123 0.28407079646017697 0.03421828908554572 0.02536873156342183
1 0.8793510324483775 0.27728613569321536 0.03126843657817109 0.021238938053097345
1 0.06548672566371681 0.45132743362831856 0.025958702064896755 0.016519174041297935
1 0.2424778761061947 0.44837758112094395 0.03303834808259587 0.01887905604719764
1 0.39321533923303836 0.44424778761061945 0.03126843657817109 0.016519174041297935
1 0.5525073746312684 0.44188790560471974 0.027728613569321534 0.01887905604719764
1 0.7144542772861356 0.4410029498525074 0.025958702064896755 0.018289085545722714
1 0.8772861356932153 0.44011799410029495 0.03303834808259587 0.022418879056047197
1 0.06519174041297934 0.5991150442477876 0.03126843657817109 0.019469026548672566
1 0.25132743362831855 0.5882005899705015 0.027138643067846607 0.01887905604719764
1 0.39646017699115044 0.5808259587020649 0.03185840707964602 0.023008849557522124
1 0.5519174041297935 0.5778761061946902 0.028908554572271386 0.018289085545722714
1 0.7138643067846607 0.5778761061946902 0.029498525073746312 0.019469026548672566
1 0.8758112094395281 0.5828908554572272 0.027728613569321534 0.02831858407079646
1 0.06607669616519174 0.7209439528023599 0.03185840707964602 0.016519174041297935
1 0.2430678466076696 0.7185840707964601 0.029498525073746312 0.024778761061946902
1 0.39646017699115044 0.7091445427728613 0.03185840707964602 0.020058997050147492
1 0.5539823008849557 0.6985250737463127 0.03303834808259587 0.024778761061946902
1 0.7097345132743362 0.7017699115044248 0.02831858407079646 0.02182890855457227
1 0.8799410029498524 0.7150442477876107 0.038348082595870206 0.022418879056047197
1 0.06548672566371681 0.8353982300884956 0.03303834808259587 0.017699115044247787
1 0.24365781710914453 0.8433628318584071 0.03303834808259587 0.01710914454277286
1 0.39646017699115044 0.848377581120944 0.03303834808259587 0.020058997050147492
1 0.5566371681415929 0.848377581120944 0.033628318584070796 0.020058997050147492
1 0.720353982300885 0.8569321533923304 0.03303834808259587 0.019469026548672566
1 0.8820058997050148 0.8749262536873156 0.02831858407079646 0.025958702064896755
