0 0.13657817109144543 0.14454277286135692 0.10324483775811209 0.11327433628318584
0 0.3129793510324484 0.13067846607669617 0.1303834808259587 0.1480825958702065
0 0.511504424778761 0.11091445427728613 0.07315634218289085 0.15457227138643068
0 0.6592920353982301 0.12448377581120944 0.06312684365781711 0.21002949852507374
0 0.8761061946902655 0.08938053097345133 0.1486725663716814 0.09970501474926254
0 0.1495575221238938 0.31710914454277284 0.09262536873156342 0.04896755162241888
0 0.30855457227138644 0.279646017699115 0.03303834808259587 0.04365781710914454
0 0.5250737463126843 0.28348082595870205 0.15811209439528023 0.047787610619469026
0 0.61976401179941 0.24837758112094394 0.05958702064896755 0.0920353982300885
0 0.7861356932153393 0.25162241887905606 0.1976401179941003 0.0831858407079646
1 0.15575221238938053 0.40235988200589967 0.015339233038348082 0.03893805309734513
0 0.32831858407079645 0.4165191740412979 0.1893805309734513 0.08849557522123894
0 0.47404129793510325 0.41799410029498524 0.052507374631268436 0.033628318584070796
0 0.6041297935103245 0.39705014749262535 0.08849557522123894 0.1958702064896755
0 0.7657817109144542 0.4097345132743363 0.071976401179941 0.04424778761061947
0 0.11061946902654868 0.5056047197640118 0.11740412979351032 0.08495575221238938
1 0.24542772861356932 0.55929203539823 0.022418879056047197 0.03185840707964602
1 0.5123893805309735 0.5194690265486726 0.04660766961651917 0.027728613569321534
0 0.7737463126843658 0.552212389380531 0.07964601769911504 0.03775811209439528
0 0.4191740412979351 0.5442477876106194 0.09144542772861357 0.13864306784660768
1 0.6746312684365782 0.5601769911504425 0.03716814159292035 0.02182890855457227
0 0.10530973451327433 0.6525073746312684 0.10206489675516224 0.18525073746312684
0 0.09823008849557521 0.7790560471976401 0.09734513274336283 0.17404129793510326
1 0.24837758112094394 0.6781710914454278 0.02831858407079646 0.03008849557522124
0 0.20176991150442478 0.7991150442477876 0.08259587020648967 0.1528023598820059
1 0.32890855457227136 0.8058997050147493 0.03008849557522124 0.027138643067846607
0 0.4616519174041298 0.8115044247787611 0.02654867256637168 0.07964601769911504
0 0.5740412979351033 0.7997050147492625 0.10147492625368731 0.12330383480825959
0 0.38348082595870203 0.6581120943952802 0.04365781710914454 0.12212389380530973
0 0.5041297935103245 0.6383480825958702 0.19174041297935102 0.058997050147492625
0 0.6300884955752213 0.6902654867256637 0.09557522123893805 0.1710914454277286
0 0.751622418879056 0.7451327433628319 0.06725663716814159 0.16519174041297935
0 0.7457227138643068 0.6991150442477876 0.04365781710914454 0.03775811209439528
0 0.40943952802359884 0.46519174041297934 0.05073746312684366 0.11976401179941003
