1 0.13333333333333333 0.0967551622418879 0.030678466076696165 0.020058997050147492
1 0.2911504424778761 0.08613569321533923 0.03126843657817109 0.03185840707964602
1 0.4389380530973451 0.0855457227138643 0.03185840707964602 0.024778761061946902
1 0.5946902654867257 0.08643067846607669 0.029498525073746312 0.02536873156342183
1 0.7348082595870207 0.0967551622418879 0.03008849557522124 0.024778761061946902
1 0.8991150442477875 0.09498525073746313 0.02831858407079646 0.01887905604719764
1 0.1495575221238938 0.21799410029498525 0.03008849557522124 0.03008849557522124
1 0.3 0.22477876106194689 0.03480825958702065 0.02831858407079646
1 0.45073746312684365 0.22684365781710913 0.03185840707964602 0.019469026548672566
1 0.6056047197640118 0.23303834808259588 0.033628318584070796 0.01887905604719764
1 0.7566371681415929 0.23333333333333334 0.027728613569321534 0.01710914454277286
1 0.8988200589970501 0.23569321533923304 0.027728613569321534 0.02182890855457227
1 0.15191740412979352 0.36607669616519173 0.03126843657817109 0.019469026548672566
1 0.31474926253687313 0.37138643067846605 0.03008849557522124 0.019469026548672566
1 0.47463126843657816 0.375811209439528 0.03126843657817109 0.01887905604719764
1 0.615339233038348 0.36283185840707965 0.03775811209439528 0.01887905604719764
1 0.7592920353982301 0.38082595870206487 0.027138643067846607 0.014749262536873156
1 0.9064896755162242 0.3831858407079646 0.028908554572271386 0.019469026548672566
1 0.16371681415929204 0.4837758112094395 0.03008849557522124 0.022418879056047197
1 0.3141592920353982 0.48761061946902656 0.03008849557522124 0.02182890855457227
1 0.4654867256637168 0.47787610619469023 0.029498525073746312 0.020058997050147492
1 0.6212389380530974 0.5002949852507375 0.029498525073746312 0.021238938053097345
1 0.7672566371681416 0.5289085545722714 0.027728613569321534 0.02064896755162242
1 0.9126843657817109 0.5262536873156343 0.03185840707964602 0.024778761061946902
1 0.15870206489675515 0.6386430678466076 0.035398230088495575 0.02064896755162242
1 0.3233038348082596 0.6554572271386431 0.03185840707964602 0.02831858407079646
1 0.48908554572271384 0.6483775811209439 0.03421828908554572 0.016519174041297935
1 0.6277286135693215 0.675811209439528 0.030678466076696165 0.018289085545722714
1 0.7831858407079646 0.6707964601769911 0.027728613569321534 0.01887905604719764
1 0.9047197640117994 0.6634218289085546 0.027728613569321534 0.019469026548672566
1 0.16047197640117994 0.8825958702064897 0.03185840707964602 0.022418879056047197
1 0.3191740412979351 0.8666666666666667 0.03185840707964602 0.021238938053097345
1 0.4749262536873156 0.8560471976401179 0.03185840707964602 0.022418879056047197
1 0.6380530973451327 0.8533923303834808 0.027728613569321534 0.024188790560471976
1 0.7805309734513274 0.8539823008849557 0.027138643067846607 0.02064896755162242
1 0.8997050147492626 0.8507374631268436 0.029498525073746312 0.027138643067846607
