1 0.06401179941002949 0.1433628318584071 0.028908554572271386 0.016519174041297935
1 0.23952802359882006 0.15014749262536872 0.024778761061946902 0.02536873156342183
1 0.37610619469026546 0.1433628318584071 0.02654867256637168 0.021238938053097345
1 0.5498525073746312 0.12418879056047197 0.029498525073746312 0.02654867256637168
1 0.6997050147492625 0.11622418879056047 0.029498525073746312 0.02359882005899705
1 0.8772861356932153 0.10943952802359883 0.030678466076696165 0.02536873156342183
1 0.07168141592920355 0.3008849557522124 0.03126843657817109 0.016519174041297935
1 0.2430678466076696 0.29646017699115046 0.024778761061946902 0.02182890855457227
1 0.38495575221238937 0.3017699115044248 0.03716814159292035 0.024188790560471976
1 0.5448377581120943 0.2982300884955752 0.032448377581120944 0.02064896755162242
1 0.7002949852507374 0.28112094395280235 0.03303834808259587 0.027728613569321534
1 0.8790560471976401 0.2749262536873156 0.03421828908554572 0.022418879056047197
1 0.06371681415929203 0.45073746312684365 0.027138643067846607 0.017699115044247787
1 0.2415929203539823 0.44542772861356933 0.03008849557522124 0.02359882005899705
1 0.391740412979351 0.44660766961651915 0.03185840707964602 0.025958702064896755
1 0.552212389380531 0.44188790560471974 0.02831858407079646 0.021238938053097345
1 0.7144542772861356 0.4398230088495575 0.02831858407079646 0.01592920353982301
1 0.875221238938053 0.43805309734513276 0.032448377581120944 0.02182890855457227
1 0.06401179941002949 0.5949852507374631 0.027728613569321534 0.027728613569321534
1 0.2519174041297935 0.5864306784660767 0.02831858407079646 0.022418879056047197
1 0.39321533923303836 0.5784660766961652 0.03008849557522124 0.018289085545722714
1 0.551622418879056 0.5769911504424778 0.02831858407079646 0.020058997050147492
1 0.7156342182890856 0.5805309734513274 0.03303834808259587 0.024778761061946902
1 0.8746312684365781 0.5823008849557522 0.03008849557522124 0.025958702064896755
1 0.06253687315634218 0.723598820058997 0.029498525073746312 0.02536873156342183
1 0.2430678466076696 0.7209439528023599 0.029498525073746312 0.030678466076696165
1 0.39557522123893807 0.7085545722713864 0.03008849557522124 0.02359882005899705
1 0.5507374631268437 0.7044247787610619 0.0359882005899705 0.020058997050147492
1 0.7088495575221239 0.6988200589970501 0.03008849557522124 0.023008849557522124
1 0.8651917404129793 0.7056047197640118 0.02182890855457227 0.03421828908554572
1 0.06578171091445428 0.8327433628318583 0.028908554572271386 0.019469026548672566
1 0.23244837758112094 0.8333333333333334 0.03421828908554572 0.018289085545722714
1 0.40412979351032446 0.8336283185840708 0.02359882005899705 0.02831858407079646
1 0.5539823008849557 0.8442477876106195 0.03303834808259587 0.01887905604719764
1 0.7227138643067846 0.8345132743362832 0.025958702064896755 0.02536873156342183
1 0.8675516224188791 0.8699115044247787 0.01710914454277286 0.03126843657817109
