0 0.1191740412979351 0.05752212389380531 0.05663716814159292 0.10324483775811209
0 0.25663716814159293 0.05545722713864307 0.06607669616519174 0.05073746312684366
0 0.4067846607669616 0.06696165191740414 0.057227138643067846 0.05958702064896755
0 0.5371681415929204 0.12064896755162241 0.03126843657817109 0.038348082595870206
0 0.6743362831858407 0.06017699115044248 0.11799410029498525 0.05191740412979351
0 0.8542772861356932 0.10383480825958702 0.03657817109144543 0.03421828908554572
0 0.1215339233038348 0.23952802359882006 0.06253687315634218 0.07905604719764012
0 0.24808259587020648 0.1864306784660767 0.05486725663716814 0.04837758112094395
0 0.35339233038348083 0.18171091445427728 0.12507374631268436 0.044837758112094395
0 0.5283185840707965 0.2622418879056047 0.07374631268436578 0.05486725663716814
0 0.696165191740413 0.22477876106194689 0.06371681415929203 0.044837758112094395
0 0.8592920353982301 0.22271386430678466 0.05958702064896755 0.06430678466076696
0 0.12772861356932153 0.3182890855457227 0.03952802359882006 0.06312684365781711
0 0.2112094395280236 0.31032448377581123 0.0471976401179941 0.11799410029498525
0 0.3646017699115044 0.3702064896755162 0.05309734513274336 0.10678466076696165
0 0.5474926253687316 0.33126843657817107 0.06725663716814159 0.052507374631268436
0 0.6876106194690266 0.3678466076696165 0.04660766961651917 0.05014749262536873
0 0.8648967551622418 0.38141592920353984 0.03657817109144543 0.057227138643067846
0 0.13333333333333333 0.532448377581121 0.0696165191740413 0.0808259587020649
0 0.22448377581120943 0.5489675516224188 0.0584070796460177 0.11268436578171091
0 0.359882005899705 0.46430678466076697 0.049557522123893805 0.05073746312684366
0 0.5297935103244837 0.47168141592920354 0.05309734513274336 0.07138643067846608
0 0.6938053097345133 0.5138643067846608 0.03657817109144543 0.09085545722713864
0 0.8480825958702065 0.511504424778761 0.038348082595870206 0.07905604719764012
0 0.4994100294985251 0.6008849557522123 0.04542772861356932 0.061946902654867256
0 0.11120943952802359 0.6575221238938053 0.043067846607669616 0.15516224188790562
0 0.21740412979351031 0.6920353982300885 0.052507374631268436 0.10383480825958702
0 0.36224188790560474 0.691150442477876 0.06725663716814159 0.05604719764011799
0 0.68023598820059 0.6256637168141593 0.049557522123893805 0.05368731563421829
0 0.8507374631268436 0.6315634218289086 0.03775811209439528 0.0584070796460177
0 0.13864306784660768 0.8035398230088495 0.08259587020648967 0.04601769911504425
0 0.2135693215339233 0.8324483775811209 0.06135693215339233 0.10147492625368731
0 0.3687315634218289 0.7831858407079646 0.03775811209439528 0.0855457227138643
0 0.5058997050147492 0.771976401179941 0.061946902654867256 0.0607669616519174
0 0.7041297935103245 0.8389380530973451 0.0831858407079646 0.06843657817109144
0 0.8433628318584071 0.8165191740412979 0.05132743362831858 0.05781710914454277
