1 0.10943952802359883 0.10383480825958702 0.03480825958702065 0.01887905604719764
1 0.25545722713864305 0.10353982300884956 0.035398230088495575 0.018289085545722714
1 0.39823008849557523 0.1079646017699115 0.030678466076696165 0.01887905604719764
1 0.5451327433628319 0.10884955752212389 0.03421828908554572 0.023008849557522124
1 0.712094395280236 0.11651917404129794 0.035398230088495575 0.02064896755162242
1 0.8589970501474926 0.12507374631268436 0.03421828908554572 0.020058997050147492
1 0.12271386430678466 0.2303834808259587 0.03421828908554572 0.02536873156342183
1 0.24513274336283186 0.2312684365781711 0.027728613569321534 0.020058997050147492
1 0.396165191740413 0.2312684365781711 0.032448377581120944 0.02359882005899705
1 0.5424778761061947 0.2342182890855457 0.032448377581120944 0.021238938053097345
1 0.7047197640117994 0.2303834808259587 0.0359882005899705 0.02064896755162242
1 0.8607669616519174 0.23628318584070795 0.03303834808259587 0.024188790560471976
1 0.12389380530973451 0.3693215339233038 0.03185840707964602 0.024778761061946902
1 0.23716814159292035 0.3625368731563422 0.03421828908554572 0.02064896755162242
1 0.3722713864306785 0.3705014749262537 0.035398230088495575 0.020058997050147492
1 0.547787610619469 0.3728613569321534 0.033628318584070796 0.022418879056047197
1 0.6917404129793511 0.3646017699115044 0.032448377581120944 0.022418879056047197
1 0.8666666666666667 0.37669616519174043 0.03303834808259587 0.02182890855457227
1 0.12182890855457226 0.5262536873156343 0.02536873156342183 0.027138643067846607
1 0.23628318584070795 0.5265486725663717 0.032448377581120944 0.023008849557522124
1 0.3705014749262537 0.5058997050147492 0.03303834808259587 0.02536873156342183
1 0.5480825958702065 0.5008849557522124 0.03303834808259587 0.025958702064896755
1 0.6997050147492625 0.49675516224188787 0.03657817109144543 0.021238938053097345
1 0.8572271386430679 0.49203539823008846 0.03303834808259587 0.022418879056047197
1 0.11563421828908554 0.6622418879056047 0.029498525073746312 0.02182890855457227
1 0.23244837758112094 0.668141592920354 0.029498525073746312 0.019469026548672566
1 0.36696165191740415 0.6654867256637168 0.035398230088495575 0.024778761061946902
1 0.531858407079646 0.6595870206489676 0.03480825958702065 0.020058997050147492
1 0.692330383480826 0.6607669616519174 0.0359882005899705 0.02359882005899705
1 0.8572271386430679 0.663126843657817 0.040117994100294985 0.022418879056047197
1 0.12418879056047197 0.8094395280235989 0.03008849557522124 0.01887905604719764
1 0.23805309734513275 0.8094395280235989 0.033628318584070796 0.020058997050147492
1 0.3734513274336283 0.8162241887905605 0.03303834808259587 0.023008849557522124
1 0.5147492625368731 0.8165191740412979 0.033628318584070796 0.024778761061946902
1 0.6932153392330384 0.8064896755162242 0.03775811209439528 0.02359882005899705
1 0.851622418879056 0.8109144542772861 0.033628318584070796 0.02182890855457227
