1 0.14129793510324484 0.09321533923303835 0.033628318584070796 0.029498525073746312
1 0.3014749262536873 0.11799410029498525 0.02831858407079646 0.024778761061946902
1 0.48023598820059 0.1383480825958702 0.030678466076696165 0.02064896755162242
1 0.6321533923303835 0.1616519174041298 0.03008849557522124 0.03893805309734513
1 0.8147492625368732 0.1831858407079646 0.02831858407079646 0.028908554572271386
1 0.9410029498525073 0.1495575221238938 0.027138643067846607 0.019469026548672566
1 0.12861356932153392 0.30442477876106194 0.03185840707964602 0.02831858407079646
1 0.33185840707964603 0.30265486725663715 0.027728613569321534 0.03893805309734513
0 0.4545722713864307 0.28407079646017697 0.03952802359882006 0.028908554572271386
0 0.628023598820059 0.343952802359882 0.02536873156342183 0.03303834808259587
1 0.7734513274336283 0.3238938053097345 0.03185840707964602 0.030678466076696165
1 0.9342182890855457 0.307669616519174 0.02654867256637168 0.02182890855457227
1 0.13716814159292035 0.4648967551622419 0.024188790560471976 0.03421828908554572
1 0.287905604719764 0.43864306784660767 0.027138643067846607 0.019469026548672566
1 0.45132743362831856 0.44424778761061945 0.029498525073746312 0.021238938053097345
1 0.6306784660766962 0.4654867256637168 0.020058997050147492 0.035398230088495575
0 0.7625368731563422 0.44041297935103246 0.03008849557522124 0.038348082595870206
1 0.9392330383480826 0.4581120943952802 0.024778761061946902 0.02182890855457227
0 0.14188790560471976 0.5587020648967551 0.027728613569321534 0.03775811209439528
1 0.2914454277286136 0.5961651917404129 0.02831858407079646 0.03952802359882006
1 0.44955752212389377 0.5790560471976401 0.03303834808259587 0.02064896755162242
1 0.6079646017699115 0.5817109144542773 0.028908554572271386 0.017699115044247787
1 0.7533923303834809 0.5902654867256637 0.02831858407079646 0.023008849557522124
1 0.9418879056047198 0.5908554572271386 0.02654867256637168 0.03126843657817109
1 0.1351032448377581 0.7061946902654868 0.021238938053097345 0.03421828908554572
1 0.29233038348082596 0.7005899705014749 0.03008849557522124 0.019469026548672566
0 0.4457227138643068 0.6666666666666666 0.032448377581120944 0.03421828908554572
0 0.6023598820058997 0.7424778761061946 0.03185840707964602 0.03008849557522124
0 0.7398230088495575 0.6914454277286135 0.035398230088495575 0.029498525073746312
0 0.924188790560472 0.7014749262536873 0.033628318584070796 0.030678466076696165
1 0.11061946902654868 0.8769911504424779 0.032448377581120944 0.033628318584070796
0 0.3053097345132743 0.8601769911504424 0.024188790560471976 0.03893805309734513
0 0.452212389380531 0.8713864306784661 0.03008849557522124 0.03657817109144543
1 0.5902654867256637 0.8085545722713864 0.032448377581120944 0.028908554572271386
1 0.747787610619469 0.827433628318584 0.0359882005899705 0.027728613569321534
1 0.9321533923303835 0.8359882005899705 0.020058997050147492 0.03421828908554572
