1 0.10206489675516224 0.1168141592920354 0.03893805309734513 0.035398230088495575
0 0.20353982300884954 0.15811209439528023 0.071976401179941 0.10029498525073746
0 0.3501474926253687 0.10884955752212389 0.04070796460176991 0.04660766961651917
0 0.4808259587020649 0.1359882005899705 0.12743362831858407 0.0855457227138643
0 0.6345132743362831 0.13952802359882005 0.1056047197640118 0.06784660766961652
0 0.7672566371681416 0.17492625368731562 0.061946902654867256 0.0808259587020649
0 0.7595870206489675 0.2351032448377581 0.0831858407079646 0.05486725663716814
0 0.11976401179941003 0.2775811209439528 0.04247787610619469 0.07374631268436578
1 0.2336283185840708 0.26843657817109146 0.05191740412979351 0.035398230088495575
0 0.3386430678466077 0.2654867256637168 0.071976401179941 0.035398230088495575
1 0.5011799410029498 0.2799410029498525 0.04070796460176991 0.03716814159292035
0 0.656047197640118 0.2587020648967552 0.0920353982300885 0.06902654867256637
1 0.10619469026548672 0.4607669616519174 0.04129793510324484 0.04365781710914454
0 0.26607669616519175 0.4112094395280236 0.09793510324483776 0.06607669616519174
0 0.37846607669616517 0.45309734513274336 0.06902654867256637 0.14749262536873156
1 0.5053097345132743 0.3952802359882006 0.05014749262536873 0.04365781710914454
0 0.6707964601769911 0.46135693215339235 0.10147492625368731 0.05663716814159292
0 0.7764011799410029 0.42743362831858406 0.03657817109144543 0.038348082595870206
0 0.1471976401179941 0.5991150442477876 0.0359882005899705 0.05132743362831858
0 0.3327433628318584 0.6135693215339233 0.08259587020648967 0.14985250737463127
0 0.4174041297935103 0.6032448377581121 0.11268436578171091 0.07610619469026549
0 0.5356932153392331 0.5191740412979351 0.049557522123893805 0.04365781710914454
0 0.6628318584070796 0.5634218289085545 0.10442477876106195 0.12743362831858407
0 0.7805309734513274 0.5548672566371682 0.03421828908554572 0.05368731563421829
1 0.1672566371681416 0.6914454277286135 0.04188790560471976 0.044837758112094395
0 0.27168141592920353 0.7286135693215339 0.032448377581120944 0.04365781710914454
1 0.2743362831858407 0.771976401179941 0.029498525073746312 0.04188790560471976
0 0.11297935103244838 0.8218289085545722 0.047787610619469026 0.0920353982300885
0 0.3887905604719764 0.8507374631268436 0.12035398230088495 0.12271386430678466
0 0.4300884955752212 0.7646017699115044 0.11563421828908554 0.12035398230088495
0 0.5445427728613569 0.6687315634218289 0.07079646017699115 0.06430678466076696
0 0.5463126843657817 0.8348082595870207 0.07905604719764012 0.12979351032448377
0 0.6525073746312684 0.7849557522123893 0.044837758112094395 0.07020648967551622
0 0.6761061946902654 0.6702064896755162 0.030678466076696165 0.03657817109144543
0 0.8 0.6823008849557523 0.06607669616519174 0.0808259587020649
0 0.7693215339233038 0.783480825958702 0.1616519174041298 0.06843657817109144
