1 0.11032448377581121 0.10589970501474927 0.035398230088495575 0.019469026548672566
1 0.25663716814159293 0.10442477876106195 0.035398230088495575 0.021238938053097345
1 0.3979351032448378 0.10884955752212389 0.03008849557522124 0.019469026548672566
1 0.5448377581120943 0.10825958702064897 0.032448377581120944 0.019469026548672566
1 0.7126843657817109 0.11504424778761062 0.03421828908554572 0.02359882005899705
1 0.8581120943952802 0.12625368731563422 0.03480825958702065 0.021238938053097345
1 0.12271386430678466 0.22920353982300884 0.03185840707964602 0.023008849557522124
1 0.12182890855457226 0.3702064896755162 0.02654867256637168 0.023008849557522124
1 0.2424778761061947 0.22979351032448378 0.030678466076696165 0.01710914454277286
1 0.2345132743362832 0.36047197640117995 0.03126843657817109 0.021238938053097345
1 0.3949852507374631 0.22861356932153393 0.03480825958702065 0.019469026548672566
1 0.371976401179941 0.36991150442477877 0.03480825958702065 0.021238938053097345
1 0.543952802359882 0.231858407079646 0.035398230088495575 0.01887905604719764
1 0.5460176991150443 0.371976401179941 0.03480825958702065 0.02182890855457227
1 0.7032448377581121 0.22890855457227138 0.03657817109144543 0.020058997050147492
1 0.6914454277286135 0.36578171091445427 0.03421828908554572 0.020058997050147492
1 0.8578171091445428 0.23539823008849559 0.035398230088495575 0.021238938053097345
1 0.8660766961651918 0.37905604719764013 0.03421828908554572 0.02182890855457227
1 0.1215339233038348 0.5274336283185841 0.025958702064896755 0.024778761061946902
1 0.2359882005899705 0.5265486725663717 0.029498525073746312 0.023008849557522124
1 0.3705014749262537 0.5053097345132743 0.03303834808259587 0.023008849557522124
1 0.5486725663716814 0.5002949852507375 0.03185840707964602 0.027138643067846607
1 0.6964601769911505 0.4958702064896755 0.033628318584070796 0.019469026548672566
1 0.8557522123893805 0.491740412979351 0.0359882005899705 0.02064896755162242
1 0.11327433628318584 0.6634218289085546 0.03303834808259587 0.018289085545722714
1 0.2327433628318584 0.6696165191740413 0.03126843657817109 0.01887905604719764
1 0.36607669616519173 0.6648967551622419 0.033628318584070796 0.02359882005899705
1 0.5306784660766961 0.6607669616519174 0.032448377581120944 0.020058997050147492
1 0.6917404129793511 0.6619469026548672 0.032448377581120944 0.021238938053097345
1 0.8533923303834808 0.663126843657817 0.03952802359882006 0.02359882005899705
1 0.12182890855457226 0.8117994100294985 0.03008849557522124 0.020058997050147492
1 0.2383480825958702 0.8112094395280236 0.03421828908554572 0.01887905604719764
1 0.3722713864306785 0.8171091445427728 0.035398230088495575 0.016519174041297935
1 0.515339233038348 0.8153392330383481 0.03480825958702065 0.021238938053097345
1 0.691150442477876 0.8053097345132744 0.033628318584070796 0.01887905604719764
1 0.8501474926253687 0.8117994100294985 0.035398230088495575 0.020058997050147492
