0 0.10088495575221239 0.1191740412979351 0.03775811209439528 0.03421828908554572
0 0.20265486725663717 0.15457227138643068 0.07492625368731563 0.08613569321533923
0 0.35044247787610616 0.10707964601769912 0.03657817109144543 0.04542772861356932
0 0.48289085545722715 0.13775811209439529 0.12566371681415928 0.07846607669616519
0 0.6321533923303835 0.1410029498525074 0.07138643067846608 0.0967551622418879
0 0.6666666666666666 0.25545722713864305 0.07905604719764012 0.06843657817109144
0 0.7669616519174041 0.16902654867256636 0.05781710914454277 0.07374631268436578
0 0.7882005899705015 0.23480825958702065 0.12625368731563422 0.04837758112094395
0 0.11002949852507374 0.2728613569321534 0.0584070796460177 0.06430678466076696
1 0.2336283185840708 0.26784660766961654 0.04601769911504425 0.03185840707964602
0 0.3398230088495575 0.26784660766961654 0.07079646017699115 0.03185840707964602
1 0.49970501474926254 0.28053097345132744 0.03775811209439528 0.038348082595870206
1 0.10737463126843658 0.45958702064896756 0.04365781710914454 0.040117994100294985
0 0.2663716814159292 0.4103244837758112 0.09970501474926254 0.06548672566371681
0 0.37905604719764013 0.4545722713864307 0.06784660766961652 0.1433628318584071
1 0.5053097345132743 0.39646017699115044 0.04660766961651917 0.04129793510324484
0 0.6684365781710915 0.459882005899705 0.0943952802359882 0.057227138643067846
0 0.7772861356932154 0.4271386430678466 0.0359882005899705 0.03775811209439528
0 0.1480825958702065 0.5970501474926253 0.03303834808259587 0.04247787610619469
1 0.15309734513274337 0.6687315634218289 0.038348082595870206 0.05014749262536873
0 0.30265486725663715 0.616519174041298 0.08023598820058997 0.1463126843657817
0 0.4109144542772861 0.6020648967551623 0.1079646017699115 0.07138643067846608
1 0.5368731563421829 0.5203539823008849 0.044837758112094395 0.04365781710914454
0 0.5427728613569321 0.6678466076696166 0.0696165191740413 0.06489675516224189
0 0.6619469026548672 0.5707964601769911 0.12507374631268436 0.09970501474926254
0 0.6884955752212389 0.6784660766961652 0.049557522123893805 0.05309734513274336
0 0.7772861356932154 0.5545722713864307 0.03952802359882006 0.05191740412979351
0 0.7943952802359882 0.6820058997050147 0.06430678466076696 0.08141592920353982
0 0.11268436578171091 0.8377581120943953 0.044837758112094395 0.11209439528023599
1 0.2545722713864307 0.8377581120943953 0.038348082595870206 0.020058997050147492
0 0.2728613569321534 0.7256637168141593 0.03126843657817109 0.040117994100294985
0 0.42979351032448376 0.763716814159292 0.11386430678466077 0.11504424778761062
0 0.38377581120943954 0.8474926253687316 0.12920353982300886 0.10914454277286136
0 0.5554572271386431 0.8374631268436578 0.05486725663716814 0.10914454277286136
0 0.6504424778761062 0.7864306784660767 0.04424778761061947 0.07551622418879056
0 0.7743362831858407 0.8014749262536873 0.15516224188790562 0.05958702064896755
