0 0.11976401179941003 0.08141592920353982 0.03775811209439528 0.071976401179941
0 0.2607669616519174 0.0687315634218289 0.044837758112094395 0.07610619469026549
0 0.4026548672566372 0.08023598820058997 0.038348082595870206 0.0696165191740413
0 0.5401179941002949 0.13480825958702064 0.033628318584070796 0.033628318584070796
0 0.691150442477876 0.0705014749262537 0.047787610619469026 0.061946902654867256
0 0.8545722713864307 0.09056047197640119 0.03480825958702065 0.04542772861356932
0 0.12271386430678466 0.2519174041297935 0.05309734513274336 0.06135693215339233
0 0.24867256637168142 0.20530973451327433 0.052507374631268436 0.05781710914454277
0 0.3935103244837758 0.19705014749262537 0.08495575221238938 0.07551622418879056
0 0.5339233038348082 0.268141592920354 0.030678466076696165 0.0584070796460177
1 0.7097345132743362 0.23952802359882006 0.04129793510324484 0.049557522123893805
0 0.8569321533923304 0.2604719764011799 0.047787610619469026 0.043067846607669616
0 0.12861356932153392 0.33303834808259586 0.035398230088495575 0.0831858407079646
0 0.23008849557522124 0.33775811209439527 0.04129793510324484 0.09616519174041298
0 0.3678466076696165 0.34572271386430675 0.05014749262536873 0.05663716814159292
0 0.5457227138643068 0.3398230088495575 0.06843657817109144 0.05073746312684366
0 0.6902654867256637 0.3870206489675516 0.0471976401179941 0.05781710914454277
1 0.8657817109144542 0.39233038348082594 0.03480825958702065 0.035398230088495575
0 0.13657817109144543 0.5339233038348082 0.05486725663716814 0.07079646017699115
0 0.22595870206489677 0.5575221238938053 0.0471976401179941 0.08259587020648967
0 0.36047197640117995 0.47817109144542774 0.040117994100294985 0.043067846607669616
0 0.5312684365781711 0.4814159292035398 0.05014749262536873 0.06489675516224189
0 0.6929203539823009 0.5283185840707965 0.033628318584070796 0.06430678466076696
0 0.8495575221238938 0.524188790560472 0.04129793510324484 0.07728613569321534
0 0.1271386430678466 0.6920353982300885 0.05014749262536873 0.10973451327433628
0 0.22212389380530972 0.6908554572271386 0.033628318584070796 0.07905604719764012
0 0.36696165191740415 0.6820058997050147 0.03775811209439528 0.06135693215339233
0 0.512684365781711 0.6274336283185841 0.03775811209439528 0.06312684365781711
0 0.6861356932153392 0.6336283185840708 0.04365781710914454 0.06017699115044248
1 0.8513274336283185 0.6601769911504425 0.04129793510324484 0.01887905604719764
0 0.13805309734513274 0.8135693215339233 0.08377581120943953 0.03421828908554572
1 0.22920353982300884 0.8348082595870207 0.0359882005899705 0.09085545722713864
0 0.3648967551622419 0.7979351032448377 0.03126843657817109 0.05486725663716814
0 0.5029498525073747 0.7899705014749262 0.06430678466076696 0.054277286135693215
0 0.6846607669616519 0.8300884955752212 0.03480825958702065 0.0696165191740413
0 0.8457227138643068 0.840117994100295 0.04070796460176991 0.05545722713864307
