0 0.12979351032448377 0.09380530973451327 0.13569321533923304 0.0943952802359882
0 0.33185840707964603 0.11887905604719765 0.057227138643067846 0.20943952802359883
0 0.4882005899705015 0.10265486725663717 0.07020648967551622 0.15693215339233038
0 0.6902654867256637 0.13244837758112094 0.13097345132743363 0.1457227138643068
0 0.8640117994100295 0.14188790560471976 0.1056047197640118 0.10914454277286136
0 0.21651917404129795 0.2398230088495575 0.19233038348082596 0.09026548672566372
0 0.38200589970501475 0.24896755162241888 0.0584070796460177 0.0920353982300885
0 0.47817109144542774 0.2825958702064897 0.1528023598820059 0.05309734513274336
0 0.6949852507374631 0.27935103244837756 0.029498525073746312 0.038348082595870206
0 0.8504424778761062 0.31563421828908556 0.08672566371681416 0.044837758112094395
0 0.23244837758112094 0.40294985250737464 0.0743362831858407 0.03421828908554572
0 0.3967551622418879 0.3979351032448378 0.08672566371681416 0.19174041297935102
0 0.5262536873156343 0.41976401179941003 0.05309734513274336 0.03716814159292035
0 0.5908554572271386 0.46578171091445425 0.05132743362831858 0.12094395280235988
0 0.6761061946902654 0.4168141592920354 0.18053097345132743 0.09026548672566372
1 0.8457227138643068 0.4014749262536873 0.014749262536873156 0.03952802359882006
0 0.22625368731563422 0.5530973451327433 0.07846607669616519 0.03480825958702065
0 0.32359882005899704 0.5728613569321533 0.04424778761061947 0.04601769911504425
1 0.4870206489675516 0.5188790560471976 0.04424778761061947 0.023008849557522124
0 0.5849557522123894 0.5424778761061947 0.08790560471976401 0.13392330383480827
0 0.7510324483775811 0.5619469026548672 0.02359882005899705 0.03716814159292035
0 0.8884955752212389 0.5026548672566371 0.11209439528023599 0.08141592920353982
0 0.8985250737463126 0.6557522123893805 0.10619469026548672 0.1882005899705015
1 0.7533923303834809 0.6781710914454278 0.025958702064896755 0.027728613569321534
0 0.616519174041298 0.6572271386430678 0.04601769911504425 0.1191740412979351
0 0.371976401179941 0.6890855457227139 0.09970501474926254 0.16991150442477876
0 0.49852507374631266 0.640117994100295 0.18761061946902655 0.05663716814159292
0 0.25398230088495577 0.7005899705014749 0.038348082595870206 0.04188790560471976
0 0.26135693215339234 0.7448377581120944 0.0743362831858407 0.16224188790560473
0 0.412094395280236 0.8147492625368732 0.13156342182890857 0.10147492625368731
0 0.5386430678466076 0.8088495575221238 0.02359882005899705 0.0743362831858407
1 0.6728613569321534 0.8070796460176991 0.027728613569321534 0.025958702064896755
0 0.7905604719764012 0.7870206489675516 0.10265486725663717 0.12625368731563422
0 0.9005899705014749 0.7808259587020648 0.09852507374631268 0.17050147492625367
