0 0.1454277286135693 0.1421828908554572 0.05486725663716814 0.025958702064896755
0 0.27935103244837756 0.15722713864306784 0.033628318584070796 0.04188790560471976
0 0.49793510324483775 0.13244837758112094 0.03421828908554572 0.02536873156342183
0 0.6504424778761062 0.16106194690265485 0.03126843657817109 0.035398230088495575
0 0.7212389380530974 0.0967551622418879 0.03126843657817109 0.03303834808259587
0 0.8761061946902655 0.12861356932153392 0.06371681415929203 0.040117994100294985
0 0.20265486725663717 0.27463126843657815 0.07492625368731563 0.05132743362831858
0 0.2929203539823009 0.2926253687315634 0.052507374631268436 0.04247787610619469
1 0.4775811209439528 0.2592920353982301 0.05132743362831858 0.032448377581120944
1 0.7342182890855458 0.268141592920354 0.03480825958702065 0.03008849557522124
0 0.8480825958702065 0.23864306784660766 0.04896755162241888 0.043067846607669616
0 0.1415929203539823 0.43156342182890856 0.030678466076696165 0.02654867256637168
1 0.2887905604719764 0.4126843657817109 0.04542772861356932 0.04896755162241888
0 0.40412979351032446 0.4070796460176991 0.08023598820058997 0.08259587020648967
0 0.5268436578171092 0.3752212389380531 0.03657817109144543 0.0743362831858407
0 0.6023598820058997 0.31976401179941005 0.06843657817109144 0.05309734513274336
0 0.7070796460176991 0.37138643067846605 0.06666666666666667 0.05368731563421829
0 0.8300884955752212 0.38200589970501475 0.06843657817109144 0.05368731563421829
0 0.15781710914454278 0.5820058997050147 0.061946902654867256 0.05014749262536873
1 0.3182890855457227 0.5492625368731563 0.04424778761061947 0.04247787610619469
0 0.43864306784660767 0.5374631268436578 0.043067846607669616 0.03775811209439528
0 0.5911504424778761 0.5510324483775811 0.04837758112094395 0.05663716814159292
0 0.707669616519174 0.5227138643067847 0.04896755162241888 0.04129793510324484
1 0.8654867256637168 0.4958702064896755 0.03421828908554572 0.04660766961651917
0 0.14041297935103245 0.8592920353982301 0.06489675516224189 0.038348082595870206
0 0.2584070796460177 0.8129793510324483 0.06253687315634218 0.04601769911504425
1 0.27699115044247785 0.7238938053097345 0.05014749262536873 0.06843657817109144
1 0.3398230088495575 0.735693215339233 0.0471976401179941 0.03893805309734513
0 0.44188790560471974 0.6973451327433628 0.03893805309734513 0.05073746312684366
1 0.4212389380530973 0.896165191740413 0.03657817109144543 0.040117994100294985
0 0.5713864306784661 0.703834808259587 0.038348082595870206 0.10501474926253687
0 0.6215339233038348 0.7610619469026548 0.0584070796460177 0.054277286135693215
0 0.6047197640117994 0.8410029498525073 0.04837758112094395 0.06430678466076696
0 0.7728613569321534 0.6837758112094395 0.04837758112094395 0.07551622418879056
0 0.81976401179941 0.7890855457227138 0.03952802359882006 0.033628318584070796
0 0.8427728613569322 0.6575221238938053 0.043067846607669616 0.05368731563421829
