0 0.1303834808259587 0.08230088495575222 0.1368731563421829 0.10088495575221239
0 0.22566371681415928 0.2271386430678466 0.17168141592920355 0.12861356932153392
0 0.34041297935103243 0.1430678466076696 0.054277286135693215 0.1823008849557522
0 0.4911504424778761 0.11858407079646018 0.07964601769911504 0.14041297935103245
0 0.7032448377581121 0.11710914454277285 0.11209439528023599 0.07138643067846608
0 0.38259587020648966 0.25014749262536873 0.05486725663716814 0.09085545722713864
0 0.47286135693215336 0.28820058997050146 0.15988200589970503 0.038348082595870206
0 0.6899705014749262 0.28230088495575223 0.0359882005899705 0.038348082595870206
0 0.8781710914454277 0.13864306784660768 0.06666666666666667 0.0943952802359882
0 0.8492625368731563 0.3168141592920354 0.09380530973451327 0.04365781710914454
0 0.23244837758112094 0.41238938053097346 0.0696165191740413 0.044837758112094395
0 0.39557522123893807 0.3949852507374631 0.09026548672566372 0.19410029498525072
0 0.5268436578171092 0.42035398230088494 0.049557522123893805 0.03126843657817109
1 0.8445427728613569 0.4002949852507375 0.014749262536873156 0.038348082595870206
0 0.5899705014749262 0.46607669616519176 0.05073746312684366 0.1215339233038348
0 0.6716814159292035 0.4165191740412979 0.1893805309734513 0.08613569321533923
0 0.23215339233038348 0.551622418879056 0.09380530973451327 0.03775811209439528
1 0.3268436578171091 0.5578171091445427 0.03421828908554572 0.01710914454277286
1 0.4864306784660767 0.5182890855457227 0.04070796460176991 0.024188790560471976
0 0.8787610619469026 0.5067846607669616 0.11150442477876106 0.08377581120943953
0 0.5793510324483776 0.5448377581120943 0.07669616519174041 0.12802359882005898
0 0.747197640117994 0.56047197640118 0.033628318584070796 0.03421828908554572
0 0.2569321533923304 0.699410029498525 0.04424778761061947 0.033628318584070796
0 0.27551622418879057 0.7457227138643068 0.07079646017699115 0.1663716814159292
0 0.36696165191740415 0.6887905604719764 0.0943952802359882 0.16814159292035397
0 0.42920353982300885 0.7946902654867256 0.10206489675516224 0.12507374631268436
0 0.4864306784660767 0.6368731563421829 0.17286135693215338 0.05486725663716814
0 0.5365781710914455 0.8079646017699115 0.028908554572271386 0.07610619469026549
0 0.6185840707964602 0.6634218289085546 0.05014749262536873 0.12212389380530973
1 0.7522123893805309 0.6775811209439528 0.02359882005899705 0.02536873156342183
1 0.6728613569321534 0.8044247787610619 0.028908554572271386 0.024188790560471976
0 0.8991150442477875 0.6525073746312684 0.09557522123893805 0.18171091445427728
0 0.792330383480826 0.8221238938053097 0.06489675516224189 0.12920353982300886
0 0.8964601769911504 0.7787610619469026 0.08790560471976401 0.17699115044247787
