0 0.14513274336283186 0.1398230088495575 0.05545722713864307 0.027138643067846607
0 0.2799410029498525 0.15634218289085544 0.033628318584070796 0.04129793510324484
0 0.4952802359882006 0.13333333333333333 0.033628318584070796 0.02359882005899705
0 0.6492625368731564 0.16194690265486725 0.03480825958702065 0.03716814159292035
0 0.7212389380530974 0.09616519174041298 0.032448377581120944 0.03303834808259587
0 0.8746312684365781 0.12920353982300886 0.06548672566371681 0.03893805309734513
0 0.20324483775811208 0.27463126843657815 0.07256637168141593 0.05014749262536873
0 0.2926253687315634 0.2926253687315634 0.05309734513274336 0.04247787610619469
1 0.47787610619469023 0.25781710914454276 0.05309734513274336 0.03421828908554572
0 0.5932153392330384 0.3200589970501475 0.05486725663716814 0.05368731563421829
1 0.7327433628318584 0.2663716814159292 0.035398230088495575 0.033628318584070796
0 0.8477876106194691 0.2383480825958702 0.049557522123893805 0.04247787610619469
0 0.14129793510324484 0.43628318584070797 0.03126843657817109 0.038348082595870206
0 0.2884955752212389 0.41238938053097346 0.04601769911504425 0.049557522123893805
0 0.403834808259587 0.4079646017699115 0.07964601769911504 0.0808259587020649
0 0.5271386430678466 0.37315634218289084 0.038348082595870206 0.07138643067846608
0 0.7053097345132743 0.3696165191740413 0.06548672566371681 0.05132743362831858
0 0.8309734513274336 0.3823008849557522 0.06666666666666667 0.05073746312684366
0 0.15663716814159293 0.5834808259587021 0.0607669616519174 0.054277286135693215
0 0.31976401179941005 0.5486725663716814 0.04837758112094395 0.04247787610619469
0 0.4398230088495575 0.5356932153392331 0.04542772861356932 0.03893805309734513
0 0.591740412979351 0.551622418879056 0.05073746312684366 0.06017699115044248
0 0.7067846607669617 0.523598820058997 0.04837758112094395 0.03952802359882006
1 0.8660766961651918 0.49557522123893805 0.035398230088495575 0.04601769911504425
1 0.27699115044247785 0.7221238938053097 0.04896755162241888 0.07079646017699115
1 0.3383480825958702 0.7348082595870207 0.04660766961651917 0.038348082595870206
0 0.4407079646017699 0.695575221238938 0.03775811209439528 0.054277286135693215
0 0.5696165191740413 0.7050147492625368 0.038348082595870206 0.10383480825958702
0 0.6218289085545723 0.7607669616519174 0.05781710914454277 0.057227138643067846
0 0.771976401179941 0.684070796460177 0.04424778761061947 0.07610619469026549
0 0.8433628318584071 0.6572271386430678 0.04188790560471976 0.05191740412979351
0 0.1407079646017699 0.859882005899705 0.06430678466076696 0.038348082595870206
0 0.2587020648967552 0.8135693215339233 0.06312684365781711 0.04247787610619469
1 0.4206489675516224 0.8952802359882006 0.03185840707964602 0.04070796460176991
0 0.6029498525073747 0.840117994100295 0.05191740412979351 0.06725663716814159
0 0.8182890855457227 0.7890855457227138 0.040117994100294985 0.03480825958702065
