0 0.13864306784660768 0.14690265486725662 0.0943952802359882 0.10147492625368731
0 0.30973451327433627 0.13215339233038348 0.13215339233038348 0.1463126843657817
0 0.5106194690265486 0.10530973451327433 0.07256637168141593 0.15752212389380532
0 0.6619469026548672 0.12271386430678466 0.06253687315634218 0.2088495575221239
0 0.8725663716814159 0.09085545722713864 0.1463126843657817 0.09557522123893805
0 0.14690265486725662 0.3174041297935103 0.08967551622418879 0.044837758112094395
0 0.308259587020649 0.2808259587020649 0.03126843657817109 0.03893805309734513
0 0.5230088495575221 0.28230088495575223 0.15870206489675515 0.05014749262536873
0 0.6185840707964602 0.25014749262536873 0.0607669616519174 0.0943952802359882
0 0.7867256637168142 0.24808259587020648 0.2 0.08436578171091445
1 0.15486725663716813 0.4014749262536873 0.01592920353982301 0.03716814159292035
0 0.10973451327433628 0.5035398230088496 0.11563421828908554 0.0831858407079646
0 0.3262536873156342 0.41386430678466074 0.1887905604719764 0.09144542772861357
0 0.40914454277286133 0.4666666666666667 0.05368731563421829 0.11799410029498525
0 0.4743362831858407 0.42212389380530974 0.05545722713864307 0.038348082595870206
0 0.6067846607669617 0.39823008849557523 0.09380530973451327 0.1911504424778761
0 0.7675516224188791 0.40589970501474926 0.07315634218289085 0.03893805309734513
0 0.10442477876106195 0.6530973451327433 0.10147492625368731 0.17935103244837758
0 0.09941002949852507 0.7811209439528024 0.09852507374631268 0.16991150442477876
1 0.25073746312684364 0.5607669616519174 0.02831858407079646 0.03480825958702065
1 0.24542772861356932 0.6781710914454278 0.02359882005899705 0.02182890855457227
1 0.33008849557522124 0.8082595870206489 0.028908554572271386 0.025958702064896755
1 0.5129793510324484 0.5168141592920354 0.04424778761061947 0.022418879056047197
1 0.6764011799410029 0.5669616519174041 0.04070796460176991 0.030678466076696165
0 0.21002949852507374 0.792330383480826 0.10265486725663717 0.13215339233038348
0 0.3858407079646018 0.656047197640118 0.04837758112094395 0.12271386430678466
0 0.5014749262536873 0.6395280235988201 0.18997050147492625 0.05781710914454277
0 0.4622418879056047 0.8103244837758112 0.027728613569321534 0.07374631268436578
0 0.6289085545722713 0.6896755162241888 0.10029498525073746 0.16991150442477876
0 0.7743362831858407 0.5536873156342182 0.07964601769911504 0.03480825958702065
0 0.5769911504424778 0.8056047197640118 0.10619469026548672 0.11032448377581121
0 0.7454277286135693 0.7020648967551623 0.038348082595870206 0.03893805309734513
0 0.7460176991150442 0.7448377581120944 0.07020648967551622 0.16342182890855456
0 0.41799410029498524 0.5424778761061947 0.09144542772861357 0.13156342182890857
