0 0.10265486725663717 0.11799410029498525 0.03893805309734513 0.03185840707964602
0 0.20589970501474925 0.1592920353982301 0.071976401179941 0.10737463126843658
0 0.3513274336283186 0.1079646017699115 0.04188790560471976 0.044837758112094395
0 0.48023598820059 0.13716814159292035 0.13451327433628318 0.07964601769911504
0 0.6348082595870206 0.14188790560471976 0.10855457227138643 0.06312684365781711
0 0.764306784660767 0.17728613569321533 0.061946902654867256 0.0831858407079646
0 0.12123893805309735 0.27817109144542773 0.04188790560471976 0.07846607669616519
1 0.2342182890855457 0.26902654867256637 0.05073746312684366 0.03303834808259587
0 0.33716814159292036 0.2640117994100295 0.07492625368731563 0.032448377581120944
1 0.5008849557522124 0.2808259587020649 0.03775811209439528 0.03421828908554572
0 0.6572271386430678 0.2569321533923304 0.0943952802359882 0.06548672566371681
0 0.7734513274336283 0.23952802359882006 0.11445427728613569 0.06135693215339233
0 0.11179941002949853 0.4654867256637168 0.05014749262536873 0.03657817109144543
0 0.26755162241887903 0.41238938053097346 0.1056047197640118 0.06843657817109144
0 0.3775811209439528 0.4542772861356932 0.071976401179941 0.14985250737463127
1 0.5053097345132743 0.3967551622418879 0.052507374631268436 0.04188790560471976
0 0.6752212389380531 0.45870206489675514 0.10914454277286136 0.05014749262536873
0 0.779646017699115 0.42625368731563423 0.03952802359882006 0.038348082595870206
0 0.1471976401179941 0.6008849557522123 0.033628318584070796 0.05368731563421829
0 0.3286135693215339 0.6144542772861357 0.06843657817109144 0.14926253687315633
0 0.4215339233038348 0.6044247787610619 0.12212389380530973 0.07492625368731563
0 0.5356932153392331 0.5203539823008849 0.044837758112094395 0.04247787610619469
1 0.16843657817109145 0.6917404129793511 0.04188790560471976 0.04542772861356932
0 0.6634218289085546 0.5607669616519174 0.1056047197640118 0.12330383480825959
0 0.7811209439528024 0.5548672566371682 0.03421828908554572 0.05132743362831858
0 0.5412979351032449 0.6663716814159292 0.06784660766961652 0.06784660766961652
0 0.27315634218289087 0.7294985250737464 0.029498525073746312 0.043067846607669616
0 0.11061946902654868 0.8209439528023599 0.04188790560471976 0.09026548672566372
1 0.2705014749262537 0.7710914454277286 0.03008849557522124 0.03893805309734513
0 0.4330383480825959 0.7607669616519174 0.12507374631268436 0.12448377581120944
0 0.3896755162241888 0.8504424778761062 0.12212389380530973 0.12566371681415928
0 0.5448377581120943 0.8368731563421828 0.0808259587020649 0.13156342182890857
0 0.6542772861356932 0.7823008849557522 0.04837758112094395 0.08023598820058997
0 0.7675516224188791 0.7828908554572271 0.16991150442477876 0.06371681415929203
0 0.6870206489675517 0.6769911504424778 0.05132743362831858 0.05014749262536873
0 0.7752212389380531 0.6702064896755162 0.12271386430678466 0.09911504424778761
