0 0.17138643067846607 0.12359882005899706 0.0607669616519174 0.04542772861356932
0 0.268141592920354 0.1920353982300885 0.052507374631268436 0.04542772861356932
1 0.41150442477876104 0.1383480825958702 0.0359882005899705 0.03480825958702065
0 0.6324483775811209 0.17758112094395279 0.03185840707964602 0.0943952802359882
0 0.7002949852507374 0.14188790560471976 0.035398230088495575 0.07610619469026549
0 0.8935103244837758 0.17640117994100296 0.032448377581120944 0.04365781710914454
0 0.16283185840707964 0.30117994100294987 0.08731563421828908 0.06312684365781711
1 0.3380530973451327 0.26489675516224187 0.0471976401179941 0.03775811209439528
0 0.44365781710914454 0.3035398230088496 0.03893805309734513 0.05604719764011799
0 0.556047197640118 0.3053097345132743 0.06430678466076696 0.08672566371681416
0 0.799410029498525 0.3058997050147493 0.035398230088495575 0.07374631268436578
0 0.8825958702064897 0.3079646017699115 0.03421828908554572 0.0471976401179941
0 0.15250737463126843 0.41415929203539825 0.0607669616519174 0.05663716814159292
1 0.31887905604719763 0.4510324483775811 0.04896755162241888 0.043067846607669616
0 0.44011799410029495 0.46607669616519176 0.04601769911504425 0.040117994100294985
0 0.5831858407079646 0.459882005899705 0.06902654867256637 0.057227138643067846
0 0.7277286135693215 0.42330383480825956 0.03008849557522124 0.032448377581120944
1 0.8828908554572271 0.44424778761061945 0.047787610619469026 0.040117994100294985
0 0.14601769911504425 0.5315634218289086 0.03716814159292035 0.035398230088495575
1 0.28908554572271383 0.5887905604719764 0.0471976401179941 0.05191740412979351
0 0.4044247787610619 0.5905604719764012 0.0808259587020649 0.08259587020648967
0 0.5277286135693215 0.628023598820059 0.04896755162241888 0.07138643067846608
0 0.699410029498525 0.6303834808259587 0.07728613569321534 0.06548672566371681
0 0.8690265486725663 0.5533923303834808 0.040117994100294985 0.071976401179941
0 0.17345132743362832 0.7053097345132743 0.07079646017699115 0.05368731563421829
0 0.2790560471976401 0.7728613569321534 0.040117994100294985 0.040117994100294985
1 0.48053097345132745 0.7427728613569321 0.0584070796460177 0.03303834808259587
0 0.6064896755162241 0.747197640117994 0.05663716814159292 0.0584070796460177
0 0.7345132743362832 0.7392330383480826 0.04129793510324484 0.03657817109144543
0 0.848377581120944 0.7601769911504425 0.05191740412979351 0.04188790560471976
0 0.1504424778761062 0.8539823008849557 0.04601769911504425 0.04070796460176991
0 0.27935103244837756 0.8923303834808259 0.03716814159292035 0.04188790560471976
0 0.4946902654867257 0.8817109144542773 0.03008849557522124 0.02536873156342183
0 0.6457227138643068 0.8920353982300885 0.032448377581120944 0.029498525073746312
1 0.7227138643067846 0.9041297935103245 0.030678466076696165 0.033628318584070796
0 0.8761061946902655 0.8734513274336283 0.07079646017699115 0.03952802359882006
