0 0.09587020648967551 0.11209439528023599 0.03952802359882006 0.029498525073746312
0 0.2056047197640118 0.15722713864306784 0.06548672566371681 0.1056047197640118
0 0.3542772861356932 0.1168141592920354 0.043067846607669616 0.04365781710914454
0 0.48112094395280236 0.1359882005899705 0.13156342182890857 0.09262536873156342
0 0.6451327433628319 0.13097345132743363 0.10088495575221239 0.06725663716814159
0 0.7587020648967552 0.17699115044247787 0.07669616519174041 0.08613569321533923
0 0.12418879056047197 0.2808259587020649 0.04896755162241888 0.07905604719764012
0 0.21946902654867256 0.26253687315634217 0.029498525073746312 0.03303834808259587
0 0.3327433628318584 0.28230088495575223 0.08023598820058997 0.03480825958702065
0 0.49321533923303834 0.28466076696165193 0.04837758112094395 0.03480825958702065
0 0.6581120943952802 0.25604719764011796 0.09026548672566372 0.06843657817109144
0 0.7498525073746313 0.24336283185840707 0.07551622418879056 0.028908554572271386
1 0.10973451327433628 0.4654867256637168 0.04601769911504425 0.04247787610619469
0 0.25958702064896755 0.4020648967551622 0.08849557522123894 0.08672566371681416
0 0.3728613569321534 0.46017699115044247 0.08023598820058997 0.14277286135693215
1 0.503834808259587 0.3958702064896755 0.054277286135693215 0.04247787610619469
0 0.6613569321533923 0.4625368731563422 0.12035398230088495 0.05663716814159292
0 0.7817109144542773 0.4294985250737463 0.040117994100294985 0.04601769911504425
0 0.15693215339233038 0.5766961651917404 0.04601769911504425 0.0584070796460177
0 0.32654867256637166 0.6141592920353982 0.07256637168141593 0.1463126843657817
0 0.3823008849557522 0.5938053097345133 0.07079646017699115 0.08200589970501475
0 0.536283185840708 0.5221238938053098 0.0471976401179941 0.044837758112094395
0 0.5463126843657817 0.6743362831858407 0.0920353982300885 0.07079646017699115
0 0.6696165191740413 0.5474926253687316 0.11327433628318584 0.10855457227138643
0 0.7799410029498525 0.5545722713864307 0.03421828908554572 0.0471976401179941
0 0.7684365781710915 0.671386430678466 0.08672566371681416 0.11445427728613569
1 0.16578171091445426 0.6932153392330384 0.04247787610619469 0.030678466076696165
0 0.10973451327433628 0.7964601769911505 0.049557522123893805 0.06489675516224189
1 0.2761061946902655 0.7991150442477876 0.03421828908554572 0.02536873156342183
0 0.2728613569321534 0.7179941002949852 0.03008849557522124 0.03303834808259587
0 0.424188790560472 0.7566371681415929 0.10855457227138643 0.11976401179941003
0 0.39321533923303836 0.8492625368731563 0.12566371681415928 0.13628318584070798
0 0.5469026548672566 0.8407079646017699 0.07787610619469026 0.13215339233038348
0 0.6563421828908554 0.7817109144542773 0.05132743362831858 0.08259587020648967
0 0.7648967551622419 0.787905604719764 0.18348082595870208 0.052507374631268436
0 0.6855457227138643 0.6749262536873156 0.049557522123893805 0.04837758112094395
