1 0.1457227138643068 0.09056047197640119 0.03303834808259587 0.024188790560471976
0 0.32536873156342183 0.06283185840707964 0.11740412979351032 0.04542772861356932
1 0.4616519174041298 0.12064896755162241 0.03008849557522124 0.032448377581120944
0 0.5967551622418878 0.07492625368731563 0.043067846607669616 0.06371681415929203
0 0.7415929203539823 0.05575221238938053 0.05545722713864307 0.0584070796460177
0 0.8805309734513275 0.05958702064896755 0.05368731563421829 0.10147492625368731
0 0.1407079646017699 0.23008849557522124 0.057227138643067846 0.044837758112094395
0 0.29410029498525075 0.22831858407079647 0.04070796460176991 0.05191740412979351
0 0.47079646017699117 0.25663716814159293 0.04837758112094395 0.05309734513274336
0 0.6277286135693215 0.18377581120943953 0.1215339233038348 0.04542772861356932
0 0.752802359882006 0.18053097345132743 0.05073746312684366 0.05663716814159292
0 0.8814159292035398 0.2377581120943953 0.06253687315634218 0.07551622418879056
0 0.13480825958702064 0.38200589970501475 0.03716814159292035 0.05486725663716814
0 0.3117994100294985 0.37256637168141593 0.04896755162241888 0.057227138643067846
0 0.4533923303834808 0.32536873156342183 0.06784660766961652 0.0607669616519174
0 0.6330383480825958 0.36430678466076694 0.05309734513274336 0.09734513274336283
0 0.7737463126843658 0.30678466076696165 0.047787610619469026 0.12625368731563422
0 0.8746312684365781 0.3123893805309734 0.04070796460176991 0.07492625368731563
0 0.1528023598820059 0.5117994100294985 0.03657817109144543 0.08200589970501475
0 0.3079646017699115 0.5150442477876106 0.03421828908554572 0.08495575221238938
0 0.4713864306784661 0.4687315634218289 0.054277286135693215 0.06784660766961652
0 0.6421828908554572 0.4654867256637168 0.057227138643067846 0.04837758112094395
0 0.7752212389380531 0.5530973451327433 0.054277286135693215 0.10324483775811209
0 0.8646017699115044 0.5365781710914455 0.06430678466076696 0.07256637168141593
0 0.15132743362831858 0.6321533923303835 0.03480825958702065 0.05132743362831858
0 0.3165191740412979 0.6247787610619469 0.043067846607669616 0.05545722713864307
0 0.4861356932153392 0.6053097345132743 0.04247787610619469 0.05663716814159292
0 0.6294985250737463 0.6784660766961652 0.04601769911504425 0.09085545722713864
0 0.7876106194690266 0.6932153392330384 0.05663716814159292 0.09911504424778761
0 0.8740412979351032 0.6811209439528023 0.04188790560471976 0.15988200589970503
0 0.15781710914454278 0.8141592920353982 0.05486725663716814 0.05073746312684366
0 0.2973451327433628 0.8407079646017699 0.08259587020648967 0.0696165191740413
0 0.4970501474926254 0.7707964601769911 0.06548672566371681 0.06312684365781711
0 0.6330383480825958 0.7825958702064897 0.03775811209439528 0.07728613569321534
0 0.7749262536873156 0.8292035398230089 0.03008849557522124 0.10914454277286136
0 0.8572271386430679 0.8053097345132744 0.10029498525073746 0.044837758112094395
