1 0.15162241887905603 0.11946902654867256 0.03303834808259587 0.01710914454277286
1 0.3088495575221239 0.14513274336283186 0.019469026548672566 0.035398230088495575
1 0.4654867256637168 0.14454277286135692 0.030678466076696165 0.016519174041297935
1 0.6147492625368731 0.1471976401179941 0.024778761061946902 0.02536873156342183
1 0.7740412979351032 0.14749262536873156 0.027138643067846607 0.022418879056047197
1 0.8982300884955752 0.12920353982300886 0.03008849557522124 0.025958702064896755
1 0.15752212389380532 0.36194690265486723 0.03303834808259587 0.01710914454277286
1 0.3206489675516224 0.3448377581120944 0.03716814159292035 0.019469026548672566
1 0.48348082595870207 0.3525073746312684 0.032448377581120944 0.02064896755162242
1 0.6262536873156342 0.3233038348082596 0.0359882005899705 0.022418879056047197
1 0.7843657817109144 0.3297935103244838 0.03126843657817109 0.021238938053097345
1 0.9014749262536873 0.3351032448377581 0.02831858407079646 0.017699115044247787
1 0.16224188790560473 0.515929203539823 0.03303834808259587 0.02182890855457227
1 0.31327433628318585 0.5138643067846608 0.030678466076696165 0.01887905604719764
1 0.46342182890855455 0.5212389380530973 0.03126843657817109 0.018289085545722714
1 0.6185840707964602 0.5008849557522124 0.028908554572271386 0.01887905604719764
1 0.7634218289085546 0.47109144542772863 0.03421828908554572 0.02182890855457227
1 0.912094395280236 0.47463126843657816 0.029498525073746312 0.019469026548672566
1 0.1528023598820059 0.6330383480825958 0.03185840707964602 0.016519174041297935
1 0.31327433628318585 0.6294985250737463 0.03185840707964602 0.01887905604719764
1 0.471976401179941 0.6247787610619469 0.030678466076696165 0.017699115044247787
1 0.615929203539823 0.6371681415929203 0.03185840707964602 0.015339233038348082
1 0.7584070796460177 0.6253687315634218 0.03008849557522124 0.016519174041297935
1 0.9061946902654867 0.6174041297935103 0.02831858407079646 0.01592920353982301
1 0.1504424778761062 0.7799410029498525 0.027138643067846607 0.029498525073746312
1 0.29469026548672567 0.7731563421828909 0.03008849557522124 0.023008849557522124
1 0.4498525073746313 0.771976401179941 0.0359882005899705 0.018289085545722714
1 0.6032448377581121 0.7648967551622419 0.038348082595870206 0.018289085545722714
1 0.7545722713864307 0.7648967551622419 0.030678466076696165 0.019469026548672566
1 0.8964601769911504 0.7631268436578171 0.03126843657817109 0.019469026548672566
1 0.13480825958702064 0.9056047197640118 0.03008849557522124 0.021238938053097345
1 0.2914454277286136 0.9138643067846608 0.030678466076696165 0.027138643067846607
1 0.43716814159292033 0.9147492625368732 0.030678466076696165 0.019469026548672566
1 0.5914454277286135 0.911504424778761 0.027728613569321534 0.022418879056047197
1 0.7336283185840707 0.9002949852507375 0.033628318584070796 0.021238938053097345
1 0.8952802359882006 0.9017699115044248 0.03126843657817109 0.01710914454277286
