0 0.13952802359882005 0.14277286135693215 0.1079646017699115 0.10619469026548672
0 0.3079646017699115 0.11887905604719765 0.13333333333333333 0.13392330383480827
0 0.5120943952802359 0.11179941002949853 0.071976401179941 0.1528023598820059
0 0.6572271386430678 0.12448377581120944 0.06489675516224189 0.21002949852507374
0 0.8778761061946903 0.08613569321533923 0.14985250737463127 0.0967551622418879
0 0.14926253687315633 0.3153392330383481 0.0967551622418879 0.05014749262536873
0 0.30855457227138644 0.2790560471976401 0.040117994100294985 0.044837758112094395
0 0.5262536873156343 0.28407079646017697 0.16047197640117994 0.04896755162241888
0 0.6200589970501474 0.24837758112094394 0.06371681415929203 0.0943952802359882
0 0.7873156342182891 0.25132743362831855 0.20117994100294984 0.08259587020648967
1 0.15693215339233038 0.4032448377581121 0.016519174041297935 0.038348082595870206
0 0.11238938053097344 0.5067846607669616 0.11976401179941003 0.08495575221238938
0 0.32949852507374633 0.4153392330383481 0.19174041297935102 0.08377581120943953
0 0.47463126843657816 0.41887905604719766 0.052507374631268436 0.03421828908554572
0 0.6041297935103245 0.39469026548672564 0.08967551622418879 0.1935103244837758
0 0.7657817109144542 0.40914454277286133 0.071976401179941 0.04424778761061947
0 0.10707964601769912 0.6525073746312684 0.10206489675516224 0.17699115044247787
1 0.2430678466076696 0.5551622418879056 0.01887905604719764 0.02359882005899705
1 0.24867256637168142 0.6778761061946903 0.02654867256637168 0.02831858407079646
1 0.3292035398230089 0.8064896755162242 0.029498525073746312 0.025958702064896755
0 0.41799410029498524 0.5415929203539823 0.09380530973451327 0.13333333333333333
0 0.3823008849557522 0.6563421828908554 0.04365781710914454 0.12212389380530973
0 0.5047197640117994 0.6395280235988201 0.19410029498525072 0.05781710914454277
0 0.6289085545722713 0.691150442477876 0.09793510324483776 0.17050147492625367
1 0.6728613569321534 0.5610619469026549 0.033628318584070796 0.02359882005899705
1 0.5138643067846608 0.5165191740412979 0.044837758112094395 0.023008849557522124
0 0.7716814159292036 0.5519174041297935 0.08141592920353982 0.03716814159292035
0 0.10176991150442477 0.7775811209439528 0.09852507374631268 0.17699115044247787
0 0.20058997050147492 0.7988200589970501 0.08023598820058997 0.14985250737463127
0 0.46194690265486726 0.8109144542772861 0.030678466076696165 0.07846607669616519
0 0.5699115044247788 0.7958702064896755 0.09321533923303835 0.12271386430678466
0 0.7451327433628319 0.6991150442477876 0.040117994100294985 0.03303834808259587
0 0.7525073746312684 0.7454277286135693 0.061946902654867256 0.16106194690265485
0 0.40943952802359884 0.4654867256637168 0.05191740412979351 0.1215339233038348
