0 0.11032448377581121 0.06430678466076696 0.054277286135693215 0.08967551622418879
0 0.26253687315634217 0.054277286135693215 0.0471976401179941 0.071976401179941
0 0.4020648967551622 0.06725663716814159 0.0359882005899705 0.0743362831858407
0 0.5371681415929204 0.12271386430678466 0.03480825958702065 0.03185840707964602
0 0.6808259587020649 0.06283185840707964 0.0943952802359882 0.05368731563421829
0 0.8557522123893805 0.08259587020648967 0.0359882005899705 0.03893805309734513
0 0.11858407079646018 0.24277286135693216 0.05545722713864307 0.07846607669616519
0 0.24808259587020648 0.18348082595870208 0.05132743362831858 0.054277286135693215
0 0.1271386430678466 0.3176991150442478 0.0359882005899705 0.08672566371681416
0 0.38141592920353984 0.1799410029498525 0.11150442477876106 0.071976401179941
0 0.22920353982300884 0.3165191740412979 0.04896755162241888 0.10678466076696165
0 0.36430678466076694 0.34041297935103243 0.05486725663716814 0.054277286135693215
0 0.5353982300884955 0.25663716814159293 0.0359882005899705 0.05309734513274336
0 0.7112094395280236 0.22890855457227138 0.04424778761061947 0.05073746312684366
0 0.5463126843657817 0.32654867256637166 0.06489675516224189 0.05486725663716814
0 0.6899705014749262 0.37610619469026546 0.04542772861356932 0.061946902654867256
0 0.8533923303834808 0.24336283185840707 0.04070796460176991 0.033628318584070796
0 0.8654867256637168 0.38259587020648966 0.03185840707964602 0.04542772861356932
0 0.13716814159292035 0.5286135693215339 0.0607669616519174 0.07551622418879056
0 0.22595870206489677 0.5510324483775811 0.05663716814159292 0.09557522123893805
0 0.3607669616519174 0.4654867256637168 0.047787610619469026 0.05191740412979351
0 0.5303834808259587 0.4702064896755162 0.05309734513274336 0.06843657817109144
0 0.6949852507374631 0.5174041297935104 0.040117994100294985 0.08141592920353982
0 0.8489675516224189 0.5135693215339233 0.04129793510324484 0.08200589970501475
0 0.12625368731563422 0.6834808259587021 0.04365781710914454 0.1433628318584071
0 0.2144542772861357 0.687905604719764 0.052507374631268436 0.0967551622418879
0 0.3710914454277286 0.6716814159292035 0.044837758112094395 0.0808259587020649
0 0.5132743362831859 0.6091445427728613 0.04129793510324484 0.057227138643067846
0 0.6843657817109144 0.6230088495575221 0.04365781710914454 0.05663716814159292
0 0.8513274336283185 0.6365781710914454 0.03421828908554572 0.03893805309734513
0 0.14041297935103245 0.8014749262536873 0.09321533923303835 0.032448377581120944
0 0.2294985250737463 0.8250737463126844 0.02831858407079646 0.09616519174041298
0 0.3693215339233038 0.7849557522123893 0.03421828908554572 0.07020648967551622
0 0.5047197640117994 0.7737463126843658 0.061946902654867256 0.057227138643067846
0 0.6858407079646017 0.8250737463126844 0.043067846607669616 0.10088495575221239
0 0.8412979351032448 0.8271386430678466 0.04601769911504425 0.06017699115044248
