0 0.10265486725663717 0.11799410029498525 0.040117994100294985 0.03303834808259587
0 0.20324483775811208 0.15988200589970503 0.07492625368731563 0.09911504424778761
0 0.3513274336283186 0.10943952802359883 0.038348082595870206 0.04542772861356932
0 0.48259587020648964 0.1351032448377581 0.13451327433628318 0.08023598820058997
0 0.6333333333333333 0.14188790560471976 0.07256637168141593 0.09852507374631268
0 0.7646017699115044 0.17374631268436577 0.06607669616519174 0.07374631268436578
0 0.12035398230088495 0.27728613569321536 0.04129793510324484 0.0743362831858407
1 0.23215339233038348 0.2693215339233038 0.04896755162241888 0.032448377581120944
0 0.3386430678466077 0.26371681415929205 0.06843657817109144 0.035398230088495575
1 0.5011799410029498 0.2784660766961652 0.03952802359882006 0.03421828908554572
0 0.656047197640118 0.25781710914454276 0.09085545722713864 0.06371681415929203
0 0.7887905604719764 0.23539823008849559 0.12979351032448377 0.044837758112094395
0 0.11091445427728613 0.4648967551622419 0.04837758112094395 0.03893805309734513
0 0.2669616519174041 0.4097345132743363 0.10088495575221239 0.06312684365781711
0 0.3793510324483776 0.452212389380531 0.06607669616519174 0.1433628318584071
0 0.5053097345132743 0.39941002949852505 0.052507374631268436 0.04601769911504425
0 0.6725663716814159 0.46135693215339235 0.09911504424778761 0.05545722713864307
0 0.7772861356932154 0.4271386430678466 0.03952802359882006 0.04129793510324484
0 0.14749262536873156 0.5982300884955752 0.03657817109144543 0.04837758112094395
1 0.15545722713864307 0.6669616519174041 0.03716814159292035 0.05014749262536873
0 0.3079646017699115 0.6141592920353982 0.08377581120943953 0.15575221238938053
0 0.2737463126843658 0.7289085545722713 0.03303834808259587 0.04188790560471976
0 0.41622418879056045 0.6014749262536873 0.11032448377581121 0.07020648967551622
0 0.5339233038348082 0.5209439528023598 0.044837758112094395 0.040117994100294985
0 0.6542772861356932 0.5731563421828908 0.11799410029498525 0.10442477876106195
0 0.7802359882005899 0.5542772861356932 0.03126843657817109 0.05132743362831858
0 0.5457227138643068 0.6687315634218289 0.07315634218289085 0.06312684365781711
0 0.11091445427728613 0.8233038348082595 0.04247787610619469 0.08908554572271386
1 0.25309734513274335 0.8421828908554572 0.035398230088495575 0.024188790560471976
0 0.384070796460177 0.8477876106194691 0.13215339233038348 0.11563421828908554
0 0.4312684365781711 0.7651917404129793 0.11091445427728613 0.11563421828908554
0 0.5581120943952802 0.8454277286135693 0.06017699115044248 0.10855457227138643
0 0.651622418879056 0.7852507374631268 0.04660766961651917 0.07079646017699115
0 0.771386430678466 0.8 0.16460176991150444 0.06017699115044248
0 0.6864306784660766 0.6772861356932154 0.05132743362831858 0.05073746312684366
0 0.7740412979351032 0.6725663716814159 0.11327433628318584 0.09911504424778761
