0 0.15693215339233038 0.1831858407079646 0.05309734513274336 0.0584070796460177
0 0.2991150442477876 0.16696165191740414 0.08259587020648967 0.05191740412979351
0 0.49675516224188787 0.21799410029498525 0.05545722713864307 0.04542772861356932
0 0.6342182890855457 0.21799410029498525 0.040117994100294985 0.08790560471976401
0 0.8061946902654867 0.17079646017699116 0.07728613569321534 0.07256637168141593
0 0.8705014749262536 0.19734513274336282 0.07020648967551622 0.04070796460176991
0 0.15398230088495574 0.3775811209439528 0.040117994100294985 0.05309734513274336
0 0.3215339233038348 0.36843657817109143 0.049557522123893805 0.052507374631268436
0 0.5132743362831859 0.3985250737463127 0.06725663716814159 0.05132743362831858
0 0.6389380530973451 0.30383480825958703 0.07079646017699115 0.06371681415929203
0 0.7790560471976401 0.32035398230088497 0.04188790560471976 0.0920353982300885
0 0.924188790560472 0.3421828908554572 0.12566371681415928 0.14749262536873156
0 0.1592920353982301 0.4929203539823009 0.04129793510324484 0.05132743362831858
0 0.3079646017699115 0.4846607669616519 0.03421828908554572 0.08790560471976401
0 0.471976401179941 0.5289085545722714 0.05545722713864307 0.06548672566371681
0 0.6421828908554572 0.5351032448377581 0.05604719764011799 0.054277286135693215
0 0.8002949852507375 0.4383480825958702 0.08436578171091445 0.0920353982300885
0 0.8710914454277287 0.4684365781710914 0.0808259587020649 0.08141592920353982
1 0.13628318584070798 0.61976401179941 0.03775811209439528 0.0584070796460177
0 0.3126843657817109 0.6504424778761062 0.04837758112094395 0.06430678466076696
0 0.4533923303834808 0.6607669616519174 0.06666666666666667 0.03893805309734513
0 0.6368731563421829 0.6227138643067847 0.05604719764011799 0.09380530973451327
0 0.1410029498525074 0.7710914454277286 0.058997050147492625 0.058997050147492625
0 0.3058997050147493 0.7764011799410029 0.06902654867256637 0.05073746312684366
0 0.48289085545722715 0.7410029498525074 0.07374631268436578 0.04837758112094395
0 0.8106194690265487 0.7097345132743362 0.0967551622418879 0.12271386430678466
0 0.8870206489675516 0.6769911504424778 0.057227138643067846 0.05604719764011799
0 0.6628318584070796 0.8377581120943953 0.09970501474926254 0.08023598820058997
0 0.7587020648967552 0.8141592920353982 0.06253687315634218 0.04601769911504425
0 0.8870206489675516 0.7657817109144542 0.06666666666666667 0.06489675516224189
0 0.15368731563421828 0.9200589970501475 0.033628318584070796 0.038348082595870206
0 0.33303834808259586 0.9525073746312684 0.10914454277286136 0.04070796460176991
1 0.4672566371681416 0.8823008849557522 0.02831858407079646 0.03716814159292035
0 0.5890855457227139 0.956047197640118 0.05958702064896755 0.07138643067846608
0 0.7589970501474926 0.967551622418879 0.0831858407079646 0.06017699115044248
0 0.879646017699115 0.9451327433628318 0.0471976401179941 0.10265486725663717
