1 0.13333333333333333 0.09144542772861357 0.04837758112094395 0.03775811209439528
0 0.27876106194690264 0.08672566371681416 0.033628318584070796 0.03303834808259587
0 0.3421828908554572 0.0943952802359882 0.03421828908554572 0.03185840707964602
0 0.5064896755162241 0.1182890855457227 0.03008849557522124 0.027728613569321534
0 0.7268436578171091 0.10088495575221239 0.03185840707964602 0.02831858407079646
0 0.8643067846607669 0.08466076696165192 0.049557522123893805 0.03716814159292035
0 0.14513274336283186 0.25398230088495577 0.06017699115044248 0.03480825958702065
0 0.26666666666666666 0.259882005899705 0.03657817109144543 0.032448377581120944
0 0.39764011799410026 0.25132743362831855 0.054277286135693215 0.05781710914454277
1 0.5194690265486726 0.259882005899705 0.05604719764011799 0.033628318584070796
1 0.7091445427728613 0.24041297935103245 0.044837758112094395 0.04188790560471976
0 0.8575221238938053 0.22212389380530972 0.04896755162241888 0.07610619469026549
0 0.12625368731563422 0.4191740412979351 0.06371681415929203 0.04070796460176991
0 0.29174041297935105 0.3817109144542773 0.06784660766961652 0.07787610619469026
0 0.4616519174041298 0.4085545722713864 0.03480825958702065 0.07610619469026549
0 0.564306784660767 0.4271386430678466 0.033628318584070796 0.09793510324483776
1 0.7023598820058997 0.40825958702064896 0.05486725663716814 0.04129793510324484
1 0.8466076696165191 0.44601769911504424 0.03303834808259587 0.03893805309734513
1 0.11622418879056047 0.5536873156342182 0.0471976401179941 0.03952802359882006
1 0.2581120943952802 0.5772861356932153 0.02654867256637168 0.03126843657817109
0 0.4026548672566372 0.5805309734513274 0.03952802359882006 0.0743362831858407
0 0.5613569321533923 0.5359882005899705 0.043067846607669616 0.03716814159292035
1 0.6817109144542772 0.5495575221238937 0.047787610619469026 0.04188790560471976
0 0.8498525073746312 0.5778761061946902 0.0607669616519174 0.06548672566371681
0 0.1200589970501475 0.6607669616519174 0.032448377581120944 0.05309734513274336
0 0.26135693215339234 0.6466076696165192 0.054277286135693215 0.07669616519174041
0 0.43392330383480826 0.7112094395280236 0.08908554572271386 0.05368731563421829
0 0.5796460176991151 0.6929203539823009 0.03952802359882006 0.04896755162241888
1 0.6693215339233038 0.692330383480826 0.04896755162241888 0.03480825958702065
0 0.8386430678466077 0.7 0.0831858407079646 0.06430678466076696
1 0.10648967551622418 0.8410029498525073 0.03716814159292035 0.04070796460176991
1 0.2271386430678466 0.8923303834808259 0.07315634218289085 0.03716814159292035
0 0.38908554572271387 0.8345132743362832 0.038348082595870206 0.07374631268436578
1 0.5702064896755162 0.9 0.0359882005899705 0.0359882005899705
0 0.696165191740413 0.9035398230088495 0.03893805309734513 0.06666666666666667
0 0.8312684365781711 0.8778761061946903 0.06607669616519174 0.04365781710914454
