0 0.13775811209439529 0.14513274336283186 0.10088495575221239 0.10619469026548672
0 0.3126843657817109 0.13244837758112094 0.13097345132743363 0.1457227138643068
0 0.5132743362831859 0.11238938053097344 0.071976401179941 0.15398230088495574
0 0.6578171091445427 0.12507374631268436 0.06371681415929203 0.2088495575221239
0 0.8755162241887906 0.08761061946902654 0.14985250737463127 0.09852507374631268
0 0.1486725663716814 0.31622418879056047 0.09321533923303835 0.0471976401179941
1 0.15516224188790562 0.40176991150442476 0.01415929203539823 0.035398230088495575
0 0.3079646017699115 0.28023598820059 0.03185840707964602 0.040117994100294985
0 0.524188790560472 0.28289085545722714 0.15634218289085544 0.047787610619469026
0 0.6174041297935103 0.24896755162241888 0.0584070796460177 0.09321533923303835
0 0.7861356932153393 0.25014749262536873 0.1976401179941003 0.08023598820058997
0 0.32536873156342183 0.4165191740412979 0.1893805309734513 0.08613569321533923
0 0.4743362831858407 0.4206489675516224 0.05545722713864307 0.03775811209439528
0 0.4103244837758112 0.46696165191740413 0.05132743362831858 0.12330383480825959
0 0.6032448377581121 0.39469026548672564 0.08790560471976401 0.1935103244837758
0 0.7654867256637168 0.4097345132743363 0.07256637168141593 0.04424778761061947
0 0.11032448377581121 0.5050147492625369 0.11563421828908554 0.08377581120943953
1 0.24424778761061947 0.5589970501474926 0.020058997050147492 0.028908554572271386
0 0.4165191740412979 0.5442477876106194 0.08731563421828908 0.13392330383480827
1 0.5129793510324484 0.5185840707964602 0.04542772861356932 0.02359882005899705
1 0.6737463126843658 0.5601769911504425 0.03421828908554572 0.02182890855457227
0 0.7731563421828909 0.5525073746312684 0.0831858407079646 0.033628318584070796
0 0.10383480825958702 0.6551622418879056 0.10029498525073746 0.1870206489675516
0 0.09882005899705015 0.7784660766961652 0.09852507374631268 0.17404129793510326
1 0.24778761061946902 0.6778761061946903 0.024778761061946902 0.025958702064896755
1 0.3268436578171091 0.8061946902654867 0.027138643067846607 0.02654867256637168
0 0.20176991150442478 0.7979351032448377 0.08259587020648967 0.14690265486725662
0 0.3823008849557522 0.6581120943952802 0.04837758112094395 0.12330383480825959
0 0.4622418879056047 0.8103244837758112 0.027728613569321534 0.07846607669616519
0 0.5728613569321533 0.8017699115044248 0.09911504424778761 0.12035398230088495
0 0.6312684365781711 0.6902654867256637 0.0967551622418879 0.17227138643067846
0 0.5041297935103245 0.6383480825958702 0.1882005899705015 0.05545722713864307
0 0.7513274336283186 0.744542772861357 0.06430678466076696 0.16283185840707964
0 0.7451327433628319 0.7005899705014749 0.04247787610619469 0.033628318584070796
