0 0.09587020648967551 0.07404129793510325 0.04424778761061947 0.05958702064896755
0 0.2604719764011799 0.06991150442477875 0.05368731563421829 0.07256637168141593
0 0.39941002949852505 0.08230088495575222 0.04247787610619469 0.06666666666666667
0 0.532448377581121 0.1327433628318584 0.03008849557522124 0.035398230088495575
0 0.6926253687315634 0.06755162241887905 0.04129793510324484 0.05958702064896755
0 0.8513274336283185 0.0943952802359882 0.035398230088495575 0.027138643067846607
0 0.1191740412979351 0.24572271386430677 0.05545722713864307 0.05604719764011799
0 0.24631268436578171 0.20648967551622419 0.05486725663716814 0.054277286135693215
0 0.39233038348082594 0.19705014749262537 0.08495575221238938 0.0696165191740413
0 0.5312684365781711 0.2702064896755162 0.033628318584070796 0.05073746312684366
0 0.7073746312684366 0.23864306784660766 0.040117994100294985 0.05132743362831858
0 0.8542772861356932 0.25162241887905606 0.05191740412979351 0.04424778761061947
0 0.13126843657817108 0.3383480825958702 0.04542772861356932 0.07846607669616519
0 0.2294985250737463 0.3392330383480826 0.044837758112094395 0.0920353982300885
0 0.368141592920354 0.3430678466076696 0.0471976401179941 0.05486725663716814
0 0.5436578171091445 0.34100294985250734 0.06312684365781711 0.05545722713864307
0 0.6882005899705015 0.38082595870206487 0.05014749262536873 0.0584070796460177
1 0.8646017699115044 0.3846607669616519 0.0359882005899705 0.024778761061946902
0 0.1398230088495575 0.5398230088495575 0.05191740412979351 0.058997050147492625
0 0.228023598820059 0.5542772861356932 0.05014749262536873 0.07492625368731563
0 0.3601769911504425 0.48023598820059 0.04424778761061947 0.04365781710914454
0 0.5392330383480826 0.48112094395280236 0.054277286135693215 0.05604719764011799
0 0.6941002949852507 0.5224188790560472 0.03716814159292035 0.06430678466076696
0 0.8498525073746312 0.5212389380530973 0.04188790560471976 0.07020648967551622
0 0.11445427728613569 0.6917404129793511 0.049557522123893805 0.09026548672566372
0 0.22654867256637168 0.692330383480826 0.03893805309734513 0.07728613569321534
0 0.3663716814159292 0.6787610619469027 0.03775811209439528 0.05958702064896755
0 0.515339233038348 0.6241887905604719 0.04070796460176991 0.06371681415929203
0 0.6849557522123894 0.6327433628318584 0.04247787610619469 0.05604719764011799
1 0.8519174041297934 0.6578171091445427 0.04247787610619469 0.021238938053097345
0 0.12979351032448377 0.8218289085545722 0.08141592920353982 0.035398230088495575
0 0.231858407079646 0.8336283185840708 0.035398230088495575 0.08967551622418879
0 0.37168141592920356 0.7988200589970501 0.04129793510324484 0.05309734513274336
0 0.5041297935103245 0.7887905604719764 0.06312684365781711 0.054277286135693215
0 0.6884955752212389 0.823598820058997 0.03775811209439528 0.06607669616519174
0 0.8469026548672566 0.8389380530973451 0.03716814159292035 0.04837758112094395
