0 0.24985250737463127 0.25663716814159293 0.06666666666666667 0.1616519174041298
0 0.25781710914454276 0.3008849557522124 0.03893805309734513 0.03657817109144543
0 0.37138643067846605 0.3100294985250737 0.09734513274336283 0.17050147492625367
0 0.4271386430678466 0.19646017699115043 0.10147492625368731 0.1168141592920354
0 0.5404129793510324 0.19085545722713865 0.029498525073746312 0.07610619469026549
0 0.49852507374631266 0.3616519174041298 0.1887905604719764 0.05663716814159292
1 0.6728613569321534 0.1926253687315634 0.03008849557522124 0.02536873156342183
1 0.7533923303834809 0.3233038348082596 0.027138643067846607 0.027138643067846607
0 0.7525073746312684 0.4398230088495575 0.027728613569321534 0.03126843657817109
0 0.22654867256637168 0.44542772861356933 0.07905604719764012 0.035398230088495575
0 0.32831858407079645 0.4368731563421829 0.03480825958702065 0.027728613569321534
1 0.48761061946902656 0.48259587020648964 0.04542772861356932 0.022418879056047197
0 0.5811209439528023 0.45634218289085543 0.09557522123893805 0.1327433628318584
0 0.8941002949852507 0.34424778761061947 0.09970501474926254 0.19174041297935102
0 0.9029498525073746 0.22035398230088496 0.09970501474926254 0.17404129793510326
0 0.7943952802359882 0.20294985250737463 0.09026548672566372 0.14041297935103245
0 0.2342182890855457 0.5929203539823009 0.07315634218289085 0.04129793510324484
0 0.3938053097345133 0.603834808259587 0.09144542772861357 0.19410029498525072
0 0.5277286135693215 0.58023598820059 0.05132743362831858 0.03480825958702065
0 0.5911504424778761 0.532448377581121 0.05191740412979351 0.12448377581120944
0 0.6749262536873156 0.584070796460177 0.18997050147492625 0.08967551622418879
1 0.8463126843657817 0.5991150442477876 0.012389380530973451 0.038348082595870206
0 0.8905604719764012 0.49557522123893805 0.11386430678466077 0.08495575221238938
0 0.2135693215339233 0.7510324483775811 0.19823008849557522 0.08259587020648967
0 0.3817109144542773 0.7513274336283186 0.06253687315634218 0.09498525073746313
0 0.47581120943952804 0.7171091445427729 0.15516224188790562 0.04896755162241888
0 0.6941002949852507 0.7212389380530974 0.03480825958702065 0.04070796460176991
0 0.8510324483775811 0.6846607669616519 0.09026548672566372 0.04424778761061947
0 0.12802359882005898 0.911504424778761 0.1415929203539823 0.0967551622418879
0 0.3421828908554572 0.8775811209439528 0.06371681415929203 0.20825958702064895
0 0.48908554572271384 0.8908554572271387 0.07315634218289085 0.15339233038348082
0 0.6887905604719764 0.8672566371681416 0.12684365781710916 0.14513274336283186
0 0.8616519174041298 0.8542772861356932 0.10324483775811209 0.10619469026548672
0 0.6176991150442478 0.3424778761061947 0.04365781710914454 0.12330383480825959
