1 0.11150442477876106 0.10530973451327433 0.03775811209439528 0.01710914454277286
1 0.25663716814159293 0.10383480825958702 0.03303834808259587 0.017699115044247787
1 0.3991150442477876 0.10973451327433628 0.032448377581120944 0.021238938053097345
1 0.5445427728613569 0.10973451327433628 0.035398230088495575 0.020058997050147492
1 0.7141592920353982 0.11563421828908554 0.03126843657817109 0.01887905604719764
1 0.856637168141593 0.12566371681415928 0.03421828908554572 0.01887905604719764
1 0.12359882005899706 0.23008849557522124 0.03126843657817109 0.021238938053097345
1 0.24424778761061947 0.23097345132743363 0.027138643067846607 0.018289085545722714
1 0.396165191740413 0.22890855457227138 0.032448377581120944 0.020058997050147492
1 0.5412979351032449 0.23244837758112094 0.03480825958702065 0.021238938053097345
1 0.7041297935103245 0.22890855457227138 0.03480825958702065 0.020058997050147492
1 0.8584070796460177 0.23539823008849559 0.03303834808259587 0.021238938053097345
1 0.12330383480825959 0.3687315634218289 0.030678466076696165 0.02359882005899705
1 0.2336283185840708 0.36106194690265486 0.03421828908554572 0.020058997050147492
1 0.37079646017699114 0.3696165191740413 0.033628318584070796 0.02064896755162242
1 0.5471976401179941 0.37256637168141593 0.033628318584070796 0.019469026548672566
1 0.691150442477876 0.3648967551622419 0.033628318584070796 0.02064896755162242
1 0.8660766961651918 0.3775811209439528 0.03421828908554572 0.020058997050147492
1 0.1215339233038348 0.528023598820059 0.027138643067846607 0.02359882005899705
1 0.2365781710914454 0.5262536873156343 0.030678466076696165 0.022418879056047197
1 0.3696165191740413 0.5070796460176991 0.03126843657817109 0.023008849557522124
1 0.5483775811209439 0.5 0.03126843657817109 0.023008849557522124
1 0.6985250737463127 0.49498525073746313 0.03421828908554572 0.021238938053097345
1 0.8551622418879056 0.49085545722713864 0.0359882005899705 0.022418879056047197
1 0.11533923303834809 0.6637168141592921 0.033628318584070796 0.016519174041297935
1 0.23244837758112094 0.6690265486725664 0.029498525073746312 0.017699115044247787
1 0.36607669616519173 0.6654867256637168 0.032448377581120944 0.022418879056047197
1 0.5286135693215339 0.6619469026548672 0.03421828908554572 0.020058997050147492
1 0.692330383480826 0.6607669616519174 0.0359882005899705 0.020058997050147492
1 0.8536873156342183 0.663126843657817 0.03775811209439528 0.02359882005899705
1 0.1215339233038348 0.8117994100294985 0.03185840707964602 0.01887905604719764
1 0.2374631268436578 0.8123893805309734 0.03480825958702065 0.01887905604719764
1 0.37256637168141593 0.8171091445427728 0.03716814159292035 0.01887905604719764
1 0.5147492625368731 0.8147492625368732 0.033628318584070796 0.01887905604719764
1 0.6908554572271386 0.8044247787610619 0.035398230088495575 0.019469026548672566
1 0.848377581120944 0.812094395280236 0.03657817109144543 0.018289085545722714
