0 0.13067846607669617 0.08289085545722713 0.13628318584070798 0.10088495575221239
0 0.33952802359882006 0.1407079646017699 0.05604719764011799 0.17876106194690267
0 0.4902654867256637 0.11769911504424779 0.08259587020648967 0.1410029498525074
0 0.699410029498525 0.11651917404129794 0.11858407079646018 0.07846607669616519
0 0.8731563421828908 0.13805309734513274 0.08023598820058997 0.0943952802359882
0 0.22595870206489677 0.22448377581120943 0.1687315634218289 0.1374631268436578
0 0.38082595870206487 0.24985250737463127 0.05604719764011799 0.08908554572271386
0 0.4737463126843658 0.2902654867256637 0.1616519174041298 0.04129793510324484
0 0.6905604719764011 0.2825958702064897 0.032448377581120944 0.03893805309734513
0 0.8504424778761062 0.31710914454277284 0.09144542772861357 0.043067846607669616
0 0.23333333333333334 0.4153392330383481 0.07374631268436578 0.0471976401179941
0 0.3943952802359882 0.3949852507374631 0.09026548672566372 0.19174041297935102
0 0.5271386430678466 0.4206489675516224 0.05132743362831858 0.030678466076696165
0 0.6705014749262537 0.41415929203539825 0.1905604719764012 0.08849557522123894
1 0.8433628318584071 0.4014749262536873 0.01710914454277286 0.03952802359882006
0 0.2294985250737463 0.5519174041297935 0.09321533923303835 0.04070796460176991
1 0.3268436578171091 0.5581120943952802 0.03421828908554572 0.017699115044247787
1 0.4887905604719764 0.5185840707964602 0.04424778761061947 0.02359882005899705
0 0.5781710914454277 0.5448377581120943 0.07787610619469026 0.12920353982300886
0 0.7454277286135693 0.5595870206489676 0.03480825958702065 0.0359882005899705
0 0.8793510324483775 0.5067846607669616 0.11032448377581121 0.08377581120943953
0 0.5890855457227139 0.4696165191740413 0.052507374631268436 0.12861356932153392
0 0.2557522123893805 0.6982300884955752 0.03952802359882006 0.033628318584070796
0 0.2743362831858407 0.7457227138643068 0.0696165191740413 0.1663716814159292
0 0.36843657817109143 0.6876106194690266 0.09380530973451327 0.16696165191740414
0 0.42861356932153394 0.7914454277286136 0.10088495575221239 0.12920353982300886
0 0.4861356932153392 0.6380530973451327 0.17581120943952802 0.05014749262536873
0 0.6179941002949852 0.663126843657817 0.05014749262536873 0.12271386430678466
0 0.5371681415929204 0.8079646017699115 0.028908554572271386 0.07492625368731563
1 0.6728613569321534 0.8053097345132744 0.027728613569321534 0.025958702064896755
1 0.7530973451327434 0.6784660766961652 0.02536873156342183 0.02831858407079646
0 0.8976401179941003 0.6548672566371682 0.09852507374631268 0.18053097345132743
0 0.7911504424778761 0.8221238938053097 0.06253687315634218 0.13392330383480827
0 0.896165191740413 0.7790560471976401 0.08967551622418879 0.17640117994100296
