1 0.10973451327433628 0.10442477876106195 0.03657817109144543 0.021238938053097345
1 0.25545722713864305 0.10353982300884956 0.03185840707964602 0.01592920353982301
1 0.39764011799410026 0.1079646017699115 0.03421828908554572 0.020058997050147492
1 0.5427728613569321 0.10707964601769912 0.03657817109144543 0.019469026548672566
1 0.7123893805309734 0.11710914454277285 0.03480825958702065 0.023008849557522124
1 0.8587020648967552 0.12477876106194691 0.03126843657817109 0.02064896755162242
1 0.12182890855457226 0.22861356932153393 0.032448377581120944 0.02182890855457227
1 0.24365781710914453 0.22979351032448378 0.03185840707964602 0.01710914454277286
1 0.3949852507374631 0.22831858407079647 0.03480825958702065 0.021238938053097345
1 0.54070796460177 0.23097345132743363 0.033628318584070796 0.02064896755162242
1 0.7035398230088495 0.22861356932153393 0.03480825958702065 0.019469026548672566
1 0.859882005899705 0.23569321533923304 0.03480825958702065 0.019469026548672566
1 0.12271386430678466 0.3687315634218289 0.03185840707964602 0.022418879056047197
1 0.2359882005899705 0.3616519174041298 0.03303834808259587 0.01887905604719764
1 0.37079646017699114 0.36902654867256635 0.03480825958702065 0.019469026548672566
1 0.5469026548672566 0.37138643067846605 0.03185840707964602 0.018289085545722714
1 0.691150442477876 0.36342182890855457 0.03480825958702065 0.020058997050147492
1 0.8660766961651918 0.3769911504424779 0.035398230088495575 0.017699115044247787
1 0.12094395280235988 0.5256637168141592 0.024778761061946902 0.02831858407079646
1 0.2368731563421829 0.5271386430678466 0.03126843657817109 0.018289085545722714
1 0.3702064896755162 0.5076696165191741 0.033628318584070796 0.023008849557522124
1 0.5474926253687316 0.5002949852507375 0.03185840707964602 0.02359882005899705
1 0.6991150442477876 0.49498525073746313 0.03303834808259587 0.01887905604719764
1 0.8548672566371681 0.4911504424778761 0.03421828908554572 0.019469026548672566
1 0.1135693215339233 0.6619469026548672 0.03126843657817109 0.021238938053097345
1 0.231858407079646 0.6672566371681415 0.03185840707964602 0.01887905604719764
1 0.36696165191740415 0.6646017699115044 0.03421828908554572 0.02536873156342183
1 0.5300884955752212 0.6619469026548672 0.032448377581120944 0.021238938053097345
1 0.6917404129793511 0.6607669616519174 0.03480825958702065 0.020058997050147492
1 0.8536873156342183 0.6634218289085546 0.03775811209439528 0.02064896755162242
1 0.12182890855457226 0.8103244837758112 0.03008849557522124 0.02064896755162242
1 0.23952802359882006 0.8109144542772861 0.03657817109144543 0.01710914454277286
1 0.371976401179941 0.8150442477876106 0.03480825958702065 0.018289085545722714
1 0.5135693215339233 0.8162241887905605 0.03716814159292035 0.023008849557522124
1 0.6917404129793511 0.8050147492625369 0.032448377581120944 0.02064896755162242
1 0.8495575221238938 0.8117994100294985 0.03303834808259587 0.021238938053097345
