1 0.10176991150442477 0.11769911504424779 0.03952802359882006 0.032448377581120944
0 0.20737463126843658 0.15545722713864307 0.07256637168141593 0.11386430678466077
0 0.3536873156342183 0.10825958702064897 0.04188790560471976 0.04424778761061947
0 0.48023598820059 0.13480825958702064 0.13451327433628318 0.08436578171091445
0 0.6386430678466076 0.14041297935103245 0.11268436578171091 0.06489675516224189
0 0.7654867256637168 0.17404129793510326 0.05958702064896755 0.07669616519174041
0 0.12271386430678466 0.279646017699115 0.044837758112094395 0.07905604719764012
1 0.2345132743362832 0.2702064896755162 0.05014749262536873 0.030678466076696165
0 0.3374631268436578 0.26430678466076696 0.07905604719764012 0.03657817109144543
1 0.5026548672566371 0.28053097345132744 0.04129793510324484 0.032448377581120944
0 0.6563421828908554 0.2557522123893805 0.09144542772861357 0.06902654867256637
0 0.7693215339233038 0.24277286135693216 0.10619469026548672 0.05486725663716814
0 0.11209439528023599 0.4648967551622419 0.0471976401179941 0.03657817109144543
0 0.27256637168141595 0.41474926253687316 0.09321533923303835 0.07551622418879056
0 0.37551622418879055 0.4569321533923304 0.07374631268436578 0.1528023598820059
1 0.5041297935103245 0.3973451327433628 0.05014749262536873 0.03952802359882006
0 0.6728613569321534 0.4622418879056047 0.11504424778761062 0.05486725663716814
0 0.7814159292035399 0.4265486725663717 0.038348082595870206 0.04129793510324484
0 0.14926253687315633 0.5893805309734513 0.035398230088495575 0.0471976401179941
0 0.3268436578171091 0.6185840707964602 0.06725663716814159 0.1433628318584071
0 0.4259587020648967 0.6058997050147492 0.1215339233038348 0.07787610619469026
0 0.5342182890855457 0.5194690265486726 0.04424778761061947 0.03952802359882006
0 0.6625368731563421 0.5584070796460177 0.10029498525073746 0.11858407079646018
0 0.7808259587020648 0.5545722713864307 0.033628318584070796 0.05309734513274336
1 0.16902654867256636 0.6899705014749262 0.03952802359882006 0.04188790560471976
0 0.2728613569321534 0.7292035398230088 0.03008849557522124 0.03657817109144543
0 0.1182890855457227 0.8100294985250738 0.05958702064896755 0.07079646017699115
1 0.26991150442477874 0.7705014749262536 0.03126843657817109 0.03775811209439528
0 0.4377581120943953 0.7572271386430678 0.13097345132743363 0.11740412979351032
0 0.39144542772861357 0.8466076696165191 0.12330383480825959 0.12979351032448377
0 0.5430678466076696 0.6657817109144543 0.07492625368731563 0.07728613569321534
0 0.5471976401179941 0.8404129793510324 0.07846607669616519 0.1303834808259587
0 0.6548672566371682 0.7808259587020648 0.05073746312684366 0.08200589970501475
0 0.6876106194690266 0.6755162241887905 0.05368731563421829 0.049557522123893805
0 0.7675516224188791 0.7814159292035399 0.17581120943952802 0.06312684365781711
0 0.7766961651917405 0.6699115044247788 0.12212389380530973 0.09852507374631268
