1 0.06342182890855458 0.14365781710914455 0.028908554572271386 0.01592920353982301
1 0.2368731563421829 0.1486725663716814 0.027728613569321534 0.024778761061946902
1 0.37551622418879055 0.14454277286135692 0.028908554572271386 0.021238938053097345
1 0.5501474926253688 0.12477876106194691 0.028908554572271386 0.023008849557522124
1 0.7008849557522123 0.11740412979351032 0.029498525073746312 0.024778761061946902
1 0.8766961651917404 0.11091445427728613 0.030678466076696165 0.020058997050147492
1 0.07079646017699115 0.3005899705014749 0.030678466076696165 0.01710914454277286
1 0.24365781710914453 0.2973451327433628 0.025958702064896755 0.022418879056047197
1 0.384070796460177 0.30206489675516224 0.03303834808259587 0.022418879056047197
1 0.5451327433628319 0.3014749262536873 0.03421828908554572 0.022418879056047197
1 0.6997050147492625 0.28112094395280235 0.030678466076696165 0.027728613569321534
1 0.8781710914454277 0.27551622418879057 0.0359882005899705 0.022418879056047197
1 0.06460176991150443 0.451622418879056 0.02654867256637168 0.01592920353982301
1 0.24129793510324482 0.44601769911504424 0.029498525073746312 0.020058997050147492
1 0.39144542772861357 0.44660766961651915 0.027728613569321534 0.021238938053097345
1 0.5528023598820059 0.44424778761061945 0.02831858407079646 0.022418879056047197
1 0.7141592920353982 0.4392330383480826 0.027728613569321534 0.01710914454277286
1 0.8740412979351032 0.4383480825958702 0.03126843657817109 0.020058997050147492
1 0.06460176991150443 0.595575221238938 0.02536873156342183 0.027728613569321534
1 0.2504424778761062 0.5887905604719764 0.027728613569321534 0.017699115044247787
1 0.39410029498525073 0.5799410029498525 0.03185840707964602 0.020058997050147492
1 0.5507374631268437 0.5772861356932153 0.03008849557522124 0.018289085545722714
1 0.7141592920353982 0.5796460176991151 0.03126843657817109 0.02182890855457227
1 0.8769911504424779 0.5831858407079646 0.03008849557522124 0.02536873156342183
0 0.06401179941002949 0.7247787610619469 0.028908554572271386 0.02536873156342183
0 0.24631268436578171 0.720353982300885 0.032448377581120944 0.027138643067846607
1 0.3958702064896755 0.7067846607669617 0.030678466076696165 0.020058997050147492
1 0.5498525073746312 0.7056047197640118 0.03185840707964602 0.020058997050147492
1 0.7085545722713864 0.7002949852507374 0.030678466076696165 0.01887905604719764
1 0.8657817109144542 0.7050147492625368 0.02064896755162242 0.035398230088495575
1 0.06519174041297934 0.8342182890855457 0.032448377581120944 0.01887905604719764
1 0.231858407079646 0.8345132743362832 0.03303834808259587 0.02064896755162242
1 0.403834808259587 0.8315634218289085 0.02536873156342183 0.02536873156342183
1 0.5536873156342182 0.8466076696165191 0.03126843657817109 0.01887905604719764
1 0.7230088495575221 0.8353982300884956 0.028908554572271386 0.027138643067846607
1 0.8672566371681416 0.8699115044247787 0.01887905604719764 0.028908554572271386
