1 0.06430678466076696 0.14454277286135692 0.02831858407079646 0.017699115044247787
1 0.24188790560471976 0.13893805309734514 0.02831858407079646 0.019469026548672566
1 0.3769911504424779 0.14129793510324484 0.030678466076696165 0.018289085545722714
1 0.551622418879056 0.12300884955752212 0.02831858407079646 0.019469026548672566
1 0.7035398230088495 0.11799410029498525 0.03008849557522124 0.022418879056047197
1 0.871976401179941 0.10648967551622418 0.027138643067846607 0.02654867256637168
1 0.0710914454277286 0.3008849557522124 0.03008849557522124 0.01887905604719764
1 0.24424778761061947 0.30029498525073745 0.02831858407079646 0.020058997050147492
1 0.38495575221238937 0.3041297935103245 0.033628318584070796 0.019469026548672566
1 0.5480825958702065 0.30029498525073745 0.03657817109144543 0.020058997050147492
1 0.699410029498525 0.28525073746312685 0.03008849557522124 0.019469026548672566
1 0.8799410029498524 0.27728613569321536 0.033628318584070796 0.020058997050147492
1 0.06519174041297934 0.4510324483775811 0.027728613569321534 0.01710914454277286
1 0.24129793510324482 0.4486725663716814 0.029498525073746312 0.01710914454277286
1 0.39144542772861357 0.4451327433628319 0.03126843657817109 0.019469026548672566
1 0.5533923303834808 0.44277286135693217 0.029498525073746312 0.02064896755162242
1 0.7141592920353982 0.43952802359882004 0.028908554572271386 0.015339233038348082
1 0.8758112094395281 0.4389380530973451 0.032448377581120944 0.020058997050147492
1 0.06460176991150443 0.5991150442477876 0.027728613569321534 0.01710914454277286
1 0.25132743362831855 0.5890855457227139 0.030678466076696165 0.018289085545722714
1 0.3943952802359882 0.58023598820059 0.03008849557522124 0.018289085545722714
1 0.552212389380531 0.5781710914454277 0.029498525073746312 0.020058997050147492
1 0.7141592920353982 0.5778761061946902 0.028908554572271386 0.01710914454277286
1 0.875221238938053 0.5825958702064896 0.028908554572271386 0.02654867256637168
1 0.06519174041297934 0.7206489675516224 0.03126843657817109 0.019469026548672566
1 0.24542772861356932 0.7176991150442478 0.02831858407079646 0.019469026548672566
1 0.3967551622418879 0.7085545722713864 0.032448377581120944 0.01887905604719764
1 0.5530973451327433 0.6982300884955752 0.03126843657817109 0.02064896755162242
1 0.7094395280235988 0.699410029498525 0.032448377581120944 0.02064896755162242
1 0.8805309734513275 0.7132743362831858 0.03716814159292035 0.01887905604719764
1 0.06519174041297934 0.8345132743362832 0.032448377581120944 0.01592920353982301
1 0.24218289085545722 0.8448377581120944 0.03480825958702065 0.017699115044247787
1 0.3952802359882006 0.8489675516224189 0.029498525073746312 0.017699115044247787
1 0.556047197640118 0.8489675516224189 0.03480825958702065 0.016519174041297935
1 0.7221238938053097 0.8563421828908554 0.03185840707964602 0.019469026548672566
1 0.8817109144542773 0.8758112094395281 0.028908554572271386 0.023008849557522124
