1 0.058997050147492625 0.1471976401179941 0.027138643067846607 0.01592920353982301
1 0.18672566371681415 0.1831858407079646 0.028908554572271386 0.03008849557522124
0 0.36607669616519173 0.15988200589970503 0.023008849557522124 0.03775811209439528
1 0.5227138643067847 0.13716814159292035 0.035398230088495575 0.018289085545722714
1 0.699410029498525 0.11858407079646018 0.03008849557522124 0.025958702064896755
1 0.8528023598820059 0.09233038348082595 0.02654867256637168 0.023008849557522124
1 0.06696165191740414 0.3058997050147493 0.02654867256637168 0.01592920353982301
1 0.22743362831858407 0.32271386430678467 0.02654867256637168 0.030678466076696165
0 0.3743362831858407 0.3433628318584071 0.03008849557522124 0.03185840707964602
0 0.5471976401179941 0.28407079646017697 0.04188790560471976 0.02654867256637168
0 0.6707964601769911 0.30029498525073745 0.025958702064896755 0.040117994100294985
1 0.8725663716814159 0.3023598820058997 0.03303834808259587 0.019469026548672566
1 0.0607669616519174 0.4575221238938053 0.025958702064896755 0.023008849557522124
1 0.23244837758112094 0.4410029498525074 0.020058997050147492 0.032448377581120944
1 0.37079646017699114 0.4654867256637168 0.023008849557522124 0.03303834808259587
1 0.5483775811209439 0.44424778761061945 0.02536873156342183 0.02359882005899705
1 0.7126843657817109 0.4392330383480826 0.027138643067846607 0.019469026548672566
0 0.8648967551622418 0.4640117994100295 0.029498525073746312 0.03480825958702065
0 0.0584070796460177 0.5908554572271386 0.02831858407079646 0.03126843657817109
1 0.24837758112094394 0.5908554572271386 0.02831858407079646 0.02182890855457227
1 0.3920353982300885 0.5808259587020649 0.032448377581120944 0.018289085545722714
1 0.5510324483775811 0.5781710914454277 0.029498525073746312 0.017699115044247787
0 0.7138643067846607 0.5976401179941003 0.03893805309734513 0.040117994100294985
0 0.8601769911504424 0.5589970501474926 0.029498525073746312 0.03716814159292035
0 0.0752212389380531 0.7026548672566372 0.032448377581120944 0.03303834808259587
0 0.2616519174041298 0.6946902654867256 0.03716814159292035 0.03008849557522124
0 0.5557522123893806 0.6696165191740413 0.030678466076696165 0.03303834808259587
1 0.7079646017699115 0.7017699115044248 0.029498525073746312 0.01710914454277286
1 0.8663716814159292 0.7073746312684366 0.023008849557522124 0.030678466076696165
0 0.07138643067846608 0.8383480825958702 0.025958702064896755 0.03303834808259587
0 0.25250737463126843 0.8289085545722714 0.03185840707964602 0.030678466076696165
0 0.3979351032448378 0.7412979351032448 0.03008849557522124 0.027728613569321534
0 0.41238938053097346 0.8109144542772861 0.03303834808259587 0.02536873156342183
0 0.5471976401179941 0.8696165191740413 0.032448377581120944 0.03893805309734513
0 0.6938053097345133 0.8619469026548673 0.024778761061946902 0.04247787610619469
0 0.8905604719764012 0.8778761061946903 0.03126843657817109 0.03185840707964602
