1 0.15398230088495574 0.1191740412979351 0.030678466076696165 0.015339233038348082
1 0.3088495575221239 0.14424778761061946 0.023008849557522124 0.03716814159292035
1 0.46519174041297934 0.14513274336283186 0.03716814159292035 0.021238938053097345
1 0.615929203539823 0.1463126843657817 0.02359882005899705 0.02831858407079646
1 0.7693215339233038 0.14837758112094396 0.02831858407079646 0.019469026548672566
1 0.9011799410029498 0.12802359882005898 0.027728613569321534 0.02359882005899705
1 0.15870206489675515 0.36194690265486723 0.035398230088495575 0.01710914454277286
1 0.3215339233038348 0.3463126843657817 0.035398230088495575 0.021238938053097345
1 0.48348082595870207 0.3525073746312684 0.032448377581120944 0.02064896755162242
1 0.6277286135693215 0.3250737463126844 0.03303834808259587 0.01887905604719764
1 0.7837758112094395 0.33008849557522124 0.033628318584070796 0.019469026548672566
1 0.9035398230088495 0.33628318584070793 0.027728613569321534 0.016519174041297935
1 0.16224188790560473 0.5179941002949853 0.03303834808259587 0.021238938053097345
1 0.31386430678466076 0.5135693215339233 0.03421828908554572 0.02064896755162242
1 0.4631268436578171 0.5218289085545723 0.03303834808259587 0.018289085545722714
1 0.6171091445427729 0.5002949852507375 0.030678466076696165 0.01887905604719764
1 0.763716814159292 0.47079646017699117 0.02654867256637168 0.020058997050147492
1 0.9103244837758112 0.4743362831858407 0.030678466076696165 0.022418879056047197
1 0.15162241887905603 0.6333333333333333 0.03303834808259587 0.01710914454277286
1 0.3135693215339233 0.6292035398230088 0.028908554572271386 0.01592920353982301
1 0.471976401179941 0.6253687315634218 0.03185840707964602 0.017699115044247787
1 0.6132743362831858 0.6374631268436578 0.03716814159292035 0.018289085545722714
1 0.7604719764011799 0.6241887905604719 0.025958702064896755 0.015339233038348082
1 0.9056047197640118 0.6162241887905605 0.03303834808259587 0.018289085545722714
1 0.14985250737463127 0.7817109144542773 0.029498525073746312 0.030678466076696165
1 0.29321533923303833 0.7755162241887905 0.035398230088495575 0.02654867256637168
1 0.44955752212389377 0.7734513274336283 0.030678466076696165 0.01887905604719764
1 0.6023598820058997 0.7657817109144542 0.03775811209439528 0.020058997050147492
1 0.7563421828908554 0.7669616519174041 0.03185840707964602 0.020058997050147492
1 0.8973451327433628 0.7634218289085546 0.02831858407079646 0.020058997050147492
1 0.13421828908554573 0.9056047197640118 0.033628318584070796 0.01887905604719764
1 0.28908554572271383 0.9153392330383481 0.030678466076696165 0.028908554572271386
1 0.43864306784660767 0.9135693215339233 0.027728613569321534 0.023008849557522124
1 0.5938053097345133 0.9117994100294985 0.03126843657817109 0.02654867256637168
1 0.7353982300884956 0.9014749262536873 0.03126843657817109 0.01887905604719764
1 0.8952802359882006 0.9026548672566371 0.03126843657817109 0.017699115044247787
