0 0.15781710914454278 0.18348082595870208 0.05132743362831858 0.058997050147492625
0 0.296165191740413 0.15958702064896754 0.08023598820058997 0.06784660766961652
0 0.49616519174041296 0.22979351032448378 0.06253687315634218 0.061946902654867256
0 0.6315634218289086 0.21769911504424777 0.04070796460176991 0.08259587020648967
0 0.6371681415929203 0.3035398230088496 0.06253687315634218 0.05604719764011799
0 0.7817109144542773 0.17079646017699116 0.0471976401179941 0.10324483775811209
0 0.8640117994100295 0.19646017699115043 0.08436578171091445 0.0471976401179941
0 0.8828908554572271 0.33775811209439527 0.05368731563421829 0.15988200589970503
0 0.7852507374631268 0.31032448377581123 0.05663716814159292 0.10383480825958702
0 0.4994100294985251 0.3973451327433628 0.038348082595870206 0.057227138643067846
0 0.3206489675516224 0.3710914454277286 0.04896755162241888 0.04247787610619469
0 0.15162241887905603 0.36843657817109143 0.035398230088495575 0.05368731563421829
0 0.15486725663716813 0.4846607669616519 0.03716814159292035 0.07374631268436578
0 0.307669616519174 0.484070796460177 0.033628318584070796 0.09026548672566372
0 0.4743362831858407 0.5327433628318584 0.058997050147492625 0.07315634218289085
0 0.6415929203539823 0.5359882005899705 0.05132743362831858 0.05604719764011799
0 0.7778761061946903 0.44601769911504424 0.0607669616519174 0.10855457227138643
0 0.8634218289085546 0.4678466076696165 0.06548672566371681 0.07787610619469026
0 0.1368731563421829 0.6156342182890855 0.03303834808259587 0.052507374631268436
0 0.31386430678466076 0.6289085545722713 0.04601769911504425 0.049557522123893805
0 0.45309734513274336 0.671386430678466 0.06725663716814159 0.05545722713864307
0 0.6342182890855457 0.6339233038348082 0.049557522123893805 0.11032448377581121
0 0.7855457227138642 0.6908554572271386 0.04542772861356932 0.11799410029498525
0 0.8749262536873156 0.6828908554572272 0.03893805309734513 0.06902654867256637
0 0.876401179941003 0.7625368731563422 0.057227138643067846 0.0808259587020649
0 0.47168141592920354 0.7392330383480826 0.07138643067846608 0.05781710914454277
0 0.7545722713864307 0.815929203539823 0.05309734513274336 0.05545722713864307
0 0.6430678466076696 0.8153392330383481 0.12979351032448377 0.04365781710914454
0 0.30117994100294987 0.7740412979351032 0.057227138643067846 0.049557522123893805
0 0.143952802359882 0.7746312684365781 0.05545722713864307 0.054277286135693215
0 0.1495575221238938 0.8958702064896755 0.03952802359882006 0.03716814159292035
0 0.3297935103244838 0.9410029498525073 0.12507374631268436 0.05191740412979351
1 0.4646017699115044 0.8817109144542773 0.027728613569321534 0.03126843657817109
0 0.5946902654867257 0.9227138643067847 0.0471976401179941 0.058997050147492625
0 0.744542772861357 0.9410029498525073 0.06725663716814159 0.04247787610619469
0 0.8802359882005899 0.9398230088495575 0.05663716814159292 0.10383480825958702
