1 0.10176991150442477 0.14837758112094396 0.028908554572271386 0.023008849557522124
1 0.22182890855457227 0.1495575221238938 0.027138643067846607 0.02182890855457227
1 0.8415929203539823 0.12477876106194691 0.04070796460176991 0.032448377581120944
1 0.3646017699115044 0.14601769911504425 0.022418879056047197 0.024188790560471976
1 0.5268436578171092 0.13569321533923304 0.03303834808259587 0.029498525073746312
1 0.6808259587020649 0.1336283185840708 0.03421828908554572 0.02182890855457227
1 0.0976401179941003 0.3368731563421829 0.03126843657817109 0.021238938053097345
1 0.21563421828908555 0.3297935103244838 0.03952802359882006 0.02359882005899705
1 0.37492625368731564 0.32654867256637166 0.032448377581120944 0.02536873156342183
1 0.5156342182890855 0.3528023598820059 0.03421828908554572 0.022418879056047197
1 0.6784660766961652 0.34572271386430675 0.035398230088495575 0.027138643067846607
1 0.8410029498525073 0.359882005899705 0.0359882005899705 0.022418879056047197
1 0.08849557522123894 0.471976401179941 0.029498525073746312 0.027138643067846607
1 0.23539823008849559 0.47404129793510325 0.02831858407079646 0.019469026548672566
1 0.38082595870206487 0.5002949852507375 0.02654867256637168 0.027138643067846607
1 0.5371681415929204 0.5209439528023598 0.02654867256637168 0.021238938053097345
1 0.6858407079646017 0.5120943952802359 0.02536873156342183 0.017699115044247787
1 0.8415929203539823 0.5203539823008849 0.0359882005899705 0.029498525073746312
1 0.0943952802359882 0.6162241887905605 0.02831858407079646 0.018289085545722714
1 0.24129793510324482 0.6218289085545723 0.025958702064896755 0.021238938053097345
1 0.38849557522123895 0.6389380530973451 0.03480825958702065 0.01415929203539823
1 0.5292035398230088 0.6250737463126843 0.03303834808259587 0.023008849557522124
1 0.6899705014749262 0.6277286135693215 0.0359882005899705 0.02359882005899705
1 0.8489675516224189 0.6327433628318584 0.02831858407079646 0.019469026548672566
1 0.10294985250737462 0.7646017699115044 0.027728613569321534 0.01887905604719764
1 0.24572271386430677 0.768141592920354 0.027728613569321534 0.022418879056047197
1 0.3973451327433628 0.7654867256637168 0.0359882005899705 0.02064896755162242
1 0.5510324483775811 0.7734513274336283 0.03303834808259587 0.016519174041297935
1 0.6991150442477876 0.779646017699115 0.03303834808259587 0.027728613569321534
1 0.8513274336283185 0.7808259587020648 0.029498525073746312 0.028908554572271386
1 0.10589970501474927 0.9035398230088495 0.028908554572271386 0.018289085545722714
1 0.2654867256637168 0.9038348082595871 0.029498525073746312 0.02359882005899705
0 0.4050147492625369 0.9126843657817109 0.02536873156342183 0.02831858407079646
1 0.5610619469026549 0.9129793510324483 0.027138643067846607 0.02182890855457227
1 0.7088495575221239 0.9073746312684365 0.03126843657817109 0.022418879056047197
1 0.8710914454277287 0.8893805309734513 0.027728613569321534 0.02182890855457227
