1 0.12890855457227138 0.10589970501474927 0.02654867256637168 0.027728613569321534
1 0.29793510324483774 0.1182890855457227 0.025958702064896755 0.024188790560471976
1 0.4492625368731563 0.12359882005899706 0.03008849557522124 0.02182890855457227
1 0.6221238938053097 0.14277286135693215 0.03008849557522124 0.021238938053097345
1 0.7589970501474926 0.1383480825958702 0.03126843657817109 0.02064896755162242
1 0.9362831858407079 0.14454277286135692 0.025958702064896755 0.016519174041297935
1 0.11976401179941003 0.27817109144542773 0.03303834808259587 0.019469026548672566
1 0.3008849557522124 0.28407079646017697 0.03185840707964602 0.02064896755162242
1 0.452212389380531 0.3008849557522124 0.0359882005899705 0.020058997050147492
1 0.6144542772861357 0.30442477876106194 0.03480825958702065 0.020058997050147492
1 0.755457227138643 0.30029498525073745 0.028908554572271386 0.01887905604719764
1 0.928023598820059 0.3008849557522124 0.030678466076696165 0.015339233038348082
1 0.12389380530973451 0.43952802359882004 0.029498525073746312 0.02359882005899705
1 0.28584070796460176 0.43952802359882004 0.028908554572271386 0.016519174041297935
1 0.44778761061946903 0.4433628318584071 0.025958702064896755 0.019469026548672566
1 0.6085545722713864 0.4457227138643068 0.027728613569321534 0.019469026548672566
1 0.7566371681415929 0.44778761061946903 0.03008849557522124 0.01887905604719764
1 0.9348082595870206 0.45191740412979353 0.027728613569321534 0.017699115044247787
1 0.12477876106194691 0.5831858407079646 0.028908554572271386 0.024188790560471976
1 0.28584070796460176 0.5799410029498525 0.028908554572271386 0.01887905604719764
1 0.44837758112094395 0.5793510324483776 0.02831858407079646 0.020058997050147492
1 0.6064896755162241 0.58023598820059 0.029498525073746312 0.019469026548672566
1 0.7486725663716814 0.5893805309734513 0.030678466076696165 0.016519174041297935
1 0.9353982300884955 0.5994100294985251 0.02654867256637168 0.020058997050147492
1 0.1191740412979351 0.7129793510324484 0.035398230088495575 0.018289085545722714
1 0.2914454277286136 0.7005899705014749 0.029498525073746312 0.019469026548672566
1 0.4474926253687316 0.7 0.03008849557522124 0.02182890855457227
1 0.6032448377581121 0.707669616519174 0.03126843657817109 0.019469026548672566
1 0.755457227138643 0.720353982300885 0.028908554572271386 0.02359882005899705
1 0.9351032448377581 0.7212389380530974 0.030678466076696165 0.02064896755162242
1 0.1182890855457227 0.8758112094395281 0.027728613569321534 0.024188790560471976
1 0.2775811209439528 0.8557522123893805 0.03008849557522124 0.02064896755162242
1 0.44365781710914454 0.848377581120944 0.03185840707964602 0.016519174041297935
1 0.603834808259587 0.848377581120944 0.028908554572271386 0.017699115044247787
1 0.7575221238938052 0.8448377581120944 0.03421828908554572 0.017699115044247787
1 0.9339233038348083 0.8353982300884956 0.030678466076696165 0.017699115044247787
