0 0.10265486725663717 0.1191740412979351 0.03657817109144543 0.03303834808259587
0 0.20619469026548673 0.1584070796460177 0.07256637168141593 0.10442477876106195
0 0.3513274336283186 0.1079646017699115 0.04188790560471976 0.0471976401179941
0 0.4808259587020649 0.1368731563421829 0.13215339233038348 0.08023598820058997
0 0.6359882005899705 0.1415929203539823 0.10855457227138643 0.06253687315634218
0 0.7660766961651917 0.17699115044247787 0.0607669616519174 0.08023598820058997
0 0.12035398230088495 0.2778761061946903 0.04247787610619469 0.07787610619469026
1 0.2342182890855457 0.27079646017699116 0.05191740412979351 0.03303834808259587
0 0.3380530973451327 0.2640117994100295 0.07315634218289085 0.03480825958702065
1 0.5017699115044247 0.2799410029498525 0.0359882005899705 0.033628318584070796
0 0.656047197640118 0.2569321533923304 0.09321533923303835 0.06666666666666667
0 0.7769911504424779 0.231858407079646 0.1215339233038348 0.06371681415929203
0 0.11179941002949853 0.46342182890855455 0.05132743362831858 0.03716814159292035
0 0.26666666666666666 0.41238938053097346 0.10383480825958702 0.07079646017699115
0 0.376401179941003 0.45368731563421827 0.07079646017699115 0.1463126843657817
1 0.5047197640117994 0.39882005899705014 0.05132743362831858 0.04247787610619469
0 0.6749262536873156 0.4616519174041298 0.10737463126843658 0.05604719764011799
0 0.7799410029498525 0.42507374631268435 0.03775811209439528 0.03952802359882006
0 0.5353982300884955 0.5203539823008849 0.04424778761061947 0.04129793510324484
0 0.6634218289085546 0.5625368731563422 0.1056047197640118 0.12566371681415928
0 0.7805309734513274 0.5548672566371682 0.03303834808259587 0.05132743362831858
0 0.14749262536873156 0.5997050147492625 0.03421828908554572 0.052507374631268436
0 0.3274336283185841 0.6156342182890855 0.06843657817109144 0.14690265486725662
0 0.42448377581120944 0.6029498525073747 0.12330383480825959 0.07669616519174041
0 0.5433628318584071 0.6678466076696166 0.07079646017699115 0.0696165191740413
0 0.6870206489675517 0.6775811209439528 0.05368731563421829 0.05132743362831858
0 0.7743362831858407 0.6710914454277286 0.12330383480825959 0.09852507374631268
1 0.1687315634218289 0.6908554572271386 0.04129793510324484 0.04247787610619469
0 0.2728613569321534 0.7294985250737464 0.032448377581120944 0.03952802359882006
0 0.11179941002949853 0.8227138643067846 0.04542772861356932 0.09144542772861357
1 0.27079646017699116 0.7707964601769911 0.02831858407079646 0.03952802359882006
0 0.4330383480825959 0.7619469026548672 0.1215339233038348 0.12212389380530973
0 0.3902654867256637 0.8504424778761062 0.12212389380530973 0.12330383480825959
0 0.5448377581120943 0.8377581120943953 0.0808259587020649 0.12979351032448377
0 0.6522123893805309 0.7823008849557522 0.047787610619469026 0.08023598820058997
0 0.7675516224188791 0.7820058997050148 0.16991150442477876 0.06430678466076696
