0 0.140117994100295 0.14513274336283186 0.10088495575221239 0.10383480825958702
0 0.3088495575221239 0.13451327433628318 0.12920353982300886 0.14513274336283186
0 0.5103244837758112 0.10235988200589971 0.07079646017699115 0.1504424778761062
0 0.6710914454277286 0.11740412979351032 0.05486725663716814 0.21002949852507374
0 0.8693215339233038 0.09557522123893805 0.1351032448377581 0.0920353982300885
0 0.15014749262536872 0.3144542772861357 0.09026548672566372 0.04601769911504425
0 0.3064896755162242 0.2784660766961652 0.028908554572271386 0.03893805309734513
0 0.524188790560472 0.2814159292035398 0.15516224188790562 0.054277286135693215
0 0.6188790560471976 0.24955752212389382 0.05781710914454277 0.0943952802359882
0 0.7846607669616519 0.2377581120943953 0.1911504424778761 0.0920353982300885
1 0.15368731563421828 0.40117994100294985 0.014749262536873156 0.035398230088495575
0 0.32595870206489674 0.4165191740412979 0.1799410029498525 0.09321533923303835
0 0.6056047197640118 0.39823008849557523 0.0855457227138643 0.19233038348082596
0 0.7675516224188791 0.40235988200589967 0.07315634218289085 0.03657817109144543
0 0.41002949852507375 0.4654867256637168 0.05191740412979351 0.1215339233038348
0 0.47286135693215336 0.4212389380530973 0.05014749262536873 0.03657817109144543
0 0.11238938053097344 0.5032448377581121 0.10914454277286136 0.08259587020648967
0 0.252212389380531 0.5648967551622419 0.03126843657817109 0.038348082595870206
0 0.4150442477876106 0.5433628318584071 0.08672566371681416 0.13097345132743363
1 0.5135693215339233 0.5194690265486726 0.04424778761061947 0.023008849557522124
0 0.6737463126843658 0.5764011799410029 0.035398230088495575 0.054277286135693215
0 0.7737463126843658 0.5528023598820059 0.07728613569321534 0.03421828908554572
0 0.10412979351032448 0.6554572271386431 0.10442477876106195 0.184070796460177
1 0.24808259587020648 0.6781710914454278 0.024188790560471976 0.02536873156342183
0 0.3858407079646018 0.651622418879056 0.04247787610619469 0.10914454277286136
0 0.5017699115044247 0.6398230088495576 0.1893805309734513 0.05958702064896755
0 0.6286135693215339 0.6896755162241888 0.10088495575221239 0.16991150442477876
0 0.7457227138643068 0.7 0.03893805309734513 0.03716814159292035
0 0.1 0.7828908554572271 0.09734513274336283 0.16519174041297935
0 0.2097345132743363 0.7858407079646017 0.10324483775811209 0.12507374631268436
1 0.3268436578171091 0.8050147492625369 0.02831858407079646 0.027728613569321534
0 0.46135693215339235 0.8094395280235989 0.027138643067846607 0.07669616519174041
0 0.5994100294985251 0.8168141592920354 0.15103244837758112 0.09616519174041298
0 0.736283185840708 0.7454277286135693 0.07905604719764012 0.16224188790560473
