1 0.10324483775811209 0.11976401179941003 0.03303834808259587 0.03303834808259587
0 0.20589970501474925 0.15988200589970503 0.0696165191740413 0.10383480825958702
0 0.35221238938053095 0.10589970501474927 0.040117994100294985 0.03716814159292035
0 0.4808259587020649 0.1336283185840708 0.13215339233038348 0.0855457227138643
0 0.6377581120943953 0.1383480825958702 0.11091445427728613 0.06548672566371681
0 0.763716814159292 0.1743362831858407 0.06312684365781711 0.07610619469026549
0 0.12300884955752212 0.27876106194690264 0.04542772861356932 0.07964601769911504
1 0.23303834808259588 0.26991150442477874 0.049557522123893805 0.03008849557522124
0 0.3333333333333333 0.26135693215339234 0.071976401179941 0.035398230088495575
1 0.49557522123893805 0.28348082595870205 0.04129793510324484 0.03126843657817109
0 0.6563421828908554 0.2563421828908555 0.09262536873156342 0.06548672566371681
0 0.7687315634218289 0.24277286135693216 0.10737463126843658 0.05486725663716814
0 0.11061946902654868 0.4648967551622419 0.047787610619469026 0.035398230088495575
0 0.2737463126843658 0.4153392330383481 0.09085545722713864 0.07787610619469026
0 0.3728613569321534 0.45663716814159294 0.07669616519174041 0.15457227138643068
0 0.5053097345132743 0.396165191740413 0.05014749262536873 0.04070796460176991
0 0.6687315634218289 0.459882005899705 0.11858407079646018 0.04896755162241888
0 0.7825958702064897 0.42743362831858406 0.03952802359882006 0.043067846607669616
0 0.14837758112094396 0.5855457227138643 0.03126843657817109 0.04424778761061947
0 0.32595870206489674 0.6176991150442478 0.07256637168141593 0.14513274336283186
0 0.3997050147492625 0.6005899705014749 0.05486725663716814 0.0696165191740413
0 0.5345132743362832 0.5209439528023598 0.044837758112094395 0.04129793510324484
0 0.6637168141592921 0.5533923303834808 0.10855457227138643 0.10973451327433628
0 0.7805309734513274 0.5554572271386431 0.03303834808259587 0.05132743362831858
1 0.17050147492625367 0.6896755162241888 0.04129793510324484 0.03775811209439528
0 0.27404129793510323 0.7265486725663717 0.03126843657817109 0.03126843657817109
0 0.1191740412979351 0.8047197640117993 0.06607669616519174 0.06253687315634218
1 0.271976401179941 0.7705014749262536 0.027138643067846607 0.040117994100294985
0 0.5412979351032449 0.6690265486725664 0.07492625368731563 0.07787610619469026
0 0.4365781710914454 0.7566371681415929 0.1215339233038348 0.11504424778761062
0 0.3905604719764012 0.848377581120944 0.12271386430678466 0.13215339233038348
0 0.5469026548672566 0.8404129793510324 0.07905604719764012 0.1303834808259587
0 0.6545722713864307 0.7814159292035399 0.05014749262536873 0.07964601769911504
0 0.7654867256637168 0.7802359882005899 0.17404129793510326 0.0607669616519174
0 0.7766961651917405 0.671386430678466 0.12566371681415928 0.09793510324483776
0 0.6864306784660766 0.6743362831858407 0.05132743362831858 0.049557522123893805
