0 0.12035398230088495 0.05929203539823009 0.05191740412979351 0.09970501474926254
0 0.24542772861356932 0.03569321533923304 0.071976401179941 0.057227138643067846
0 0.40825958702064896 0.05221238938053097 0.05781710914454277 0.061946902654867256
0 0.532448377581121 0.11946902654867256 0.03008849557522124 0.0359882005899705
0 0.6672566371681415 0.05663716814159292 0.10855457227138643 0.03893805309734513
0 0.8495575221238938 0.10117994100294986 0.03657817109144543 0.033628318584070796
0 0.11740412979351032 0.23303834808259588 0.06135693215339233 0.06371681415929203
0 0.24837758112094394 0.18908554572271385 0.05663716814159292 0.043067846607669616
0 0.340117994100295 0.17020648967551621 0.10914454277286136 0.07020648967551622
0 0.5244837758112094 0.26135693215339234 0.07787610619469026 0.054277286135693215
0 0.6949852507374631 0.22300884955752212 0.06489675516224189 0.04601769911504425
0 0.8595870206489675 0.22448377581120943 0.058997050147492625 0.06548672566371681
0 0.1200589970501475 0.3238938053097345 0.047787610619469026 0.054277286135693215
0 0.19941002949852507 0.29174041297935105 0.06725663716814159 0.12566371681415928
0 0.36342182890855457 0.37374631268436576 0.05545722713864307 0.10206489675516224
0 0.5483775811209439 0.33893805309734515 0.06902654867256637 0.04070796460176991
0 0.6893805309734513 0.3542772861356932 0.04660766961651917 0.05604719764011799
0 0.8672566371681416 0.37964601769911505 0.03893805309734513 0.057227138643067846
0 0.3607669616519174 0.46607669616519176 0.05132743362831858 0.049557522123893805
0 0.5306784660766961 0.47079646017699117 0.052507374631268436 0.06489675516224189
0 0.6929203539823009 0.5150442477876106 0.03480825958702065 0.08967551622418879
0 0.8424778761061946 0.5132743362831859 0.04129793510324484 0.0696165191740413
0 0.2126843657817109 0.5530973451327433 0.07610619469026549 0.09616519174041298
0 0.12949852507374632 0.5297935103244837 0.0808259587020649 0.08849557522123894
0 0.49203539823008846 0.6017699115044248 0.06253687315634218 0.05663716814159292
0 0.6808259587020649 0.6224188790560472 0.05073746312684366 0.06371681415929203
0 0.8489675516224189 0.6230088495575221 0.040117994100294985 0.04837758112094395
0 0.07492625368731563 0.6542772861356932 0.12743362831858407 0.143952802359882
0 0.22536873156342183 0.6843657817109144 0.04365781710914454 0.10383480825958702
0 0.3616519174041298 0.695575221238938 0.06607669616519174 0.06135693215339233
0 0.13333333333333333 0.8050147492625369 0.07669616519174041 0.04660766961651917
0 0.19911504424778761 0.8303834808259587 0.07728613569321534 0.0855457227138643
0 0.368141592920354 0.7831858407079646 0.03775811209439528 0.08436578171091445
0 0.5050147492625369 0.7787610619469026 0.05545722713864307 0.05191740412979351
0 0.7041297935103245 0.8398230088495575 0.08200589970501475 0.061946902654867256
0 0.8451327433628318 0.8176991150442477 0.052507374631268436 0.05545722713864307
