1 0.05958702064896755 0.1486725663716814 0.02831858407079646 0.01887905604719764
0 0.17492625368731562 0.1870206489675516 0.027728613569321534 0.030678466076696165
0 0.3513274336283186 0.17050147492625367 0.024188790560471976 0.04247787610619469
1 0.51976401179941 0.13893805309734514 0.03303834808259587 0.019469026548672566
1 0.6985250737463127 0.11887905604719765 0.02831858407079646 0.02536873156342183
1 0.8539823008849557 0.0831858407079646 0.03716814159292035 0.03303834808259587
1 0.06578171091445428 0.32123893805309733 0.027728613569321534 0.032448377581120944
0 0.2182890855457227 0.33657817109144544 0.029498525073746312 0.03952802359882006
1 0.3722713864306785 0.33716814159292036 0.035398230088495575 0.028908554572271386
0 0.5427728613569321 0.28584070796460176 0.03775811209439528 0.028908554572271386
0 0.664306784660767 0.3070796460176991 0.020058997050147492 0.04660766961651917
1 0.8728613569321534 0.30442477876106194 0.03716814159292035 0.022418879056047197
1 0.06165191740412979 0.456047197640118 0.023008849557522124 0.02359882005899705
0 0.22625368731563422 0.43215339233038347 0.019469026548672566 0.043067846607669616
0 0.3696165191740413 0.46017699115044247 0.02064896755162242 0.04129793510324484
1 0.5486725663716814 0.4445427728613569 0.029498525073746312 0.02182890855457227
1 0.7079646017699115 0.43805309734513276 0.02359882005899705 0.02182890855457227
0 0.8634218289085546 0.46755162241887904 0.027728613569321534 0.03716814159292035
0 0.0607669616519174 0.5961651917404129 0.02831858407079646 0.03480825958702065
1 0.24867256637168142 0.5949852507374631 0.02654867256637168 0.023008849557522124
1 0.3926253687315634 0.5831858407079646 0.03008849557522124 0.019469026548672566
1 0.5483775811209439 0.5814159292035398 0.02536873156342183 0.02064896755162242
0 0.7023598820058997 0.6005899705014749 0.03008849557522124 0.03421828908554572
0 0.8592920353982301 0.55929203539823 0.027728613569321534 0.03775811209439528
0 0.08023598820058997 0.7053097345132743 0.03893805309734513 0.028908554572271386
1 0.2575221238938053 0.7005899705014749 0.032448377581120944 0.024188790560471976
0 0.38849557522123895 0.7209439528023599 0.03126843657817109 0.027138643067846607
0 0.5430678466076696 0.7103244837758111 0.032448377581120944 0.03893805309734513
0 0.7070796460176991 0.715929203539823 0.03126843657817109 0.03008849557522124
1 0.8651917404129793 0.7067846607669617 0.02182890855457227 0.03185840707964602
1 0.06932153392330384 0.8306784660766962 0.03480825958702065 0.03657817109144543
1 0.2551622418879056 0.8292035398230089 0.023008849557522124 0.03480825958702065
1 0.4109144542772861 0.807669616519174 0.032448377581120944 0.025958702064896755
0 0.5466076696165192 0.8705014749262536 0.03126843657817109 0.03716814159292035
1 0.6982300884955752 0.8601769911504424 0.023008849557522124 0.040117994100294985
0 0.8905604719764012 0.876401179941003 0.03008849557522124 0.03126843657817109
