1 0.1336283185840708 0.09911504424778761 0.03008849557522124 0.021238938053097345
1 0.2896755162241888 0.08525073746312684 0.02831858407079646 0.03008849557522124
1 0.4383480825958702 0.08643067846607669 0.029498525073746312 0.023008849557522124
1 0.5935103244837758 0.08702064896755163 0.030678466076696165 0.02654867256637168
1 0.735693215339233 0.09705014749262536 0.02831858407079646 0.02182890855457227
1 0.8985250737463126 0.0952802359882006 0.02831858407079646 0.01592920353982301
1 0.15103244837758112 0.21946902654867256 0.029498525073746312 0.025958702064896755
1 0.2982300884955752 0.2271386430678466 0.03126843657817109 0.024778761061946902
1 0.45132743362831856 0.22743362831858407 0.03185840707964602 0.018289085545722714
1 0.6032448377581121 0.23392330383480825 0.038348082595870206 0.019469026548672566
1 0.7569321533923303 0.2336283185840708 0.02831858407079646 0.020058997050147492
1 0.9002949852507375 0.23539823008849559 0.03185840707964602 0.017699115044247787
1 0.15368731563421828 0.3663716814159292 0.03126843657817109 0.01887905604719764
1 0.3129793510324484 0.3710914454277286 0.028908554572271386 0.01887905604719764
1 0.4737463126843658 0.37492625368731564 0.03303834808259587 0.018289085545722714
1 0.616519174041298 0.3631268436578171 0.03185840707964602 0.018289085545722714
1 0.7581120943952803 0.38082595870206487 0.02359882005899705 0.01710914454277286
1 0.9058997050147493 0.3828908554572271 0.03008849557522124 0.017699115044247787
1 0.16194690265486725 0.4849557522123894 0.03126843657817109 0.020058997050147492
1 0.3141592920353982 0.4882005899705015 0.028908554572271386 0.01592920353982301
1 0.4648967551622419 0.47787610619469023 0.02831858407079646 0.020058997050147492
1 0.61976401179941 0.49911504424778763 0.027728613569321534 0.02359882005899705
1 0.7654867256637168 0.528023598820059 0.02654867256637168 0.01887905604719764
1 0.9126843657817109 0.5262536873156343 0.02831858407079646 0.021238938053097345
1 0.15781710914454278 0.6383480825958702 0.03126843657817109 0.020058997050147492
1 0.3233038348082596 0.6566371681415929 0.03185840707964602 0.02359882005899705
1 0.48525073746312686 0.6489675516224189 0.03008849557522124 0.017699115044247787
1 0.6289085545722713 0.6761061946902654 0.03303834808259587 0.017699115044247787
1 0.7861356932153393 0.6693215339233038 0.028908554572271386 0.019469026548672566
1 0.903244837758112 0.6646017699115044 0.027138643067846607 0.019469026548672566
1 0.15899705014749263 0.8825958702064897 0.03008849557522124 0.021238938053097345
1 0.31976401179941005 0.8663716814159292 0.03421828908554572 0.02064896755162242
1 0.47404129793510325 0.855457227138643 0.033628318584070796 0.021238938053097345
1 0.6353982300884956 0.8533923303834808 0.02359882005899705 0.024188790560471976
1 0.7787610619469026 0.8525073746312685 0.029498525073746312 0.017699115044247787
1 0.9 0.8507374631268436 0.02654867256637168 0.025958702064896755
