0 0.15014749262536872 0.14660766961651917 0.043067846607669616 0.03952802359882006
0 0.27728613569321536 0.10914454277286136 0.035398230088495575 0.040117994100294985
0 0.4943952802359882 0.1191740412979351 0.03185840707964602 0.027138643067846607
0 0.6454277286135693 0.10825958702064897 0.03303834808259587 0.028908554572271386
0 0.7221238938053097 0.09705014749262536 0.03185840707964602 0.032448377581120944
0 0.8755162241887906 0.12920353982300886 0.06725663716814159 0.035398230088495575
0 0.17079646017699116 0.2929203539823009 0.07374631268436578 0.04896755162241888
0 0.27876106194690264 0.22654867256637168 0.04070796460176991 0.03893805309734513
1 0.479646017699115 0.25899705014749264 0.054277286135693215 0.03303834808259587
0 0.6035398230088496 0.2533923303834808 0.05309734513274336 0.05486725663716814
0 0.7339233038348083 0.2604719764011799 0.03775811209439528 0.03480825958702065
0 0.8477876106194691 0.23628318584070795 0.049557522123893805 0.04542772861356932
0 0.14454277286135692 0.4696165191740413 0.03657817109144543 0.029498525073746312
1 0.28938053097345134 0.4126843657817109 0.04896755162241888 0.047787610619469026
0 0.40589970501474926 0.4085545722713864 0.08259587020648967 0.0808259587020649
0 0.5250737463126843 0.3722713864306785 0.04601769911504425 0.07079646017699115
0 0.699410029498525 0.36902654867256635 0.07492625368731563 0.06902654867256637
0 0.8702064896755162 0.4463126843657817 0.040117994100294985 0.07256637168141593
0 0.15162241887905603 0.5849557522123894 0.06135693215339233 0.05604719764011799
1 0.31976401179941005 0.5489675516224188 0.044837758112094395 0.043067846607669616
0 0.4389380530973451 0.5348082595870206 0.04365781710914454 0.0359882005899705
0 0.5823008849557522 0.5412979351032449 0.07079646017699115 0.05486725663716814
0 0.7277286135693215 0.5781710914454277 0.032448377581120944 0.03185840707964602
1 0.8831858407079646 0.5548672566371682 0.0471976401179941 0.03716814159292035
0 0.16283185840707964 0.7011799410029499 0.08377581120943953 0.06666666666666667
1 0.33775811209439527 0.7339233038348083 0.047787610619469026 0.03657817109144543
0 0.44188790560471974 0.696165191740413 0.03775811209439528 0.05073746312684366
0 0.5554572271386431 0.6932153392330384 0.06666666666666667 0.08613569321533923
0 0.7976401179941003 0.6941002949852507 0.030678466076696165 0.07138643067846608
0 0.8805309734513275 0.6908554572271386 0.03008849557522124 0.0471976401179941
0 0.1687315634218289 0.8778761061946903 0.06489675516224189 0.04365781710914454
0 0.26755162241887903 0.8073746312684366 0.052507374631268436 0.04660766961651917
1 0.4097345132743363 0.8640117994100295 0.0359882005899705 0.032448377581120944
0 0.6306784660766962 0.8238938053097346 0.03185840707964602 0.09380530973451327
0 0.703834808259587 0.8569321533923304 0.03893805309734513 0.07492625368731563
0 0.8929203539823009 0.8247787610619469 0.03126843657817109 0.04365781710914454
