0 0.10265486725663717 0.11858407079646018 0.03893805309734513 0.030678466076696165
0 0.20619469026548673 0.15870206489675515 0.07256637168141593 0.10619469026548672
0 0.3530973451327434 0.10914454277286136 0.043067846607669616 0.04247787610619469
0 0.4817109144542773 0.13539823008849558 0.1351032448377581 0.0831858407079646
0 0.6374631268436578 0.140117994100295 0.11032448377581121 0.06548672566371681
0 0.7657817109144542 0.17374631268436577 0.06017699115044248 0.07964601769911504
0 0.12271386430678466 0.2799410029498525 0.04601769911504425 0.0808259587020649
1 0.23480825958702065 0.27079646017699116 0.05073746312684366 0.03303834808259587
0 0.33657817109144544 0.26489675516224187 0.07964601769911504 0.03303834808259587
1 0.5020648967551622 0.28053097345132744 0.03775811209439528 0.032448377581120944
0 0.6563421828908554 0.2581120943952802 0.09262536873156342 0.06666666666666667
0 0.7693215339233038 0.24277286135693216 0.10737463126843658 0.05486725663716814
0 0.11120943952802359 0.4648967551622419 0.047787610619469026 0.03657817109144543
0 0.2734513274336283 0.4174041297935103 0.09262536873156342 0.07728613569321534
0 0.375811209439528 0.45634218289085543 0.07551622418879056 0.1528023598820059
1 0.5041297935103245 0.39823008849557523 0.05132743362831858 0.03893805309734513
0 0.6707964601769911 0.46135693215339235 0.11209439528023599 0.05545722713864307
0 0.7814159292035399 0.42802359882005897 0.03716814159292035 0.04424778761061947
0 0.14926253687315633 0.5899705014749262 0.03421828908554572 0.04601769911504425
0 0.32772861356932154 0.6174041297935103 0.07256637168141593 0.14454277286135692
0 0.4259587020648967 0.6044247787610619 0.1215339233038348 0.07610619469026549
0 0.5351032448377581 0.51976401179941 0.04601769911504425 0.040117994100294985
0 0.6648967551622419 0.5551622418879056 0.10501474926253687 0.11091445427728613
0 0.7814159292035399 0.5551622418879056 0.033628318584070796 0.05309734513274336
1 0.1696165191740413 0.6896755162241888 0.04188790560471976 0.04247787610619469
0 0.2743362831858407 0.7292035398230088 0.03421828908554572 0.03893805309734513
1 0.2710914454277286 0.771386430678466 0.03008849557522124 0.04070796460176991
0 0.11769911504424779 0.8106194690265487 0.061946902654867256 0.07079646017699115
0 0.43716814159292033 0.7581120943952803 0.12979351032448377 0.1168141592920354
0 0.5436578171091445 0.667551622418879 0.07728613569321534 0.07964601769911504
0 0.6893805309734513 0.6752212389380531 0.052507374631268436 0.05014749262536873
0 0.775811209439528 0.6705014749262537 0.12507374631268436 0.09970501474926254
0 0.38997050147492623 0.8498525073746312 0.12035398230088495 0.12684365781710916
0 0.5463126843657817 0.8407079646017699 0.07905604719764012 0.13097345132743363
0 0.6551622418879056 0.7828908554572271 0.05132743362831858 0.08023598820058997
0 0.7669616519174041 0.7811209439528024 0.17817109144542773 0.06489675516224189
