1 0.1504424778761062 0.1882005899705015 0.03421828908554572 0.017699115044247787
1 0.308259587020649 0.1952802359882006 0.032448377581120944 0.016519174041297935
1 0.48672566371681414 0.18495575221238938 0.035398230088495575 0.023008849557522124
1 0.6286135693215339 0.1855457227138643 0.033628318584070796 0.02064896755162242
1 0.7631268436578171 0.1896755162241888 0.03480825958702065 0.018289085545722714
1 0.8781710914454277 0.1911504424778761 0.033628318584070796 0.01887905604719764
1 0.14778761061946902 0.33775811209439527 0.038348082595870206 0.018289085545722714
1 0.30973451327433627 0.33952802359882006 0.035398230088495575 0.02064896755162242
1 0.47227138643067845 0.3383480825958702 0.03008849557522124 0.01710914454277286
1 0.6342182890855457 0.3368731563421829 0.03421828908554572 0.02359882005899705
1 0.7672566371681416 0.3321533923303835 0.03126843657817109 0.01887905604719764
1 0.8855457227138643 0.3368731563421829 0.03185840707964602 0.020058997050147492
1 0.14513274336283186 0.5076696165191741 0.03657817109144543 0.02064896755162242
1 0.3035398230088496 0.5050147492625369 0.033628318584070796 0.020058997050147492
1 0.4533923303834808 0.5014749262536873 0.033628318584070796 0.021238938053097345
1 0.6297935103244837 0.49321533923303834 0.03480825958702065 0.021238938053097345
1 0.7646017699115044 0.4743362831858407 0.03303834808259587 0.020058997050147492
1 0.8793510324483775 0.47522123893805307 0.027728613569321534 0.02654867256637168
1 0.13480825958702064 0.623598820058997 0.0359882005899705 0.020058997050147492
1 0.31032448377581123 0.6359882005899705 0.03303834808259587 0.020058997050147492
1 0.45486725663716815 0.628023598820059 0.03185840707964602 0.019469026548672566
1 0.6300884955752213 0.6300884955752213 0.035398230088495575 0.01887905604719764
1 0.7651917404129793 0.6386430678466076 0.03421828908554572 0.018289085545722714
1 0.8772861356932153 0.6324483775811209 0.03303834808259587 0.021238938053097345
1 0.1415929203539823 0.763716814159292 0.035398230088495575 0.023008849557522124
1 0.296165191740413 0.771386430678466 0.035398230088495575 0.018289085545722714
1 0.45870206489675514 0.7678466076696165 0.03480825958702065 0.019469026548672566
1 0.6047197640117994 0.771386430678466 0.035398230088495575 0.02064896755162242
1 0.7551622418879056 0.7707964601769911 0.030678466076696165 0.01710914454277286
1 0.8772861356932153 0.7710914454277286 0.03185840707964602 0.020058997050147492
1 0.1433628318584071 0.875221238938053 0.03421828908554572 0.023008849557522124
1 0.28761061946902655 0.883480825958702 0.03480825958702065 0.023008849557522124
1 0.4575221238938053 0.8923303834808259 0.033628318584070796 0.02064896755162242
1 0.6011799410029498 0.8923303834808259 0.03421828908554572 0.02182890855457227
1 0.744542772861357 0.8964601769911504 0.035398230088495575 0.018289085545722714
1 0.8887905604719764 0.8949852507374632 0.038348082595870206 0.01887905604719764
