1 0.10206489675516224 0.1191740412979351 0.03775811209439528 0.030678466076696165
0 0.20648967551622419 0.1592920353982301 0.0696165191740413 0.10619469026548672
0 0.35221238938053095 0.10973451327433628 0.040117994100294985 0.04365781710914454
0 0.48053097345132745 0.1359882005899705 0.13392330383480827 0.08436578171091445
0 0.6386430678466076 0.1407079646017699 0.11150442477876106 0.06312684365781711
0 0.7651917404129793 0.17315634218289086 0.06017699115044248 0.07846607669616519
0 0.12359882005899706 0.28023598820059 0.04424778761061947 0.08023598820058997
1 0.2342182890855457 0.2710914454277286 0.05073746312684366 0.03008849557522124
0 0.33657817109144544 0.26430678466076696 0.07846607669616519 0.03421828908554572
1 0.5020648967551622 0.2814159292035398 0.03775811209439528 0.029498525073746312
0 0.6554572271386431 0.2569321533923304 0.09085545722713864 0.06784660766961652
0 0.7690265486725664 0.24365781710914453 0.10678466076696165 0.054277286135693215
0 0.11091445427728613 0.4640117994100295 0.0471976401179941 0.03480825958702065
0 0.27315634218289087 0.4150442477876106 0.0920353982300885 0.07492625368731563
0 0.3740412979351032 0.45663716814159294 0.07669616519174041 0.15339233038348082
1 0.503834808259587 0.3985250737463127 0.05073746312684366 0.038348082595870206
0 0.6707964601769911 0.46135693215339235 0.11327433628318584 0.05309734513274336
0 0.7820058997050148 0.4277286135693215 0.038348082595870206 0.04365781710914454
0 0.5348082595870206 0.5200589970501475 0.04424778761061947 0.04070796460176991
0 0.6637168141592921 0.5557522123893806 0.10619469026548672 0.11209439528023599
0 0.7808259587020648 0.5554572271386431 0.033628318584070796 0.05132743362831858
0 0.14985250737463127 0.588495575221239 0.03421828908554572 0.043067846607669616
0 0.3271386430678466 0.6156342182890855 0.07138643067846608 0.1504424778761062
0 0.4265486725663717 0.6044247787610619 0.1215339233038348 0.07610619469026549
0 0.5430678466076696 0.6666666666666666 0.07728613569321534 0.08023598820058997
0 0.6882005899705015 0.675811209439528 0.05486725663716814 0.05014749262536873
0 0.7752212389380531 0.6699115044247788 0.12389380530973451 0.09852507374631268
1 0.17050147492625367 0.6905604719764011 0.04129793510324484 0.043067846607669616
0 0.11622418879056047 0.8094395280235989 0.05781710914454277 0.071976401179941
0 0.27315634218289087 0.7300884955752213 0.03303834808259587 0.03716814159292035
1 0.2713864306784661 0.7707964601769911 0.02831858407079646 0.04070796460176991
0 0.4359882005899705 0.7587020648967552 0.12743362831858407 0.11799410029498525
0 0.3911504424778761 0.8486725663716814 0.12271386430678466 0.1303834808259587
0 0.5469026548672566 0.8412979351032448 0.07905604719764012 0.13097345132743363
0 0.6545722713864307 0.7817109144542773 0.05132743362831858 0.08023598820058997
0 0.7651917404129793 0.7811209439528024 0.17817109144542773 0.06135693215339233
