1 0.05929203539823009 0.1480825958702065 0.027728613569321534 0.016519174041297935
0 0.17374631268436577 0.1882005899705015 0.02654867256637168 0.03185840707964602
0 0.3528023598820059 0.16991150442477876 0.02359882005899705 0.04247787610619469
1 0.51976401179941 0.1410029498525074 0.030678466076696165 0.02831858407079646
1 0.6970501474926254 0.11976401179941003 0.02654867256637168 0.027138643067846607
1 0.8504424778761062 0.08613569321533923 0.027728613569321534 0.030678466076696165
1 0.06607669616519174 0.31946902654867254 0.025958702064896755 0.027728613569321534
0 0.21740412979351031 0.33539823008849556 0.027728613569321534 0.03716814159292035
0 0.37256637168141593 0.3374631268436578 0.032448377581120944 0.03185840707964602
0 0.5424778761061947 0.28584070796460176 0.03716814159292035 0.02536873156342183
0 0.6651917404129793 0.30619469026548674 0.019469026548672566 0.044837758112094395
0 0.8725663716814159 0.3056047197640118 0.03421828908554572 0.024778761061946902
1 0.061061946902654866 0.45634218289085543 0.023008849557522124 0.024188790560471976
0 0.22507374631268437 0.4330383480825959 0.019469026548672566 0.03893805309734513
0 0.3693215339233038 0.4607669616519174 0.022418879056047197 0.04247787610619469
1 0.5483775811209439 0.44483775811209436 0.028908554572271386 0.02359882005899705
1 0.7094395280235988 0.43716814159292033 0.027728613569321534 0.020058997050147492
0 0.8625368731563422 0.4663716814159292 0.027138643067846607 0.0359882005899705
0 0.05929203539823009 0.5967551622418878 0.027728613569321534 0.032448377581120944
1 0.24955752212389382 0.5961651917404129 0.027138643067846607 0.018289085545722714
1 0.3926253687315634 0.5823008849557522 0.028908554572271386 0.01887905604719764
1 0.5480825958702065 0.5796460176991151 0.027138643067846607 0.019469026548672566
0 0.7020648967551623 0.6005899705014749 0.029498525073746312 0.035398230088495575
0 0.8595870206489675 0.5584070796460177 0.02831858407079646 0.038348082595870206
0 0.07758112094395281 0.7026548672566372 0.032448377581120944 0.02831858407079646
1 0.25781710914454276 0.6991150442477876 0.03185840707964602 0.022418879056047197
0 0.3887905604719764 0.7212389380530974 0.030678466076696165 0.028908554572271386
0 0.5421828908554572 0.7109144542772862 0.03303834808259587 0.040117994100294985
1 0.7067846607669617 0.7109144542772862 0.030678466076696165 0.03185840707964602
1 0.8660766961651918 0.7061946902654868 0.021238938053097345 0.03421828908554572
1 0.06666666666666667 0.8312684365781711 0.030678466076696165 0.03421828908554572
0 0.25545722713864305 0.8294985250737463 0.02359882005899705 0.040117994100294985
0 0.41002949852507375 0.8079646017699115 0.029498525073746312 0.02654867256637168
0 0.5460176991150443 0.8693215339233038 0.03008849557522124 0.0359882005899705
1 0.6982300884955752 0.8604719764011799 0.023008849557522124 0.03952802359882006
0 0.8902654867256637 0.8772861356932153 0.02831858407079646 0.03185840707964602
