0 0.12064896755162241 0.05929203539823009 0.05132743362831858 0.09852507374631268
0 0.24365781710914453 0.034513274336283185 0.07669616519174041 0.057227138643067846
0 0.40825958702064896 0.05368731563421829 0.054277286135693215 0.06253687315634218
0 0.5333333333333333 0.1200589970501475 0.02831858407079646 0.0359882005899705
0 0.6696165191740413 0.06047197640117994 0.10855457227138643 0.038348082595870206
0 0.852212389380531 0.10235988200589971 0.0359882005899705 0.03480825958702065
0 0.11858407079646018 0.23244837758112094 0.06253687315634218 0.06371681415929203
0 0.24690265486725663 0.1873156342182891 0.05604719764011799 0.04424778761061947
0 0.34188790560471977 0.16932153392330385 0.11032448377581121 0.0696165191740413
0 0.6870206489675517 0.22241887905604718 0.07728613569321534 0.0471976401179941
0 0.8613569321533923 0.22389380530973452 0.058997050147492625 0.07020648967551622
0 0.12064896755162241 0.32182890855457225 0.047787610619469026 0.057227138643067846
0 0.20353982300884954 0.2958702064896755 0.06843657817109144 0.12802359882005898
0 0.3648967551622419 0.37315634218289084 0.05486725663716814 0.10206489675516224
0 0.5244837758112094 0.2616519174041298 0.08023598820058997 0.05486725663716814
0 0.5469026548672566 0.33628318584070793 0.06725663716814159 0.04129793510324484
0 0.6899705014749262 0.3542772861356932 0.04542772861356932 0.05486725663716814
0 0.8657817109144542 0.38023598820058996 0.038348082595870206 0.0584070796460177
0 0.12920353982300886 0.5315634218289086 0.07905604719764012 0.08377581120943953
0 0.21386430678466076 0.5530973451327433 0.07374631268436578 0.10088495575221239
0 0.36106194690265486 0.4654867256637168 0.049557522123893805 0.05073746312684366
0 0.531858407079646 0.47079646017699117 0.05014749262536873 0.06489675516224189
0 0.6926253687315634 0.5150442477876106 0.03657817109144543 0.0920353982300885
0 0.843952802359882 0.5138643067846608 0.03952802359882006 0.071976401179941
0 0.4911504424778761 0.6014749262536873 0.05368731563421829 0.05604719764011799
0 0.6790560471976401 0.6233038348082596 0.05073746312684366 0.057227138643067846
0 0.8486725663716814 0.6324483775811209 0.038348082595870206 0.05663716814159292
0 0.07374631268436578 0.6519174041297935 0.12743362831858407 0.14277286135693215
0 0.22507374631268437 0.6831858407079646 0.04542772861356932 0.10265486725663717
0 0.36194690265486723 0.6949852507374631 0.06666666666666667 0.06135693215339233
0 0.13392330383480827 0.8050147492625369 0.07787610619469026 0.04542772861356932
0 0.19911504424778761 0.8300884955752212 0.07138643067846608 0.08613569321533923
0 0.3678466076696165 0.7828908554572271 0.03716814159292035 0.08495575221238938
0 0.5047197640117994 0.7761061946902654 0.05604719764011799 0.05368731563421829
0 0.7041297935103245 0.8392330383480826 0.0831858407079646 0.061946902654867256
0 0.8442477876106195 0.8176991150442477 0.054277286135693215 0.05545722713864307
