1 0.13421828908554573 0.09321533923303835 0.032448377581120944 0.020058997050147492
1 0.28997050147492626 0.08200589970501475 0.03126843657817109 0.02831858407079646
1 0.4389380530973451 0.08525073746312684 0.03185840707964602 0.023008849557522124
1 0.5935103244837758 0.08672566371681416 0.030678466076696165 0.02359882005899705
1 0.7351032448377581 0.09793510324483776 0.03421828908554572 0.021238938053097345
1 0.8946902654867257 0.09705014749262536 0.032448377581120944 0.018289085545722714
1 0.14985250737463127 0.21769911504424777 0.030678466076696165 0.030678466076696165
1 0.2949852507374631 0.22418879056047197 0.03303834808259587 0.027138643067846607
1 0.4486725663716814 0.22595870206489677 0.032448377581120944 0.017699115044247787
1 0.6041297935103245 0.23156342182890854 0.03775811209439528 0.01710914454277286
1 0.7551622418879056 0.2342182890855457 0.030678466076696165 0.01887905604719764
1 0.8970501474926253 0.23628318584070795 0.03126843657817109 0.019469026548672566
1 0.15309734513274337 0.3663716814159292 0.032448377581120944 0.016519174041297935
1 0.31386430678466076 0.3702064896755162 0.030678466076696165 0.019469026548672566
1 0.47168141592920354 0.3746312684365782 0.028908554572271386 0.01887905604719764
1 0.6126843657817109 0.36224188790560474 0.03480825958702065 0.020058997050147492
1 0.759882005899705 0.3752212389380531 0.02831858407079646 0.017699115044247787
1 0.9041297935103245 0.38259587020648966 0.03008849557522124 0.01710914454277286
1 0.1616519174041298 0.4831858407079646 0.03303834808259587 0.020058997050147492
1 0.3129793510324484 0.48672566371681414 0.03126843657817109 0.020058997050147492
1 0.463716814159292 0.4784660766961652 0.030678466076696165 0.017699115044247787
1 0.6185840707964602 0.49852507374631266 0.03126843657817109 0.01887905604719764
1 0.7628318584070797 0.5294985250737463 0.029498525073746312 0.02064896755162242
1 0.9103244837758112 0.5256637168141592 0.029498525073746312 0.021238938053097345
1 0.15781710914454278 0.6374631268436578 0.033628318584070796 0.018289085545722714
1 0.3209439528023599 0.6528023598820059 0.035398230088495575 0.02064896755162242
1 0.484070796460177 0.6483775811209439 0.03008849557522124 0.020058997050147492
1 0.6274336283185841 0.6755162241887905 0.032448377581120944 0.020058997050147492
1 0.7843657817109144 0.6702064896755162 0.03008849557522124 0.017699115044247787
1 0.9020648967551622 0.6648967551622419 0.02831858407079646 0.017699115044247787
1 0.15250737463126843 0.8799410029498524 0.03126843657817109 0.01592920353982301
1 0.3094395280235988 0.8548672566371681 0.019469026548672566 0.03421828908554572
1 0.46342182890855455 0.8548672566371681 0.033628318584070796 0.017699115044247787
1 0.6156342182890855 0.852212389380531 0.023008849557522124 0.02536873156342183
1 0.7705014749262536 0.8548672566371681 0.027138643067846607 0.020058997050147492
1 0.9 0.8740412979351032 0.027728613569321534 0.023008849557522124
