0 0.10176991150442477 0.11858407079646018 0.03716814159292035 0.029498525073746312
0 0.20501474926253688 0.1584070796460177 0.07256637168141593 0.1056047197640118
0 0.35162241887905604 0.10943952802359883 0.04129793510324484 0.043067846607669616
0 0.4808259587020649 0.13805309734513274 0.13215339233038348 0.08259587020648967
0 0.6351032448377582 0.1421828908554572 0.10914454277286136 0.06489675516224189
0 0.7651917404129793 0.17610619469026548 0.06135693215339233 0.0831858407079646
0 0.12123893805309735 0.2790560471976401 0.043067846607669616 0.07905604719764012
1 0.2345132743362832 0.26991150442477874 0.05014749262536873 0.033628318584070796
0 0.33775811209439527 0.26430678466076696 0.07256637168141593 0.03421828908554572
1 0.5017699115044247 0.2808259587020649 0.03716814159292035 0.03185840707964602
0 0.6563421828908554 0.25722713864306784 0.09380530973451327 0.06607669616519174
0 0.7772861356932154 0.24041297935103245 0.12094395280235988 0.06312684365781711
0 0.11150442477876106 0.46519174041297934 0.05073746312684366 0.0359882005899705
0 0.2669616519174041 0.412094395280236 0.10324483775811209 0.06902654867256637
0 0.3769911504424779 0.4542772861356932 0.071976401179941 0.14985250737463127
0 0.5053097345132743 0.3985250737463127 0.05132743362831858 0.04424778761061947
0 0.675811209439528 0.46106194690265484 0.1079646017699115 0.05604719764011799
0 0.7793510324483776 0.4259587020648967 0.03893805309734513 0.04129793510324484
0 0.1471976401179941 0.6011799410029498 0.03480825958702065 0.054277286135693215
0 0.32772861356932154 0.615929203539823 0.07020648967551622 0.14985250737463127
0 0.42507374631268435 0.6041297935103245 0.12448377581120944 0.07551622418879056
0 0.5342182890855457 0.5194690265486726 0.04542772861356932 0.04070796460176991
0 0.664306784660767 0.5631268436578171 0.10383480825958702 0.12566371681415928
0 0.7808259587020648 0.5545722713864307 0.03480825958702065 0.05191740412979351
1 0.16843657817109145 0.6914454277286135 0.04070796460176991 0.04365781710914454
0 0.27227138643067844 0.7300884955752213 0.032448377581120944 0.04188790560471976
1 0.27168141592920353 0.7716814159292036 0.028908554572271386 0.040117994100294985
0 0.11150442477876106 0.8209439528023599 0.04365781710914454 0.09026548672566372
0 0.5418879056047198 0.667551622418879 0.06784660766961652 0.07138643067846608
0 0.4336283185840708 0.7610619469026548 0.1215339233038348 0.12035398230088495
0 0.38908554572271387 0.8513274336283185 0.12212389380530973 0.12507374631268436
0 0.5445427728613569 0.8374631268436578 0.08023598820058997 0.13156342182890857
0 0.6530973451327433 0.7837758112094395 0.0471976401179941 0.07846607669616519
0 0.768141592920354 0.7823008849557522 0.1687315634218289 0.06489675516224189
0 0.6870206489675517 0.6775811209439528 0.052507374631268436 0.05132743362831858
0 0.7746312684365781 0.6705014749262537 0.12389380530973451 0.09970501474926254
