1 0.11150442477876106 0.10589970501474927 0.03775811209439528 0.018289085545722714
1 0.25604719764011796 0.10501474926253687 0.03421828908554572 0.01887905604719764
1 0.39823008849557523 0.10943952802359883 0.030678466076696165 0.019469026548672566
1 0.5445427728613569 0.10825958702064897 0.03421828908554572 0.019469026548672566
1 0.7126843657817109 0.11651917404129794 0.03303834808259587 0.019469026548672566
1 0.8584070796460177 0.12625368731563422 0.03421828908554572 0.020058997050147492
1 0.12330383480825959 0.2294985250737463 0.03185840707964602 0.020058997050147492
1 0.24572271386430677 0.2303834808259587 0.028908554572271386 0.01592920353982301
1 0.39646017699115044 0.23008849557522124 0.03421828908554572 0.01887905604719764
1 0.5421828908554572 0.23303834808259588 0.03303834808259587 0.01887905604719764
1 0.7047197640117994 0.22920353982300884 0.03716814159292035 0.018289085545722714
1 0.8595870206489675 0.23539823008849559 0.035398230088495575 0.017699115044247787
1 0.12389380530973451 0.36902654867256635 0.029498525073746312 0.02182890855457227
1 0.2359882005899705 0.36283185840707965 0.030678466076696165 0.01887905604719764
1 0.3710914454277286 0.3705014749262537 0.03421828908554572 0.01887905604719764
1 0.5469026548672566 0.37138643067846605 0.03185840707964602 0.018289085545722714
1 0.6905604719764011 0.3648967551622419 0.033628318584070796 0.019469026548672566
1 0.8657817109144542 0.3769911504424779 0.03480825958702065 0.01887905604719764
1 0.12212389380530973 0.5271386430678466 0.024778761061946902 0.02536873156342183
1 0.23628318584070795 0.5259587020648967 0.03008849557522124 0.02064896755162242
1 0.37079646017699114 0.5067846607669616 0.03126843657817109 0.021238938053097345
1 0.5483775811209439 0.5002949852507375 0.03126843657817109 0.022418879056047197
1 0.6976401179941003 0.49616519174041296 0.03480825958702065 0.020058997050147492
1 0.8545722713864307 0.49144542772861355 0.0359882005899705 0.01887905604719764
1 0.11474926253687315 0.6628318584070796 0.03008849557522124 0.019469026548672566
1 0.2327433628318584 0.6690265486725664 0.03008849557522124 0.016519174041297935
1 0.36696165191740415 0.6646017699115044 0.030678466076696165 0.02182890855457227
1 0.5294985250737463 0.6619469026548672 0.03008849557522124 0.01887905604719764
1 0.6905604719764011 0.6607669616519174 0.0359882005899705 0.020058997050147492
1 0.8533923303834808 0.6628318584070796 0.038348082595870206 0.019469026548672566
1 0.12330383480825959 0.8091445427728613 0.029498525073746312 0.019469026548672566
1 0.2365781710914454 0.8112094395280236 0.03185840707964602 0.01887905604719764
1 0.371976401179941 0.8156342182890856 0.03480825958702065 0.018289085545722714
1 0.5144542772861357 0.8150442477876106 0.03303834808259587 0.02064896755162242
1 0.692330383480826 0.8041297935103244 0.032448377581120944 0.01887905604719764
1 0.8492625368731563 0.8126843657817109 0.033628318584070796 0.018289085545722714
