0 0.15958702064896754 0.1687315634218289 0.04424778761061947 0.05781710914454277
0 0.2952802359882006 0.1607669616519174 0.07964601769911504 0.07138643067846608
0 0.4970501474926254 0.22890855457227138 0.06430678466076696 0.06253687315634218
0 0.631858407079646 0.215929203539823 0.03893805309734513 0.07905604719764012
0 0.7752212389380531 0.1743362831858407 0.035398230088495575 0.10088495575221239
0 0.8607669616519174 0.19646017699115043 0.0920353982300885 0.03893805309734513
0 0.15191740412979352 0.3672566371681416 0.038348082595870206 0.04542772861356932
0 0.31622418879056047 0.37728613569321534 0.04247787610619469 0.057227138643067846
0 0.4870206489675516 0.39469026548672564 0.04542772861356932 0.058997050147492625
0 0.6315634218289086 0.3230088495575221 0.04660766961651917 0.09026548672566372
0 0.7884955752212389 0.31032448377581123 0.0584070796460177 0.10265486725663717
0 0.876401179941003 0.32123893805309733 0.04542772861356932 0.15752212389380532
0 0.15191740412979352 0.487905604719764 0.03480825958702065 0.08141592920353982
0 0.30678466076696165 0.48436578171091443 0.03657817109144543 0.08495575221238938
0 0.4731563421828908 0.531858407079646 0.054277286135693215 0.06902654867256637
0 0.6418879056047198 0.5348082595870206 0.05309734513274336 0.052507374631268436
0 0.7772861356932154 0.44778761061946903 0.052507374631268436 0.09911504424778761
0 0.8648967551622418 0.4646017699115044 0.06017699115044248 0.07020648967551622
0 0.13539823008849558 0.6179941002949852 0.038348082595870206 0.052507374631268436
0 0.3117994100294985 0.6274336283185841 0.047787610619469026 0.0584070796460177
0 0.4542772861356932 0.6749262536873156 0.0696165191740413 0.058997050147492625
0 0.6336283185840708 0.6474926253687315 0.049557522123893805 0.0831858407079646
0 0.7716814159292036 0.687905604719764 0.05073746312684366 0.12625368731563422
0 0.8755162241887906 0.6876106194690266 0.03657817109144543 0.07846607669616519
0 0.14129793510324484 0.7699115044247787 0.05368731563421829 0.040117994100294985
0 0.29410029498525075 0.7728613569321534 0.04070796460176991 0.05191740412979351
0 0.4672566371681416 0.7430678466076696 0.04365781710914454 0.05368731563421829
0 0.6247787610619469 0.8194690265486726 0.12035398230088495 0.05545722713864307
0 0.7542772861356932 0.8191740412979351 0.052507374631268436 0.05486725663716814
0 0.8820058997050148 0.7619469026548672 0.05073746312684366 0.07728613569321534
1 0.14778761061946902 0.9150442477876106 0.0359882005899705 0.027138643067846607
0 0.32359882005899704 0.935693215339233 0.11740412979351032 0.049557522123893805
0 0.4646017699115044 0.8799410029498524 0.032448377581120944 0.03480825958702065
0 0.5985250737463127 0.924188790560472 0.03952802359882006 0.061946902654867256
0 0.7404129793510325 0.9457227138643067 0.049557522123893805 0.06489675516224189
0 0.8823008849557522 0.9407079646017699 0.05486725663716814 0.09616519174041298
