1 0.15103244837758112 0.1896755162241888 0.035398230088495575 0.018289085545722714
1 0.14690265486725662 0.3368731563421829 0.040117994100294985 0.020058997050147492
1 0.1454277286135693 0.5076696165191741 0.03716814159292035 0.023008849557522124
1 0.3088495575221239 0.19616519174041297 0.0359882005899705 0.01710914454277286
1 0.307669616519174 0.33952802359882006 0.03480825958702065 0.01710914454277286
1 0.3023598820058997 0.5056047197640118 0.032448377581120944 0.021238938053097345
1 0.48761061946902656 0.18613569321533924 0.033628318584070796 0.02064896755162242
1 0.4731563421828908 0.33893805309734515 0.029498525073746312 0.018289085545722714
1 0.4528023598820059 0.5008849557522124 0.03126843657817109 0.024778761061946902
1 0.6274336283185841 0.18584070796460178 0.0359882005899705 0.020058997050147492
1 0.6342182890855457 0.3386430678466077 0.029498525073746312 0.02359882005899705
1 0.6303834808259587 0.4941002949852507 0.03480825958702065 0.023008849557522124
1 0.7631268436578171 0.1905604719764012 0.032448377581120944 0.021238938053097345
1 0.768141592920354 0.3321533923303835 0.03421828908554572 0.020058997050147492
1 0.7651917404129793 0.4731563421828908 0.03421828908554572 0.01887905604719764
1 0.8787610619469026 0.19144542772861356 0.033628318584070796 0.019469026548672566
1 0.8846607669616519 0.33716814159292036 0.03126843657817109 0.01710914454277286
1 0.8799410029498524 0.47463126843657816 0.02536873156342183 0.027728613569321534
1 0.13392330383480827 0.6230088495575221 0.035398230088495575 0.020058997050147492
1 0.14188790560471976 0.7657817109144542 0.03480825958702065 0.017699115044247787
1 0.14188790560471976 0.875221238938053 0.0359882005899705 0.023008849557522124
1 0.3088495575221239 0.6356932153392331 0.033628318584070796 0.02064896755162242
1 0.29705014749262537 0.7722713864306785 0.0359882005899705 0.01887905604719764
1 0.28820058997050146 0.8852507374631269 0.0359882005899705 0.01710914454277286
1 0.4539823008849557 0.6297935103244837 0.03008849557522124 0.019469026548672566
1 0.45781710914454277 0.891740412979351 0.035398230088495575 0.02064896755162242
1 0.4592920353982301 0.768141592920354 0.0359882005899705 0.020058997050147492
1 0.6303834808259587 0.6321533923303835 0.032448377581120944 0.019469026548672566
1 0.6070796460176991 0.771976401179941 0.03303834808259587 0.019469026548672566
1 0.6023598820058997 0.8920353982300885 0.035398230088495575 0.017699115044247787
1 0.7666666666666666 0.6392330383480825 0.032448377581120944 0.019469026548672566
1 0.8784660766961652 0.6312684365781711 0.03303834808259587 0.022418879056047197
1 0.7563421828908554 0.7710914454277286 0.029498525073746312 0.01887905604719764
1 0.8784660766961652 0.772566371681416 0.035398230088495575 0.02064896755162242
1 0.744542772861357 0.8955752212389381 0.030678466076696165 0.016519174041297935
1 0.8887905604719764 0.8964601769911504 0.038348082595870206 0.02064896755162242
