0 0.10117994100294986 0.1191740412979351 0.03716814159292035 0.03185840707964602
0 0.20412979351032448 0.15752212389380532 0.07315634218289085 0.08731563421828908
0 0.3501474926253687 0.10884955752212389 0.0359882005899705 0.04660766961651917
0 0.48259587020648964 0.13775811209439529 0.12979351032448377 0.07728613569321534
0 0.6294985250737463 0.14188790560471976 0.06843657817109144 0.09380530973451327
0 0.7675516224188791 0.17050147492625367 0.06135693215339233 0.07787610619469026
0 0.11032448377581121 0.2737463126843658 0.06135693215339233 0.06253687315634218
1 0.23333333333333334 0.2657817109144543 0.05132743362831858 0.03126843657817109
0 0.3398230088495575 0.268141592920354 0.071976401179941 0.0359882005899705
1 0.4976401179941003 0.279646017699115 0.033628318584070796 0.03657817109144543
0 0.6654867256637168 0.2563421828908555 0.08023598820058997 0.06430678466076696
0 0.7896755162241887 0.2345132743362832 0.12566371681415928 0.04542772861356932
1 0.10766961651917403 0.459882005899705 0.04070796460176991 0.043067846607669616
0 0.26607669616519175 0.4097345132743363 0.0967551622418879 0.06430678466076696
0 0.38023598820058996 0.4510324483775811 0.061946902654867256 0.13628318584070798
1 0.5056047197640118 0.39823008849557523 0.049557522123893805 0.04247787610619469
0 0.6628318584070796 0.46135693215339235 0.10914454277286136 0.05309734513274336
0 0.7772861356932154 0.4265486725663717 0.0359882005899705 0.035398230088495575
0 0.1495575221238938 0.5976401179941003 0.03126843657817109 0.03775811209439528
0 0.3029498525073746 0.615929203539823 0.07846607669616519 0.14749262536873156
0 0.4103244837758112 0.6026548672566372 0.11268436578171091 0.07374631268436578
0 0.5365781710914455 0.5200589970501475 0.04070796460176991 0.04070796460176991
0 0.6551622418879056 0.5678466076696165 0.11622418879056047 0.09262536873156342
0 0.7766961651917405 0.5542772861356932 0.03716814159292035 0.052507374631268436
0 0.27256637168141595 0.728023598820059 0.03185840707964602 0.04365781710914454
1 0.15250737463126843 0.6687315634218289 0.0359882005899705 0.05014749262536873
0 0.5415929203539823 0.6663716814159292 0.06725663716814159 0.06312684365781711
0 0.6784660766961652 0.6696165191740413 0.030678466076696165 0.035398230088495575
0 0.7929203539823009 0.6979351032448378 0.06489675516224189 0.049557522123893805
0 0.11386430678466077 0.8238938053097346 0.049557522123893805 0.08200589970501475
1 0.2533923303834808 0.8386430678466077 0.03716814159292035 0.02064896755162242
0 0.38259587020648966 0.8471976401179941 0.12802359882005898 0.10501474926253687
0 0.42920353982300885 0.7646017699115044 0.11268436578171091 0.11445427728613569
0 0.5539823008849557 0.8389380530973451 0.05781710914454277 0.10737463126843658
0 0.651622418879056 0.7861356932153393 0.04542772861356932 0.07138643067846608
0 0.7737463126843658 0.8002949852507375 0.15634218289085544 0.0607669616519174
