1 0.09941002949852507 0.1504424778761062 0.02654867256637168 0.027138643067846607
1 0.22241887905604718 0.15014749262536872 0.025958702064896755 0.019469026548672566
1 0.3648967551622419 0.14690265486725662 0.023008849557522124 0.022418879056047197
1 0.5253687315634218 0.14690265486725662 0.03126843657817109 0.022418879056047197
1 0.6805309734513274 0.1351032448377581 0.032448377581120944 0.021238938053097345
1 0.8415929203539823 0.12094395280235988 0.032448377581120944 0.02359882005899705
1 0.09793510324483776 0.3359882005899705 0.029498525073746312 0.02064896755162242
1 0.21563421828908555 0.3303834808259587 0.03008849557522124 0.020058997050147492
1 0.3728613569321534 0.32654867256637166 0.03185840707964602 0.019469026548672566
1 0.515929203539823 0.3519174041297935 0.03126843657817109 0.018289085545722714
1 0.6784660766961652 0.34572271386430675 0.03185840707964602 0.025958702064896755
1 0.8424778761061946 0.3613569321533923 0.03421828908554572 0.02182890855457227
1 0.08790560471976401 0.47463126843657816 0.027138643067846607 0.02536873156342183
1 0.23539823008849559 0.4725663716814159 0.02359882005899705 0.020058997050147492
1 0.38082595870206487 0.5002949852507375 0.03008849557522124 0.02359882005899705
1 0.5353982300884955 0.5221238938053098 0.027728613569321534 0.017699115044247787
1 0.6876106194690266 0.512684365781711 0.03008849557522124 0.017699115044247787
1 0.8380530973451328 0.5147492625368731 0.032448377581120944 0.018289085545722714
1 0.09469026548672566 0.6185840707964602 0.027728613569321534 0.01710914454277286
1 0.24041297935103245 0.6203539823008849 0.023008849557522124 0.014749262536873156
1 0.38613569321533925 0.6395280235988201 0.0359882005899705 0.016519174041297935
1 0.5286135693215339 0.6259587020648968 0.029498525073746312 0.016519174041297935
1 0.6867256637168142 0.6292035398230088 0.03185840707964602 0.02182890855457227
1 0.848377581120944 0.6330383480825958 0.030678466076696165 0.015339233038348082
1 0.10176991150442477 0.7646017699115044 0.02654867256637168 0.021238938053097345
1 0.24424778761061947 0.7675516224188791 0.030678466076696165 0.020058997050147492
1 0.3973451327433628 0.7672566371681416 0.03480825958702065 0.02064896755162242
1 0.5507374631268437 0.7722713864306785 0.032448377581120944 0.020058997050147492
1 0.7020648967551623 0.7778761061946903 0.03185840707964602 0.028908554572271386
1 0.8510324483775811 0.7808259587020648 0.027728613569321534 0.028908554572271386
1 0.10471976401179942 0.9026548672566371 0.027728613569321534 0.01887905604719764
1 0.2651917404129793 0.9035398230088495 0.027728613569321534 0.024188790560471976
1 0.4061946902654867 0.9144542772861357 0.027728613569321534 0.02831858407079646
1 0.5622418879056047 0.9138643067846608 0.03185840707964602 0.024778761061946902
1 0.7109144542772862 0.915929203539823 0.030678466076696165 0.03126843657817109
1 0.8669616519174042 0.9014749262536873 0.028908554572271386 0.02359882005899705
