1 0.06578171091445428 0.14277286135693215 0.027728613569321534 0.015339233038348082
1 0.2407079646017699 0.1392330383480826 0.027138643067846607 0.01887905604719764
1 0.3787610619469026 0.1421828908554572 0.030678466076696165 0.021238938053097345
1 0.5504424778761062 0.12271386430678466 0.030678466076696165 0.020058997050147492
1 0.7017699115044248 0.1168141592920354 0.027728613569321534 0.02359882005899705
1 0.8722713864306785 0.1056047197640118 0.024188790560471976 0.025958702064896755
1 0.071976401179941 0.3005899705014749 0.03303834808259587 0.01710914454277286
1 0.24542772861356932 0.29970501474926253 0.02831858407079646 0.01887905604719764
1 0.38495575221238937 0.3041297935103245 0.033628318584070796 0.02064896755162242
1 0.5486725663716814 0.3014749262536873 0.03657817109144543 0.01887905604719764
1 0.6997050147492625 0.28525073746312685 0.03185840707964602 0.018289085545722714
1 0.8799410029498524 0.2778761061946903 0.038348082595870206 0.01887905604719764
1 0.06489675516224189 0.45132743362831856 0.029498525073746312 0.017699115044247787
1 0.2424778761061947 0.4480825958702065 0.03185840707964602 0.01710914454277286
1 0.39144542772861357 0.4445427728613569 0.027728613569321534 0.01592920353982301
1 0.5539823008849557 0.4415929203539823 0.030678466076696165 0.019469026548672566
1 0.7147492625368731 0.4383480825958702 0.032448377581120944 0.017699115044247787
1 0.876401179941003 0.43952802359882004 0.032448377581120944 0.021238938053097345
1 0.06371681415929203 0.5994100294985251 0.02831858407079646 0.01887905604719764
1 0.2519174041297935 0.588495575221239 0.030678466076696165 0.01710914454277286
1 0.3943952802359882 0.5805309734513274 0.03008849557522124 0.01887905604719764
1 0.552212389380531 0.5787610619469027 0.02831858407079646 0.020058997050147492
1 0.7141592920353982 0.5775811209439528 0.027728613569321534 0.021238938053097345
1 0.8755162241887906 0.5823008849557522 0.02831858407079646 0.024778761061946902
1 0.06489675516224189 0.7209439528023599 0.035398230088495575 0.021238938053097345
1 0.24365781710914453 0.719174041297935 0.030678466076696165 0.01887905604719764
1 0.396165191740413 0.7067846607669617 0.03126843657817109 0.017699115044247787
1 0.5519174041297935 0.699410029498525 0.03008849557522124 0.023008849557522124
1 0.7079646017699115 0.6997050147492625 0.030678466076696165 0.021238938053097345
1 0.8814159292035398 0.7138643067846607 0.035398230088495575 0.01887905604719764
1 0.06607669616519174 0.8345132743362832 0.03421828908554572 0.02064896755162242
1 0.24218289085545722 0.8433628318584071 0.032448377581120944 0.019469026548672566
1 0.396165191740413 0.848377581120944 0.033628318584070796 0.017699115044247787
1 0.5554572271386431 0.8486725663716814 0.03126843657817109 0.018289085545722714
1 0.723598820058997 0.8557522123893805 0.032448377581120944 0.019469026548672566
1 0.8817109144542773 0.8746312684365781 0.02654867256637168 0.02182890855457227
