1 0.10176991150442477 0.11710914454277285 0.038348082595870206 0.03126843657817109
0 0.20648967551622419 0.1584070796460177 0.071976401179941 0.10914454277286136
0 0.35162241887905604 0.11002949852507374 0.04247787610619469 0.04542772861356932
0 0.48023598820059 0.13716814159292035 0.13333333333333333 0.08436578171091445
0 0.636283185840708 0.14277286135693215 0.11032448377581121 0.06489675516224189
0 0.7660766961651917 0.17581120943952802 0.0584070796460177 0.07669616519174041
0 0.12300884955752212 0.2799410029498525 0.04660766961651917 0.08200589970501475
1 0.2345132743362832 0.2687315634218289 0.05014749262536873 0.033628318584070796
0 0.3374631268436578 0.2646017699115044 0.07669616519174041 0.033628318584070796
1 0.5029498525073747 0.28112094395280235 0.038348082595870206 0.033628318584070796
0 0.6572271386430678 0.25663716814159293 0.0967551622418879 0.06843657817109144
0 0.7716814159292036 0.24513274336283186 0.10855457227138643 0.05604719764011799
0 0.11120943952802359 0.46578171091445425 0.05132743362831858 0.03952802359882006
0 0.26784660766961654 0.41386430678466074 0.10973451327433628 0.06902654867256637
0 0.37492625368731564 0.456047197640118 0.07610619469026549 0.15103244837758112
1 0.5047197640117994 0.3997050147492625 0.052507374631268436 0.04424778761061947
0 0.7808259587020648 0.4247787610619469 0.03716814159292035 0.04247787610619469
0 0.6725663716814159 0.46106194690265484 0.11209439528023599 0.05486725663716814
0 0.5339233038348082 0.5200589970501475 0.044837758112094395 0.04070796460176991
0 0.14837758112094396 0.5920353982300884 0.032448377581120944 0.043067846607669616
0 0.32831858407079645 0.615929203539823 0.06666666666666667 0.14513274336283186
0 0.4215339233038348 0.6047197640117994 0.11032448377581121 0.07551622418879056
0 0.6607669616519174 0.5625368731563422 0.10147492625368731 0.12566371681415928
0 0.7811209439528024 0.5569321533923304 0.03303834808259587 0.05309734513274336
1 0.17050147492625367 0.691150442477876 0.04365781710914454 0.04188790560471976
0 0.2734513274336283 0.7289085545722713 0.032448377581120944 0.038348082595870206
1 0.271976401179941 0.7702064896755162 0.02831858407079646 0.04424778761061947
0 0.11651917404129794 0.8156342182890856 0.05368731563421829 0.07846607669616519
0 0.38997050147492623 0.8495575221238938 0.12507374631268436 0.12743362831858407
0 0.4342182890855457 0.7607669616519174 0.12625368731563422 0.11976401179941003
0 0.5448377581120943 0.6654867256637168 0.07492625368731563 0.07551622418879056
0 0.6539823008849558 0.7823008849557522 0.047787610619469026 0.08141592920353982
0 0.5436578171091445 0.8398230088495575 0.07846607669616519 0.12802359882005898
0 0.7666666666666666 0.7817109144542773 0.17050147492625367 0.06135693215339233
0 0.7764011799410029 0.6696165191740413 0.12271386430678466 0.10147492625368731
0 0.6864306784660766 0.6764011799410029 0.05368731563421829 0.05014749262536873
