0 0.13805309734513274 0.1430678466076696 0.10501474926253687 0.1056047197640118
0 0.31150442477876106 0.13185840707964602 0.12979351032448377 0.1457227138643068
0 0.511504424778761 0.10589970501474927 0.071976401179941 0.15634218289085544
0 0.6604719764011799 0.12300884955752212 0.061946902654867256 0.20825958702064895
0 0.875221238938053 0.09144542772861357 0.14454277286135692 0.09793510324483776
0 0.1486725663716814 0.3165191740412979 0.08849557522123894 0.04896755162241888
0 0.30678466076696165 0.2778761061946903 0.03303834808259587 0.04837758112094395
0 0.5244837758112094 0.2814159292035398 0.15575221238938053 0.05073746312684366
0 0.6185840707964602 0.24985250737463127 0.0607669616519174 0.09380530973451327
0 0.7852507374631268 0.2471976401179941 0.19705014749262537 0.08377581120943953
1 0.15457227138643068 0.4014749262536873 0.01415929203539823 0.0359882005899705
0 0.3256637168141593 0.41474926253687316 0.18761061946902655 0.08967551622418879
0 0.40943952802359884 0.4672566371681416 0.05191740412979351 0.1191740412979351
0 0.4725663716814159 0.4182890855457227 0.05545722713864307 0.035398230088495575
0 0.6035398230088496 0.3958702064896755 0.08849557522123894 0.19233038348082596
0 0.7660766961651917 0.4056047197640118 0.07138643067846608 0.04188790560471976
0 0.10914454277286136 0.5041297935103245 0.11563421828908554 0.08200589970501475
0 0.25132743362831855 0.5616519174041298 0.030678466076696165 0.03303834808259587
0 0.4174041297935103 0.5421828908554572 0.08908554572271386 0.13333333333333333
1 0.5132743362831859 0.5179941002949853 0.04247787610619469 0.02359882005899705
0 0.7743362831858407 0.5551622418879056 0.0808259587020649 0.03893805309734513
0 0.675811209439528 0.5648967551622419 0.04070796460176991 0.032448377581120944
1 0.24778761061946902 0.6784660766961652 0.024778761061946902 0.027138643067846607
0 0.10206489675516224 0.6569321533923304 0.10029498525073746 0.1893805309734513
0 0.38200589970501475 0.6625368731563421 0.05014749262536873 0.12979351032448377
0 0.5032448377581121 0.6392330383480825 0.1911504424778761 0.057227138643067846
0 0.6303834808259587 0.6893805309734513 0.09970501474926254 0.17050147492625367
0 0.7454277286135693 0.6997050147492625 0.03952802359882006 0.03421828908554572
0 0.748377581120944 0.744542772861357 0.06902654867256637 0.1640117994100295
0 0.09852507374631268 0.7802359882005899 0.09793510324483776 0.16932153392330385
1 0.328023598820059 0.8056047197640118 0.02831858407079646 0.02536873156342183
0 0.21179941002949854 0.7932153392330383 0.10147492625368731 0.13392330383480827
0 0.46017699115044247 0.8085545722713864 0.022418879056047197 0.07610619469026549
0 0.575811209439528 0.8050147492625369 0.10619469026548672 0.11622418879056047
