0 0.10530973451327433 0.11740412979351032 0.03126843657817109 0.03303834808259587
0 0.3079646017699115 0.14365781710914455 0.029498525073746312 0.033628318584070796
0 0.456047197640118 0.1359882005899705 0.03185840707964602 0.0359882005899705
1 0.5941002949852507 0.18023598820058997 0.03303834808259587 0.033628318584070796
1 0.7625368731563422 0.16814159292035397 0.024188790560471976 0.03185840707964602
1 0.9268436578171091 0.1592920353982301 0.02831858407079646 0.017699115044247787
1 0.13421828908554573 0.29646017699115046 0.023008849557522124 0.033628318584070796
1 0.2935103244837758 0.30029498525073745 0.027728613569321534 0.022418879056047197
1 0.44837758112094395 0.3088495575221239 0.030678466076696165 0.0359882005899705
0 0.603834808259587 0.2604719764011799 0.03126843657817109 0.03126843657817109
0 0.7421828908554572 0.3117994100294985 0.03893805309734513 0.03008849557522124
0 0.9265486725663716 0.30206489675516224 0.032448377581120944 0.03185840707964602
0 0.1407079646017699 0.44129793510324483 0.03126843657817109 0.03893805309734513
0 0.2902654867256637 0.40589970501474926 0.025958702064896755 0.04247787610619469
1 0.45073746312684365 0.42330383480825956 0.03185840707964602 0.02064896755162242
1 0.6073746312684366 0.4215339233038348 0.03008849557522124 0.02064896755162242
1 0.7519174041297935 0.41415929203539825 0.027728613569321534 0.022418879056047197
1 0.9412979351032448 0.38997050147492623 0.03008849557522124 0.030678466076696165
0 0.1359882005899705 0.5365781710914455 0.03126843657817109 0.033628318584070796
1 0.28643067846607667 0.5613569321533923 0.03008849557522124 0.019469026548672566
1 0.4498525073746313 0.5584070796460177 0.027728613569321534 0.02182890855457227
0 0.6194690265486725 0.5392330383480826 0.03421828908554572 0.03893805309734513
0 0.7657817109144542 0.563716814159292 0.03303834808259587 0.032448377581120944
1 0.9371681415929204 0.5469026548672566 0.02654867256637168 0.02359882005899705
1 0.12536873156342182 0.7115044247787611 0.033628318584070796 0.030678466076696165
0 0.3185840707964602 0.7008849557522123 0.029498525073746312 0.04365781710914454
0 0.45486725663716815 0.7218289085545723 0.03893805309734513 0.028908554572271386
0 0.6212389380530974 0.6663716814159292 0.035398230088495575 0.03008849557522124
1 0.7684365781710915 0.6926253687315634 0.027728613569321534 0.016519174041297935
1 0.9297935103244838 0.6979351032448378 0.029498525073746312 0.020058997050147492
1 0.1383480825958702 0.9023598820058997 0.03952802359882006 0.027728613569321534
1 0.29970501474926253 0.8820058997050148 0.029498525073746312 0.027138643067846607
0 0.4749262536873156 0.8772861356932153 0.030678466076696165 0.027138643067846607
0 0.6300884955752213 0.8469026548672566 0.03185840707964602 0.038348082595870206
1 0.7837758112094395 0.8233038348082595 0.028908554572271386 0.027728613569321534
1 0.9365781710914454 0.856637168141593 0.028908554572271386 0.016519174041297935
