1 0.06342182890855458 0.143952802359882 0.027728613569321534 0.017699115044247787
1 0.23952802359882006 0.1486725663716814 0.024778761061946902 0.02831858407079646
1 0.3769911504424779 0.14277286135693215 0.030678466076696165 0.021238938053097345
1 0.5507374631268437 0.12536873156342182 0.02654867256637168 0.027728613569321534
1 0.7023598820058997 0.115929203539823 0.03008849557522124 0.023008849557522124
1 0.8769911504424779 0.11032448377581121 0.03008849557522124 0.01887905604719764
1 0.07079646017699115 0.3014749262536873 0.03421828908554572 0.016519174041297935
1 0.24542772861356932 0.29882005899705016 0.02831858407079646 0.02182890855457227
1 0.3846607669616519 0.3035398230088496 0.03421828908554572 0.02182890855457227
1 0.5463126843657817 0.30117994100294987 0.03893805309734513 0.02064896755162242
1 0.7 0.2831858407079646 0.03126843657817109 0.024778761061946902
1 0.8799410029498524 0.2775811209439528 0.03716814159292035 0.02182890855457227
1 0.06342182890855458 0.4528023598820059 0.027728613569321534 0.018289085545722714
1 0.24129793510324482 0.4474926253687316 0.02831858407079646 0.02654867256637168
1 0.3911504424778761 0.44778761061946903 0.02831858407079646 0.02359882005899705
1 0.5510324483775811 0.44188790560471974 0.025958702064896755 0.01887905604719764
1 0.7156342182890856 0.44011799410029495 0.03303834808259587 0.016519174041297935
1 0.875221238938053 0.4392330383480826 0.033628318584070796 0.019469026548672566
1 0.06342182890855458 0.5961651917404129 0.028908554572271386 0.02536873156342183
1 0.25073746312684364 0.5908554572271386 0.02831858407079646 0.02064896755162242
1 0.39410029498525073 0.58023598820059 0.029498525073746312 0.019469026548672566
1 0.5501474926253688 0.5790560471976401 0.028908554572271386 0.01710914454277286
1 0.7129793510324484 0.5784660766961652 0.033628318584070796 0.019469026548672566
1 0.8781710914454277 0.5834808259587021 0.027728613569321534 0.021238938053097345
1 0.06519174041297934 0.7241887905604719 0.03126843657817109 0.023008849557522124
1 0.24424778761061947 0.7212389380530974 0.029498525073746312 0.02654867256637168
1 0.39557522123893807 0.7070796460176991 0.03008849557522124 0.02182890855457227
1 0.5507374631268437 0.7032448377581121 0.02654867256637168 0.02359882005899705
1 0.7079646017699115 0.7 0.03185840707964602 0.02064896755162242
1 0.8672566371681416 0.7056047197640118 0.022418879056047197 0.03303834808259587
1 0.06607669616519174 0.8342182890855457 0.03185840707964602 0.020058997050147492
1 0.23392330383480825 0.8336283185840708 0.033628318584070796 0.021238938053097345
1 0.4070796460176991 0.8306784660766962 0.03185840707964602 0.022418879056047197
1 0.5557522123893806 0.848377581120944 0.03421828908554572 0.022418879056047197
1 0.7241887905604719 0.835693215339233 0.028908554572271386 0.027728613569321534
1 0.8702064896755162 0.8693215339233038 0.01887905604719764 0.03480825958702065
