0 0.15870206489675515 0.17138643067846607 0.04837758112094395 0.061946902654867256
0 0.2952802359882006 0.1616519174041298 0.07964601769911504 0.0696165191740413
0 0.4964601769911504 0.22890855457227138 0.06548672566371681 0.06253687315634218
0 0.6327433628318584 0.21651917404129795 0.038348082595870206 0.07551622418879056
0 0.7728613569321534 0.17404129793510326 0.03185840707964602 0.09911504424778761
0 0.8604719764011799 0.1958702064896755 0.09262536873156342 0.03893805309734513
0 0.15368731563421828 0.36843657817109143 0.038348082595870206 0.04070796460176991
0 0.3174041297935103 0.3781710914454277 0.04365781710914454 0.058997050147492625
0 0.4870206489675516 0.3938053097345133 0.04070796460176991 0.0584070796460177
0 0.6306784660766962 0.3224188790560472 0.044837758112094395 0.09026548672566372
0 0.7902654867256637 0.3100294985250737 0.05486725663716814 0.10088495575221239
0 0.875221238938053 0.3206489675516224 0.04424778761061947 0.15516224188790562
0 0.15250737463126843 0.48525073746312686 0.038348082595870206 0.0808259587020649
0 0.30855457227138644 0.4837758112094395 0.035398230088495575 0.08613569321533923
0 0.47227138643067845 0.5312684365781711 0.05604719764011799 0.06784660766961652
0 0.6415929203539823 0.5348082595870206 0.052507374631268436 0.04896755162241888
0 0.7755162241887905 0.44778761061946903 0.05486725663716814 0.10029498525073746
0 0.8654867256637168 0.46607669616519176 0.06253687315634218 0.07079646017699115
0 0.13451327433628318 0.6185840707964602 0.04129793510324484 0.05014749262536873
0 0.3126843657817109 0.6268436578171092 0.0471976401179941 0.05958702064896755
0 0.45486725663716815 0.6764011799410029 0.06725663716814159 0.057227138643067846
0 0.636283185840708 0.651622418879056 0.05368731563421829 0.07138643067846608
0 0.7716814159292036 0.6876106194690266 0.049557522123893805 0.12330383480825959
0 0.8758112094395281 0.687905604719764 0.0359882005899705 0.07905604719764012
1 0.1528023598820059 0.7613569321533923 0.02831858407079646 0.027728613569321534
1 0.2914454277286136 0.7722713864306785 0.03893805309734513 0.049557522123893805
0 0.4690265486725664 0.7442477876106195 0.04129793510324484 0.05486725663716814
0 0.6238938053097345 0.8191740412979351 0.12212389380530973 0.0607669616519174
0 0.7548672566371681 0.8191740412979351 0.052507374631268436 0.057227138643067846
0 0.8823008849557522 0.7601769911504425 0.05014749262536873 0.07728613569321534
0 0.14778761061946902 0.9191740412979351 0.0359882005899705 0.03303834808259587
0 0.32654867256637166 0.9327433628318584 0.10678466076696165 0.0471976401179941
0 0.46607669616519176 0.8790560471976401 0.035398230088495575 0.03421828908554572
0 0.6002949852507374 0.9262536873156342 0.043067846607669616 0.06607669616519174
0 0.7410029498525074 0.9421828908554573 0.04837758112094395 0.06843657817109144
0 0.8820058997050148 0.9410029498525073 0.05309734513274336 0.0943952802359882
