1 0.11179941002949853 0.10589970501474927 0.0359882005899705 0.018289085545722714
1 0.2545722713864307 0.10501474926253687 0.032448377581120944 0.020058997050147492
1 0.39764011799410026 0.10914454277286136 0.03185840707964602 0.017699115044247787
1 0.5421828908554572 0.10914454277286136 0.03303834808259587 0.017699115044247787
1 0.7126843657817109 0.11622418879056047 0.035398230088495575 0.021238938053097345
1 0.8581120943952802 0.12654867256637167 0.03480825958702065 0.019469026548672566
1 0.12359882005899706 0.23008849557522124 0.03008849557522124 0.021238938053097345
1 0.24454277286135692 0.22979351032448378 0.027728613569321534 0.01710914454277286
1 0.39557522123893807 0.22979351032448378 0.03480825958702065 0.02064896755162242
1 0.5430678466076696 0.23215339233038348 0.03480825958702065 0.02182890855457227
1 0.7047197640117994 0.2294985250737463 0.03952802359882006 0.022418879056047197
1 0.8595870206489675 0.2336283185840708 0.03893805309734513 0.025958702064896755
1 0.12330383480825959 0.3693215339233038 0.030678466076696165 0.02359882005899705
1 0.23392330383480825 0.36224188790560474 0.033628318584070796 0.020058997050147492
1 0.37079646017699114 0.3710914454277286 0.0359882005899705 0.020058997050147492
1 0.5463126843657817 0.37168141592920356 0.03657817109144543 0.020058997050147492
1 0.6902654867256637 0.3663716814159292 0.03421828908554572 0.020058997050147492
1 0.8657817109144542 0.376401179941003 0.03952802359882006 0.020058997050147492
1 0.12094395280235988 0.5250737463126843 0.025958702064896755 0.027138643067846607
1 0.2365781710914454 0.5262536873156343 0.03185840707964602 0.02359882005899705
1 0.37079646017699114 0.5056047197640118 0.033628318584070796 0.020058997050147492
1 0.5492625368731563 0.5017699115044247 0.03185840707964602 0.024188790560471976
1 0.6982300884955752 0.49675516224188787 0.03716814159292035 0.01887905604719764
1 0.8569321533923304 0.492330383480826 0.03716814159292035 0.019469026548672566
1 0.11445427728613569 0.6637168141592921 0.03185840707964602 0.022418879056047197
1 0.23067846607669618 0.6690265486725664 0.03185840707964602 0.016519174041297935
1 0.36755162241887906 0.6660766961651917 0.035398230088495575 0.024778761061946902
1 0.5297935103244837 0.6613569321533923 0.030678466076696165 0.020058997050147492
1 0.6908554572271386 0.6619469026548672 0.03775811209439528 0.020058997050147492
1 0.8533923303834808 0.6640117994100295 0.03716814159292035 0.02536873156342183
1 0.1215339233038348 0.8100294985250738 0.030678466076696165 0.021238938053097345
1 0.23952802359882006 0.8097345132743363 0.03657817109144543 0.01710914454277286
1 0.37168141592920356 0.8168141592920354 0.035398230088495575 0.01710914454277286
1 0.5132743362831859 0.8168141592920354 0.035398230088495575 0.023008849557522124
1 0.6926253687315634 0.8044247787610619 0.03657817109144543 0.02064896755162242
1 0.8495575221238938 0.8117994100294985 0.03303834808259587 0.01887905604719764
