0 0.10324483775811209 0.1182890855457227 0.03775811209439528 0.032448377581120944
0 0.20353982300884954 0.15457227138643068 0.07551622418879056 0.08731563421828908
0 0.3513274336283186 0.10884955752212389 0.03716814159292035 0.043067846607669616
0 0.4846607669616519 0.13657817109144543 0.1303834808259587 0.07610619469026549
0 0.6324483775811209 0.14188790560471976 0.0743362831858407 0.09380530973451327
0 0.7687315634218289 0.171976401179941 0.06607669616519174 0.07492625368731563
0 0.6651917404129793 0.2551622418879056 0.08908554572271386 0.06666666666666667
0 0.7902654867256637 0.2336283185840708 0.12802359882005898 0.0471976401179941
1 0.49793510324483775 0.279646017699115 0.03893805309734513 0.03657817109144543
0 0.3398230088495575 0.26784660766961654 0.0696165191740413 0.03657817109144543
1 0.2345132743362832 0.2669616519174041 0.05014749262536873 0.033628318584070796
0 0.10766961651917403 0.2713864306784661 0.05958702064896755 0.06489675516224189
1 0.10530973451327433 0.4589970501474926 0.04542772861356932 0.04601769911504425
0 0.26371681415929205 0.41061946902654867 0.0967551622418879 0.06489675516224189
0 0.38082595870206487 0.4545722713864307 0.06784660766961652 0.14454277286135692
1 0.5070796460176991 0.39823008849557523 0.052507374631268436 0.044837758112094395
0 0.6672566371681415 0.45958702064896756 0.09911504424778761 0.05663716814159292
0 0.7778761061946903 0.4265486725663717 0.0359882005899705 0.03775811209439528
0 0.15014749262536872 0.5982300884955752 0.03008849557522124 0.04129793510324484
1 0.15132743362831858 0.6690265486725664 0.03716814159292035 0.049557522123893805
0 0.30324483775811206 0.6144542772861357 0.07787610619469026 0.1480825958702065
0 0.41061946902654867 0.6023598820058997 0.10855457227138643 0.07315634218289085
1 0.5356932153392331 0.5221238938053098 0.04601769911504425 0.04247787610619469
0 0.6678466076696166 0.5678466076696165 0.13333333333333333 0.09262536873156342
0 0.7766961651917405 0.5530973451327433 0.038348082595870206 0.05368731563421829
0 0.6781710914454278 0.6702064896755162 0.03008849557522124 0.03893805309734513
0 0.2728613569321534 0.7289085545722713 0.03008849557522124 0.04188790560471976
0 0.5427728613569321 0.6666666666666666 0.06607669616519174 0.06017699115044248
0 0.4294985250737463 0.763716814159292 0.1168141592920354 0.11504424778761062
0 0.11150442477876106 0.8392330383480826 0.044837758112094395 0.11504424778761062
1 0.2545722713864307 0.8386430678466077 0.032448377581120944 0.02064896755162242
0 0.38259587020648966 0.8471976401179941 0.12684365781710916 0.10737463126843658
0 0.5557522123893806 0.831858407079646 0.05545722713864307 0.10147492625368731
0 0.6525073746312684 0.7870206489675516 0.04601769911504425 0.071976401179941
0 0.775811209439528 0.8011799410029499 0.15811209439528023 0.058997050147492625
0 0.771976401179941 0.671386430678466 0.11268436578171091 0.10147492625368731
