1 0.11120943952802359 0.10530973451327433 0.03480825958702065 0.018289085545722714
1 0.2551622418879056 0.10471976401179942 0.033628318584070796 0.019469026548672566
1 0.39941002949852505 0.1079646017699115 0.03185840707964602 0.020058997050147492
1 0.5433628318584071 0.10825958702064897 0.03893805309734513 0.019469026548672566
1 0.712094395280236 0.11651917404129794 0.03303834808259587 0.02064896755162242
1 0.856637168141593 0.12536873156342182 0.03303834808259587 0.02182890855457227
1 0.12271386430678466 0.22890855457227138 0.02831858407079646 0.021238938053097345
1 0.24601769911504423 0.23067846607669618 0.030678466076696165 0.016519174041297935
1 0.3949852507374631 0.23008849557522124 0.03008849557522124 0.020058997050147492
1 0.5427728613569321 0.231858407079646 0.03185840707964602 0.021238938053097345
1 0.7041297935103245 0.23008849557522124 0.03480825958702065 0.01887905604719764
1 0.859882005899705 0.2351032448377581 0.032448377581120944 0.02182890855457227
1 0.12477876106194691 0.36902654867256635 0.03008849557522124 0.024188790560471976
1 0.2351032448377581 0.3607669616519174 0.033628318584070796 0.023008849557522124
1 0.371976401179941 0.3693215339233038 0.03126843657817109 0.022418879056047197
1 0.5469026548672566 0.3722713864306785 0.035398230088495575 0.020058997050147492
1 0.6908554572271386 0.36607669616519173 0.03185840707964602 0.023008849557522124
1 0.8657817109144542 0.376401179941003 0.038348082595870206 0.017699115044247787
1 0.12123893805309735 0.5259587020648967 0.024188790560471976 0.027728613569321534
1 0.2359882005899705 0.5268436578171092 0.035398230088495575 0.021238938053097345
1 0.37079646017699114 0.5085545722713865 0.0359882005899705 0.022418879056047197
1 0.5480825958702065 0.4988200589970501 0.03303834808259587 0.023008849557522124
1 0.6973451327433628 0.4958702064896755 0.03775811209439528 0.019469026548672566
1 0.8548672566371681 0.49144542772861355 0.035398230088495575 0.021238938053097345
1 0.11533923303834809 0.6640117994100295 0.03008849557522124 0.01710914454277286
1 0.23097345132743363 0.6699115044247788 0.032448377581120944 0.018289085545722714
1 0.36755162241887906 0.6651917404129793 0.03657817109144543 0.024188790560471976
1 0.5283185840707965 0.6622418879056047 0.032448377581120944 0.019469026548672566
1 0.6899705014749262 0.6616519174041298 0.033628318584070796 0.02064896755162242
1 0.8539823008849557 0.6625368731563421 0.0359882005899705 0.02359882005899705
1 0.12182890855457226 0.8103244837758112 0.03008849557522124 0.02182890855457227
1 0.2374631268436578 0.8132743362831858 0.03480825958702065 0.018289085545722714
1 0.37168141592920356 0.8174041297935103 0.03185840707964602 0.02064896755162242
1 0.5144542772861357 0.815929203539823 0.03421828908554572 0.021238938053097345
1 0.6926253687315634 0.8041297935103244 0.03657817109144543 0.01887905604719764
1 0.8507374631268436 0.8123893805309734 0.03303834808259587 0.01887905604719764
