0 0.14749262536873156 0.17227138643067846 0.12979351032448377 0.08849557522123894
0 0.32890855457227136 0.17286135693215338 0.0855457227138643 0.10855457227138643
0 0.15545722713864307 0.3165191740412979 0.03952802359882006 0.09144542772861357
0 0.26430678466076696 0.25663716814159293 0.12035398230088495 0.06017699115044248
0 0.5321533923303835 0.15663716814159293 0.13805309734513274 0.06312684365781711
0 0.6648967551622419 0.1368731563421829 0.058997050147492625 0.17817109144542773
0 0.7663716814159292 0.1168141592920354 0.1486725663716814 0.10147492625368731
0 0.5256637168141592 0.279646017699115 0.15811209439528023 0.05191740412979351
0 0.5985250737463127 0.2610619469026549 0.11032448377581121 0.06666666666666667
0 0.7162241887905605 0.25958702064896755 0.17581120943952802 0.06725663716814159
0 0.33244837758112095 0.35457227138643066 0.09380530973451327 0.1368731563421829
0 0.7392330383480826 0.35103244837758113 0.07315634218289085 0.04129793510324484
0 0.6070796460176991 0.3958702064896755 0.08849557522123894 0.18997050147492625
0 0.491740412979351 0.47345132743362833 0.1351032448377581 0.11976401179941003
0 0.47699115044247786 0.43539823008849554 0.05014749262536873 0.020058997050147492
0 0.4150442477876106 0.4893805309734513 0.11740412979351032 0.06902654867256637
0 0.42035398230088494 0.5274336283185841 0.12094395280235988 0.05191740412979351
1 0.10471976401179942 0.5303834808259587 0.02654867256637168 0.02831858407079646
0 0.11769911504424779 0.6522123893805309 0.10324483775811209 0.1870206489675516
0 0.17640117994100296 0.5867256637168141 0.06843657817109144 0.09852507374631268
0 0.2908554572271386 0.6005899705014749 0.16519174041297935 0.11091445427728613
0 0.3887905604719764 0.6640117994100295 0.049557522123893805 0.12448377581120944
0 0.531858407079646 0.5914454277286135 0.14454277286135692 0.1056047197640118
0 0.6014749262536873 0.6011799410029498 0.15988200589970503 0.10147492625368731
0 0.7359882005899705 0.5997050147492625 0.07610619469026549 0.057227138643067846
0 0.7418879056047197 0.6563421828908554 0.08672566371681416 0.10088495575221239
0 0.6672566371681415 0.5165191740412979 0.02831858407079646 0.061946902654867256
0 0.2784660766961652 0.7162241887905605 0.09321533923303835 0.0696165191740413
0 0.1336283185840708 0.8215339233038348 0.11740412979351032 0.13864306784660768
0 0.24572271386430677 0.8212389380530973 0.09970501474926254 0.071976401179941
1 0.3247787610619469 0.8047197640117993 0.02654867256637168 0.02359882005899705
0 0.46106194690265484 0.8067846607669616 0.028908554572271386 0.07374631268436578
0 0.6005899705014749 0.7982300884955752 0.15693215339233038 0.11209439528023599
0 0.6595870206489676 0.8224188790560472 0.07905604719764012 0.1616519174041298
