1 0.15014749262536872 0.0831858407079646 0.0359882005899705 0.027138643067846607
0 0.343952802359882 0.04660766961651917 0.08259587020648967 0.03657817109144543
1 0.4663716814159292 0.11799410029498525 0.03126843657817109 0.03185840707964602
0 0.5941002949852507 0.04070796460176991 0.0471976401179941 0.05073746312684366
0 0.7530973451327434 0.03510324483775811 0.07374631268436578 0.05486725663716814
0 0.8755162241887906 0.06253687315634218 0.04837758112094395 0.09321533923303835
0 0.1486725663716814 0.2368731563421829 0.04601769911504425 0.052507374631268436
0 0.30501474926253686 0.22389380530973452 0.06725663716814159 0.04896755162241888
0 0.47463126843657816 0.26135693215339234 0.06312684365781711 0.05073746312684366
0 0.6530973451327433 0.1654867256637168 0.07905604719764012 0.07492625368731563
0 0.7539823008849558 0.18672566371681415 0.06371681415929203 0.04542772861356932
0 0.8882005899705014 0.23805309734513275 0.07728613569321534 0.07374631268436578
0 0.13775811209439529 0.38200589970501475 0.03480825958702065 0.0584070796460177
0 0.31032448377581123 0.35044247787610616 0.0471976401179941 0.05545722713864307
0 0.45250737463126844 0.33775811209439527 0.06725663716814159 0.03952802359882006
0 0.6342182890855457 0.37138643067846605 0.05663716814159292 0.09262536873156342
0 0.7651917404129793 0.2825958702064897 0.08259587020648967 0.08967551622418879
0 0.8890855457227138 0.32448377581120946 0.06253687315634218 0.05073746312684366
0 0.15604719764011798 0.5106194690265486 0.03952802359882006 0.04424778761061947
0 0.29793510324483774 0.5218289085545723 0.05663716814159292 0.06666666666666667
0 0.47168141592920354 0.47227138643067845 0.05368731563421829 0.061946902654867256
0 0.6395280235988201 0.4663716814159292 0.05191740412979351 0.05014749262536873
0 0.7985250737463127 0.5587020648967551 0.0831858407079646 0.08967551622418879
0 0.8616519174041298 0.5454277286135694 0.09852507374631268 0.05368731563421829
0 0.15250737463126843 0.6230088495575221 0.038348082595870206 0.04365781710914454
0 0.31887905604719763 0.631858407079646 0.04424778761061947 0.04365781710914454
0 0.5100294985250737 0.6020648967551623 0.05958702064896755 0.047787610619469026
0 0.6383480825958702 0.6976401179941003 0.06607669616519174 0.06548672566371681
0 0.7790560471976401 0.675811209439528 0.043067846607669616 0.0855457227138643
0 0.9203539823008849 0.6589970501474927 0.11799410029498525 0.14985250737463127
0 0.15693215339233038 0.8168141592920354 0.049557522123893805 0.05486725663716814
0 0.2967551622418879 0.8303834808259587 0.07551622418879056 0.04188790560471976
0 0.49734513274336284 0.7846607669616519 0.05309734513274336 0.04247787610619469
0 0.6342182890855457 0.7861356932153393 0.035398230088495575 0.0808259587020649
0 0.799410029498525 0.8244837758112095 0.08259587020648967 0.07138643067846608
0 0.8696165191740413 0.8053097345132744 0.07551622418879056 0.04837758112094395
