1 0.11032448377581121 0.10235988200589971 0.040117994100294985 0.01710914454277286
1 0.2575221238938053 0.10324483775811209 0.03480825958702065 0.01887905604719764
1 0.39941002949852505 0.10737463126843658 0.035398230088495575 0.022418879056047197
1 0.5442477876106194 0.10707964601769912 0.033628318584070796 0.019469026548672566
1 0.7156342182890856 0.11887905604719765 0.040117994100294985 0.027728613569321534
1 0.8587020648967552 0.12330383480825959 0.03480825958702065 0.020058997050147492
1 0.12271386430678466 0.22890855457227138 0.03185840707964602 0.020058997050147492
1 0.24424778761061947 0.22920353982300884 0.03185840707964602 0.019469026548672566
1 0.39469026548672564 0.22772861356932153 0.03421828908554572 0.022418879056047197
1 0.5430678466076696 0.23156342182890854 0.03952802359882006 0.02182890855457227
1 0.7041297935103245 0.22861356932153393 0.03480825958702065 0.02064896755162242
1 0.8595870206489675 0.23480825958702065 0.03657817109144543 0.02359882005899705
1 0.12330383480825959 0.3678466076696165 0.030678466076696165 0.023008849557522124
1 0.2365781710914454 0.36106194690265486 0.035398230088495575 0.017699115044247787
1 0.37079646017699114 0.36991150442477877 0.0359882005899705 0.020058997050147492
1 0.5474926253687316 0.371976401179941 0.029498525073746312 0.023008849557522124
1 0.6905604719764011 0.36519174041297936 0.0359882005899705 0.022418879056047197
1 0.8660766961651918 0.375811209439528 0.03421828908554572 0.01887905604719764
1 0.11976401179941003 0.5268436578171092 0.027138643067846607 0.030678466076696165
1 0.2365781710914454 0.5259587020648967 0.03421828908554572 0.02182890855457227
1 0.37168141592920356 0.5070796460176991 0.03421828908554572 0.02182890855457227
1 0.5486725663716814 0.5005899705014749 0.03421828908554572 0.02536873156342183
1 0.6967551622418879 0.49616519174041296 0.03657817109144543 0.021238938053097345
1 0.8548672566371681 0.49085545722713864 0.035398230088495575 0.021238938053097345
1 0.11297935103244838 0.6616519174041298 0.027728613569321534 0.027728613569321534
1 0.2336283185840708 0.668141592920354 0.03421828908554572 0.023008849557522124
1 0.36696165191740415 0.6646017699115044 0.03657817109144543 0.024188790560471976
1 0.5303834808259587 0.663126843657817 0.03657817109144543 0.022418879056047197
1 0.6917404129793511 0.6604719764011799 0.038348082595870206 0.023008849557522124
1 0.8545722713864307 0.6625368731563421 0.04070796460176991 0.020058997050147492
1 0.12123893805309735 0.8094395280235989 0.03126843657817109 0.021238938053097345
1 0.23893805309734512 0.8106194690265487 0.03185840707964602 0.020058997050147492
1 0.37256637168141593 0.8153392330383481 0.03716814159292035 0.021238938053097345
1 0.515929203539823 0.815929203539823 0.03952802359882006 0.025958702064896755
1 0.6926253687315634 0.8053097345132744 0.035398230088495575 0.022418879056047197
1 0.8492625368731563 0.8103244837758112 0.032448377581120944 0.023008849557522124
