1 0.13421828908554573 0.0952802359882006 0.03480825958702065 0.02064896755162242
1 0.28938053097345134 0.08407079646017698 0.028908554572271386 0.028908554572271386
1 0.4374631268436578 0.08790560471976401 0.03126843657817109 0.024778761061946902
1 0.595575221238938 0.08967551622418879 0.033628318584070796 0.025958702064896755
1 0.7336283185840707 0.10117994100294986 0.03126843657817109 0.023008849557522124
1 0.8955752212389381 0.09823008849557521 0.03185840707964602 0.01710914454277286
1 0.15073746312684366 0.21799410029498525 0.028908554572271386 0.03008849557522124
1 0.2943952802359882 0.22418879056047197 0.03303834808259587 0.027138643067846607
1 0.45014749262536874 0.22743362831858407 0.035398230088495575 0.02182890855457227
1 0.6023598820058997 0.2336283185840708 0.03893805309734513 0.021238938053097345
1 0.7551622418879056 0.2359882005899705 0.030678466076696165 0.022418879056047197
1 0.8982300884955752 0.2374631268436578 0.03008849557522124 0.019469026548672566
1 0.15427728613569322 0.3672566371681416 0.03480825958702065 0.02064896755162242
1 0.3141592920353982 0.37138643067846605 0.032448377581120944 0.019469026548672566
1 0.47168141592920354 0.37669616519174043 0.033628318584070796 0.018289085545722714
1 0.6135693215339233 0.36283185840707965 0.03775811209439528 0.01887905604719764
1 0.7613569321533923 0.37551622418879055 0.028908554572271386 0.019469026548672566
1 0.9038348082595871 0.384070796460177 0.029498525073746312 0.016519174041297935
1 0.1607669616519174 0.48436578171091443 0.033628318584070796 0.020058997050147492
1 0.3135693215339233 0.48849557522123893 0.032448377581120944 0.020058997050147492
1 0.4631268436578171 0.47817109144542774 0.030678466076696165 0.019469026548672566
1 0.61976401179941 0.4988200589970501 0.028908554572271386 0.018289085545722714
1 0.763716814159292 0.5292035398230088 0.02654867256637168 0.01887905604719764
1 0.9106194690265487 0.5268436578171092 0.03126843657817109 0.022418879056047197
1 0.15870206489675515 0.6383480825958702 0.03303834808259587 0.01887905604719764
1 0.32035398230088497 0.6533923303834808 0.035398230088495575 0.02064896755162242
1 0.484070796460177 0.6501474926253688 0.03126843657817109 0.020058997050147492
1 0.6271386430678466 0.6769911504424778 0.035398230088495575 0.019469026548672566
1 0.783480825958702 0.6710914454277286 0.029498525073746312 0.02064896755162242
1 0.9026548672566371 0.6648967551622419 0.02831858407079646 0.01887905604719764
1 0.1528023598820059 0.8808259587020649 0.03421828908554572 0.015339233038348082
1 0.3106194690265487 0.855457227138643 0.02182890855457227 0.03657817109144543
1 0.4631268436578171 0.8545722713864307 0.035398230088495575 0.02064896755162242
1 0.6144542772861357 0.8545722713864307 0.02064896755162242 0.027728613569321534
1 0.7728613569321534 0.8548672566371681 0.02831858407079646 0.021238938053097345
1 0.8997050147492626 0.8716814159292036 0.029498525073746312 0.02064896755162242
