0 0.23539823008849559 0.21946902654867256 0.17935103244837758 0.06253687315634218
0 0.34690265486725663 0.2191740412979351 0.05073746312684366 0.07964601769911504
0 0.4551622418879056 0.16047197640117994 0.07964601769911504 0.13215339233038348
0 0.6088495575221239 0.15339233038348082 0.12271386430678466 0.13215339233038348
1 0.7289085545722713 0.23008849557522124 0.027728613569321534 0.03775811209439528
0 0.879646017699115 0.1967551622418879 0.06843657817109144 0.0607669616519174
0 0.22536873156342183 0.3292035398230089 0.12271386430678466 0.0967551622418879
0 0.3129793510324484 0.3247787610619469 0.052507374631268436 0.05132743362831858
0 0.45870206489675514 0.3327433628318584 0.07610619469026549 0.07905604719764012
0 0.5648967551622419 0.24129793510324482 0.12094395280235988 0.11799410029498525
0 0.7277286135693215 0.27463126843657815 0.03126843657817109 0.03126843657817109
1 0.8336283185840708 0.3079646017699115 0.044837758112094395 0.04129793510324484
0 0.2191740412979351 0.44660766961651915 0.03126843657817109 0.049557522123893805
0 0.3374631268436578 0.4471976401179941 0.10855457227138643 0.10973451327433628
0 0.46519174041297934 0.4808259587020649 0.043067846607669616 0.04247787610619469
0 0.6011799410029498 0.39941002949852505 0.05309734513274336 0.06843657817109144
0 0.6743362831858407 0.37610619469026546 0.07079646017699115 0.1303834808259587
0 0.8507374631268436 0.4135693215339233 0.03421828908554572 0.03893805309734513
0 0.2182890855457227 0.5728613569321533 0.03657817109144543 0.04129793510324484
0 0.3309734513274336 0.5404129793510324 0.11445427728613569 0.05073746312684366
0 0.49616519174041296 0.6044247787610619 0.05073746312684366 0.04188790560471976
0 0.6277286135693215 0.543952802359882 0.07551622418879056 0.15339233038348082
0 0.7283185840707964 0.5864306784660767 0.09262536873156342 0.0743362831858407
0 0.8902654867256637 0.5359882005899705 0.0471976401179941 0.032448377581120944
0 0.231858407079646 0.7584070796460177 0.10855457227138643 0.05486725663716814
0 0.34513274336283184 0.743952802359882 0.0920353982300885 0.06725663716814159
1 0.5058997050147492 0.7171091445427729 0.04070796460176991 0.03126843657817109
0 0.6669616519174041 0.7380530973451327 0.07374631268436578 0.035398230088495575
1 0.768141592920354 0.7306784660766962 0.04837758112094395 0.028908554572271386
0 0.8778761061946903 0.7218289085545723 0.04365781710914454 0.07964601769911504
0 0.2365781710914454 0.8271386430678466 0.06135693215339233 0.07669616519174041
0 0.36194690265486723 0.8631268436578171 0.11032448377581121 0.06017699115044248
0 0.5209439528023598 0.8660766961651918 0.13215339233038348 0.08731563421828908
0 0.6480825958702064 0.8938053097345132 0.04070796460176991 0.035398230088495575
0 0.7938053097345132 0.840117994100295 0.07020648967551622 0.10501474926253687
1 0.8979351032448377 0.8805309734513275 0.03657817109144543 0.03126843657817109
