1 0.06283185840707964 0.1433628318584071 0.03126843657817109 0.017699115044247787
1 0.24100294985250736 0.13775811209439529 0.027728613569321534 0.019469026548672566
1 0.37728613569321534 0.143952802359882 0.032448377581120944 0.022418879056047197
1 0.5513274336283186 0.12330383480825959 0.028908554572271386 0.022418879056047197
1 0.7008849557522123 0.11769911504424779 0.02831858407079646 0.02536873156342183
1 0.8722713864306785 0.10589970501474927 0.03008849557522124 0.028908554572271386
1 0.071976401179941 0.30265486725663715 0.03303834808259587 0.017699115044247787
1 0.24365781710914453 0.30029498525073745 0.029498525073746312 0.021238938053097345
1 0.3855457227138643 0.3029498525073746 0.03480825958702065 0.02182890855457227
1 0.5474926253687316 0.3014749262536873 0.035398230088495575 0.02359882005899705
1 0.699410029498525 0.2843657817109144 0.033628318584070796 0.022418879056047197
1 0.8787610619469026 0.27699115044247785 0.03480825958702065 0.02182890855457227
1 0.06460176991150443 0.45368731563421827 0.02654867256637168 0.021238938053097345
1 0.24218289085545722 0.4469026548672566 0.03480825958702065 0.02064896755162242
1 0.39085545722713866 0.44601769911504424 0.028908554572271386 0.021238938053097345
1 0.552212389380531 0.4433628318584071 0.02831858407079646 0.023008849557522124
1 0.7150442477876107 0.4392330383480826 0.03185840707964602 0.01710914454277286
1 0.8740412979351032 0.4407079646017699 0.03126843657817109 0.02359882005899705
1 0.06430678466076696 0.5994100294985251 0.02831858407079646 0.024778761061946902
1 0.25132743362831855 0.5890855457227139 0.03185840707964602 0.02182890855457227
1 0.3943952802359882 0.58023598820059 0.03480825958702065 0.019469026548672566
1 0.5513274336283186 0.5784660766961652 0.03126843657817109 0.02064896755162242
1 0.7138643067846607 0.5781710914454277 0.03421828908554572 0.020058997050147492
1 0.8766961651917404 0.5811209439528023 0.029498525073746312 0.025958702064896755
1 0.06519174041297934 0.7212389380530974 0.03126843657817109 0.02536873156342183
1 0.24513274336283186 0.71976401179941 0.033628318584070796 0.027138643067846607
1 0.39469026548672564 0.7085545722713864 0.03303834808259587 0.021238938053097345
1 0.5536873156342182 0.7005899705014749 0.03126843657817109 0.023008849557522124
1 0.708259587020649 0.7 0.03008849557522124 0.02182890855457227
1 0.8808259587020649 0.7135693215339233 0.03893805309734513 0.019469026548672566
1 0.06666666666666667 0.835693215339233 0.03303834808259587 0.02064896755162242
1 0.24218289085545722 0.8457227138643068 0.0359882005899705 0.019469026548672566
1 0.3952802359882006 0.8495575221238938 0.029498525073746312 0.020058997050147492
1 0.5545722713864307 0.8477876106194691 0.03303834808259587 0.020058997050147492
1 0.7206489675516224 0.8581120943952802 0.03126843657817109 0.019469026548672566
1 0.8817109144542773 0.8746312684365781 0.027728613569321534 0.027728613569321534
