1 0.12212389380530973 0.11002949852507374 0.02831858407079646 0.02064896755162242
1 0.2967551622418879 0.11887905604719765 0.030678466076696165 0.02182890855457227
1 0.44955752212389377 0.12507374631268436 0.030678466076696165 0.02359882005899705
1 0.61976401179941 0.14277286135693215 0.03126843657817109 0.021238938053097345
1 0.7616519174041297 0.1504424778761062 0.030678466076696165 0.025958702064896755
1 0.9380530973451328 0.14454277286135692 0.030678466076696165 0.01887905604719764
1 0.1215339233038348 0.27728613569321536 0.03185840707964602 0.025958702064896755
1 0.3008849557522124 0.28230088495575223 0.03421828908554572 0.02654867256637168
1 0.4528023598820059 0.30029498525073745 0.03716814159292035 0.02359882005899705
1 0.615339233038348 0.3029498525073746 0.03303834808259587 0.02182890855457227
1 0.7548672566371681 0.2994100294985251 0.028908554572271386 0.024188790560471976
1 0.9289085545722714 0.30117994100294987 0.03126843657817109 0.02064896755162242
1 0.12418879056047197 0.4392330383480826 0.03126843657817109 0.023008849557522124
1 0.2867256637168142 0.43864306784660767 0.029498525073746312 0.018289085545722714
1 0.4480825958702065 0.4433628318584071 0.032448377581120944 0.023008849557522124
1 0.6076696165191741 0.4457227138643068 0.03421828908554572 0.024188790560471976
1 0.7595870206489675 0.4471976401179941 0.032448377581120944 0.021238938053097345
1 0.9365781710914454 0.45191740412979353 0.027728613569321534 0.021238938053097345
1 0.12477876106194691 0.584070796460177 0.028908554572271386 0.024778761061946902
1 0.2884955752212389 0.5787610619469027 0.03303834808259587 0.02359882005899705
1 0.44837758112094395 0.5790560471976401 0.029498525073746312 0.02064896755162242
1 0.6064896755162241 0.5790560471976401 0.03185840707964602 0.02182890855457227
1 0.7492625368731564 0.5887905604719764 0.03185840707964602 0.021238938053097345
1 0.9371681415929204 0.5973451327433629 0.032448377581120944 0.023008849557522124
1 0.13392330383480827 0.7058997050147493 0.02359882005899705 0.033628318584070796
1 0.29233038348082596 0.7 0.032448377581120944 0.02182890855457227
1 0.45132743362831856 0.7008849557522123 0.030678466076696165 0.022418879056047197
1 0.6056047197640118 0.7079646017699115 0.03126843657817109 0.02359882005899705
1 0.7557522123893805 0.7209439528023599 0.030678466076696165 0.027138643067846607
1 0.935693215339233 0.7209439528023599 0.03657817109144543 0.021238938053097345
1 0.13126843657817108 0.8710914454277287 0.02182890855457227 0.032448377581120944
1 0.27640117994100294 0.8365781710914454 0.027728613569321534 0.030678466076696165
1 0.44660766961651915 0.8480825958702065 0.040117994100294985 0.01710914454277286
1 0.5952802359882006 0.8327433628318583 0.035398230088495575 0.027728613569321534
1 0.7678466076696165 0.8345132743362832 0.03008849557522124 0.01710914454277286
1 0.9348082595870206 0.8353982300884956 0.033628318584070796 0.020058997050147492
