1 0.10147492625368731 0.14896755162241887 0.030678466076696165 0.02654867256637168
1 0.22212389380530972 0.14837758112094396 0.03126843657817109 0.019469026548672566
1 0.3654867256637168 0.14690265486725662 0.02536873156342183 0.029498525073746312
0 0.5227138643067847 0.1368731563421829 0.03185840707964602 0.029498525073746312
1 0.679646017699115 0.13303834808259588 0.03421828908554572 0.023008849557522124
0 0.8383480825958702 0.12772861356932153 0.03421828908554572 0.028908554572271386
1 0.09823008849557521 0.33716814159292036 0.027728613569321534 0.02182890855457227
1 0.215929203539823 0.3303834808259587 0.029498525073746312 0.017699115044247787
1 0.37492625368731564 0.32536873156342183 0.03008849557522124 0.019469026548672566
1 0.5147492625368731 0.35221238938053095 0.03008849557522124 0.016519174041297935
1 0.6799410029498525 0.34572271386430675 0.033628318584070796 0.025958702064896755
1 0.8433628318584071 0.35929203539823007 0.03480825958702065 0.022418879056047197
1 0.08643067846607669 0.47168141592920354 0.03008849557522124 0.02536873156342183
1 0.2368731563421829 0.4725663716814159 0.02654867256637168 0.01887905604719764
1 0.3793510324483776 0.4994100294985251 0.029498525073746312 0.024188790560471976
1 0.5377581120943953 0.5224188790560472 0.03008849557522124 0.018289085545722714
1 0.6852507374631268 0.5120943952802359 0.028908554572271386 0.017699115044247787
1 0.8377581120943953 0.5200589970501475 0.03303834808259587 0.027728613569321534
1 0.09410029498525074 0.6168141592920354 0.02536873156342183 0.01592920353982301
1 0.24129793510324482 0.6179941002949852 0.027138643067846607 0.01592920353982301
1 0.3855457227138643 0.6371681415929203 0.03480825958702065 0.016519174041297935
1 0.5277286135693215 0.6265486725663717 0.027728613569321534 0.017699115044247787
1 0.6858407079646017 0.6274336283185841 0.03008849557522124 0.02064896755162242
1 0.8480825958702065 0.6333333333333333 0.03126843657817109 0.01710914454277286
1 0.10176991150442477 0.763716814159292 0.02654867256637168 0.018289085545722714
1 0.2448377581120944 0.7696165191740413 0.02831858407079646 0.02182890855457227
1 0.39646017699115044 0.764306784660767 0.03775811209439528 0.02182890855457227
1 0.5513274336283186 0.772566371681416 0.03126843657817109 0.019469026548672566
0 0.6988200589970501 0.779646017699115 0.032448377581120944 0.027728613569321534
1 0.8510324483775811 0.7799410029498525 0.027728613569321534 0.027138643067846607
1 0.10501474926253687 0.9029498525073746 0.030678466076696165 0.02064896755162242
1 0.26607669616519175 0.9026548672566371 0.02831858407079646 0.02359882005899705
0 0.403834808259587 0.9126843657817109 0.027728613569321534 0.024778761061946902
1 0.5622418879056047 0.9123893805309734 0.024778761061946902 0.023008849557522124
1 0.7100294985250737 0.9073746312684365 0.03126843657817109 0.022418879056047197
1 0.8716814159292036 0.8876106194690265 0.03126843657817109 0.023008849557522124
