0 0.2345132743362832 0.21946902654867256 0.17876106194690267 0.06371681415929203
0 0.3463126843657817 0.21858407079646017 0.049557522123893805 0.08200589970501475
0 0.4545722713864307 0.16017699115044248 0.0808259587020649 0.13156342182890857
0 0.6103244837758112 0.15250737463126843 0.12448377581120944 0.1327433628318584
0 0.8831858407079646 0.1920353982300885 0.06017699115044248 0.07138643067846608
0 0.22536873156342183 0.33067846607669615 0.12507374631268436 0.09852507374631268
0 0.3135693215339233 0.32654867256637166 0.052507374631268436 0.04896755162241888
0 0.45781710914454277 0.33362831858407077 0.07905604719764012 0.08200589970501475
0 0.564306784660767 0.24277286135693216 0.12802359882005898 0.11740412979351032
1 0.7294985250737464 0.23067846607669618 0.027728613569321534 0.040117994100294985
0 0.7283185840707964 0.2710914454277286 0.032448377581120944 0.03716814159292035
0 0.8303834808259587 0.31091445427728615 0.03952802359882006 0.04247787610619469
0 0.5761061946902655 0.39557522123893807 0.11858407079646018 0.07492625368731563
0 0.6746312684365782 0.38141592920353984 0.07256637168141593 0.1421828908554572
0 0.8510324483775811 0.41297935103244837 0.03480825958702065 0.04247787610619469
0 0.21976401179941002 0.4469026548672566 0.033628318584070796 0.05132743362831858
0 0.3386430678466077 0.44424778761061945 0.10501474926253687 0.11327433628318584
0 0.46430678466076697 0.4817109144542773 0.044837758112094395 0.04188790560471976
0 0.6259587020648968 0.5442477876106194 0.07669616519174041 0.15162241887905603
0 0.727433628318584 0.5849557522123894 0.0920353982300885 0.07610619469026549
0 0.21946902654867256 0.5731563421828908 0.03775811209439528 0.04070796460176991
0 0.33126843657817107 0.5386430678466076 0.11386430678466077 0.05309734513274336
0 0.8899705014749263 0.536283185840708 0.047787610619469026 0.035398230088495575
1 0.49616519174041296 0.6026548672566372 0.049557522123893805 0.03952802359882006
0 0.2327433628318584 0.7575221238938052 0.10914454277286136 0.05545722713864307
0 0.3448377581120944 0.7448377581120944 0.09262536873156342 0.07020648967551622
1 0.4994100294985251 0.7179941002949852 0.03952802359882006 0.03303834808259587
0 0.6637168141592921 0.7368731563421829 0.07905604719764012 0.03421828908554572
1 0.7666666666666666 0.7303834808259587 0.052507374631268436 0.029498525073746312
0 0.8772861356932153 0.71976401179941 0.04601769911504425 0.08023598820058997
0 0.2368731563421829 0.8271386430678466 0.06312684365781711 0.07905604719764012
0 0.36224188790560474 0.8604719764011799 0.11091445427728613 0.06312684365781711
0 0.5206489675516224 0.8651917404129793 0.1351032448377581 0.0831858407079646
0 0.6489675516224189 0.8914454277286136 0.04365781710914454 0.04365781710914454
0 0.7943952802359882 0.8415929203539823 0.07256637168141593 0.10678466076696165
0 0.8976401179941003 0.8817109144542773 0.038348082595870206 0.033628318584070796
