0 0.14601769911504425 0.1743362831858407 0.12920353982300886 0.09026548672566372
0 0.3268436578171091 0.17138643067846607 0.08613569321533923 0.11268436578171091
0 0.5342182890855457 0.15663716814159293 0.1421828908554572 0.0607669616519174
0 0.6640117994100295 0.13864306784660768 0.057227138643067846 0.17935103244837758
0 0.7666666666666666 0.11415929203539824 0.14926253687315633 0.10088495575221239
0 0.26312684365781713 0.25722713864306784 0.1168141592920354 0.06017699115044248
0 0.15634218289085544 0.3153392330383481 0.03775811209439528 0.09380530973451327
0 0.3135693215339233 0.3687315634218289 0.12566371681415928 0.1640117994100295
0 0.5256637168141592 0.28053097345132744 0.15811209439528023 0.05014749262536873
0 0.6008849557522123 0.2607669616519174 0.10914454277286136 0.06607669616519174
0 0.7171091445427729 0.259882005899705 0.17758112094395279 0.06666666666666667
0 0.6061946902654867 0.3952802359882006 0.08908554572271386 0.1911504424778761
0 0.7395280235988201 0.3525073746312684 0.07138643067846608 0.03952802359882006
0 0.491740412979351 0.47522123893805307 0.1351032448377581 0.12094395280235988
0 0.47817109144542774 0.4368731563421829 0.04660766961651917 0.024188790560471976
0 0.41415929203539825 0.4887905604719764 0.11563421828908554 0.06784660766961652
0 0.42389380530973453 0.5271386430678466 0.12684365781710916 0.05368731563421829
1 0.10471976401179942 0.5306784660766961 0.027728613569321534 0.02536873156342183
0 0.11858407079646018 0.6530973451327433 0.10265486725663717 0.1887905604719764
0 0.17374631268436577 0.5929203539823009 0.07374631268436578 0.11091445427728613
0 0.287905604719764 0.5970501474926253 0.16755162241887905 0.1168141592920354
0 0.3870206489675516 0.6651917404129793 0.05073746312684366 0.12684365781710916
0 0.5333333333333333 0.5908554572271386 0.14041297935103245 0.1056047197640118
0 0.603834808259587 0.6017699115044248 0.16814159292035397 0.10029498525073746
0 0.7359882005899705 0.5994100294985251 0.06666666666666667 0.06135693215339233
0 0.7418879056047197 0.6687315634218289 0.08790560471976401 0.07728613569321534
0 0.6666666666666666 0.5171091445427729 0.027138643067846607 0.06548672566371681
0 0.27876106194690264 0.7162241887905605 0.09144542772861357 0.07079646017699115
0 0.1327433628318584 0.8212389380530973 0.11799410029498525 0.14041297935103245
0 0.2448377581120944 0.8230088495575221 0.10501474926253687 0.0743362831858407
0 0.3262536873156342 0.8044247787610619 0.024778761061946902 0.024188790560471976
0 0.4622418879056047 0.8058997050147493 0.03126843657817109 0.07315634218289085
0 0.6 0.7985250737463127 0.15693215339233038 0.11032448377581121
0 0.6592920353982301 0.8212389380530973 0.07846607669616519 0.16283185840707964
