1 0.059882005899705014 0.14837758112094396 0.02536873156342183 0.018289085545722714
0 0.18289085545722714 0.187905604719764 0.025958702064896755 0.0359882005899705
0 0.3687315634218289 0.1616519174041298 0.030678466076696165 0.035398230088495575
1 0.5209439528023598 0.14277286135693215 0.030678466076696165 0.029498525073746312
1 0.6973451327433628 0.1191740412979351 0.029498525073746312 0.027138643067846607
1 0.8584070796460177 0.0911504424778761 0.03775811209439528 0.03008849557522124
0 0.06725663716814159 0.31032448377581123 0.025958702064896755 0.022418879056047197
0 0.22448377581120943 0.33244837758112095 0.027728613569321534 0.03716814159292035
0 0.37374631268436576 0.3430678466076696 0.03126843657817109 0.03008849557522124
0 0.543952802359882 0.28761061946902655 0.03657817109144543 0.027728613569321534
0 0.6648967551622419 0.30855457227138644 0.021238938053097345 0.0471976401179941
0 0.8725663716814159 0.3094395280235988 0.035398230088495575 0.027728613569321534
0 0.061946902654867256 0.4592920353982301 0.025958702064896755 0.02654867256637168
0 0.2312684365781711 0.43539823008849554 0.027138643067846607 0.03657817109144543
0 0.37168141592920356 0.4646017699115044 0.021238938053097345 0.043067846607669616
1 0.5492625368731563 0.4430678466076696 0.030678466076696165 0.021238938053097345
1 0.7106194690265487 0.43805309734513276 0.027728613569321534 0.02182890855457227
0 0.8619469026548673 0.46519174041297934 0.02831858407079646 0.033628318584070796
0 0.058997050147492625 0.5970501474926253 0.02831858407079646 0.03421828908554572
1 0.2504424778761062 0.5893805309734513 0.028908554572271386 0.02359882005899705
1 0.3935103244837758 0.5825958702064896 0.02831858407079646 0.018289085545722714
1 0.5507374631268437 0.5787610619469027 0.03008849557522124 0.01887905604719764
1 0.7070796460176991 0.5973451327433629 0.03008849557522124 0.04188790560471976
0 0.8589970501474926 0.5581120943952802 0.02831858407079646 0.035398230088495575
0 0.07817109144542772 0.7056047197640118 0.032448377581120944 0.024778761061946902
1 0.2581120943952802 0.6964601769911505 0.03126843657817109 0.023008849557522124
0 0.39882005899705014 0.7389380530973452 0.03185840707964602 0.027728613569321534
0 0.5566371681415929 0.6648967551622419 0.032448377581120944 0.035398230088495575
1 0.7061946902654868 0.7011799410029499 0.02831858407079646 0.019469026548672566
1 0.8663716814159292 0.7050147492625368 0.023008849557522124 0.030678466076696165
0 0.07079646017699115 0.8330383480825958 0.03185840707964602 0.03185840707964602
0 0.2628318584070796 0.8221238938053097 0.03480825958702065 0.03008849557522124
0 0.41150442477876104 0.8079646017699115 0.03008849557522124 0.02654867256637168
0 0.5495575221238937 0.868141592920354 0.03126843657817109 0.03716814159292035
1 0.6967551622418879 0.8563421828908554 0.02359882005899705 0.033628318584070796
1 0.8858407079646018 0.8749262536873156 0.02182890855457227 0.03303834808259587
