0 0.2359882005899705 0.17492625368731562 0.06135693215339233 0.07610619469026549
0 0.3616519174041298 0.13805309734513274 0.10855457227138643 0.05781710914454277
0 0.5188790560471976 0.13244837758112094 0.12802359882005898 0.08672566371681416
0 0.647787610619469 0.10442477876106195 0.040117994100294985 0.03775811209439528
0 0.7935103244837758 0.16135693215339234 0.07079646017699115 0.10324483775811209
0 0.8970501474926253 0.11887905604719765 0.033628318584070796 0.028908554572271386
0 0.2312684365781711 0.24218289085545722 0.10855457227138643 0.05604719764011799
0 0.3445427728613569 0.25722713864306784 0.09321533923303835 0.06607669616519174
1 0.5050147492625369 0.28348082595870205 0.03893805309734513 0.03126843657817109
0 0.6684365781710915 0.2628318584070796 0.071976401179941 0.033628318584070796
0 0.7696165191740413 0.26843657817109146 0.04660766961651917 0.027138643067846607
0 0.876401179941003 0.279646017699115 0.04542772861356932 0.08023598820058997
0 0.2182890855457227 0.4271386430678466 0.03775811209439528 0.04365781710914454
0 0.32271386430678467 0.4604719764011799 0.10147492625368731 0.047787610619469026
0 0.4943952802359882 0.39646017699115044 0.054277286135693215 0.04247787610619469
0 0.6274336283185841 0.4575221238938053 0.07610619469026549 0.15162241887905603
0 0.7277286135693215 0.4117994100294985 0.09498525073746313 0.0696165191740413
0 0.8887905604719764 0.46430678466076697 0.047787610619469026 0.035398230088495575
0 0.2182890855457227 0.5542772861356932 0.03185840707964602 0.05132743362831858
0 0.33480825958702065 0.5533923303834808 0.11150442477876106 0.10973451327433628
0 0.46430678466076697 0.5194690265486726 0.044837758112094395 0.038348082595870206
0 0.6117994100294986 0.5997050147492625 0.06843657817109144 0.06902654867256637
0 0.6722713864306784 0.6247787610619469 0.07020648967551622 0.12979351032448377
0 0.8504424778761062 0.587315634218289 0.0359882005899705 0.03952802359882006
0 0.22094395280235987 0.6731563421828909 0.11386430678466077 0.09793510324483776
0 0.31327433628318585 0.6752212389380531 0.05073746312684366 0.05014749262536873
0 0.4584070796460177 0.6687315634218289 0.07551622418879056 0.08200589970501475
0 0.5657817109144543 0.7607669616519174 0.1168141592920354 0.11504424778761062
0 0.7268436578171091 0.7253687315634219 0.03303834808259587 0.02654867256637168
1 0.7286135693215339 0.7707964601769911 0.027138643067846607 0.03952802359882006
1 0.8277286135693215 0.6952802359882005 0.03775811209439528 0.04542772861356932
0 0.8805309734513275 0.8017699115044248 0.06548672566371681 0.05545722713864307
0 0.2351032448377581 0.7802359882005899 0.1799410029498525 0.0607669616519174
0 0.34572271386430675 0.7805309734513274 0.05073746312684366 0.07669616519174041
0 0.4533923303834808 0.8410029498525073 0.07964601769911504 0.13156342182890857
0 0.6079646017699115 0.8477876106194691 0.12330383480825959 0.13215339233038348
