0 0.11976401179941003 0.058997050147492625 0.05309734513274336 0.10265486725663717
1 0.5365781710914455 0.11858407079646018 0.027728613569321534 0.030678466076696165
0 0.2545722713864307 0.05929203539823009 0.06312684365781711 0.04070796460176991
0 0.4070796460176991 0.07168141592920355 0.049557522123893805 0.05958702064896755
0 0.6707964601769911 0.059882005899705014 0.12507374631268436 0.05132743362831858
0 0.8542772861356932 0.10530973451327433 0.03657817109144543 0.03952802359882006
0 0.12123893805309735 0.2392330383480826 0.057227138643067846 0.07610619469026549
0 0.24690265486725663 0.18377581120943953 0.05368731563421829 0.05132743362831858
0 0.35693215339233036 0.1831858407079646 0.12625368731563422 0.03952802359882006
0 0.5292035398230088 0.26194690265486725 0.07079646017699115 0.05545722713864307
0 0.7005899705014749 0.22536873156342183 0.0584070796460177 0.04837758112094395
0 0.848377581120944 0.22359882005899706 0.03893805309734513 0.06253687315634218
0 0.3648967551622419 0.3687315634218289 0.05368731563421829 0.09557522123893805
0 0.12595870206489676 0.315929203539823 0.03480825958702065 0.06548672566371681
0 0.21415929203539824 0.30914454277286135 0.0471976401179941 0.11799410029498525
0 0.5469026548672566 0.3292035398230089 0.06725663716814159 0.054277286135693215
0 0.6887905604719764 0.3705014749262537 0.047787610619469026 0.05309734513274336
0 0.8654867256637168 0.3823008849557522 0.040117994100294985 0.05781710914454277
0 0.3595870206489675 0.4654867256637168 0.05014749262536873 0.05191740412979351
0 0.5286135693215339 0.46932153392330384 0.05309734513274336 0.06784660766961652
0 0.6932153392330384 0.5156342182890855 0.035398230088495575 0.08967551622418879
0 0.8466076696165191 0.5117994100294985 0.03657817109144543 0.07964601769911504
0 0.13421828908554573 0.5336283185840708 0.06666666666666667 0.07846607669616519
0 0.22418879056047197 0.5539823008849557 0.06135693215339233 0.10501474926253687
0 0.5032448377581121 0.6032448377581121 0.040117994100294985 0.05604719764011799
0 0.6793510324483776 0.6306784660766962 0.047787610619469026 0.04365781710914454
0 0.8477876106194691 0.6321533923303835 0.03893805309734513 0.057227138643067846
0 0.1135693215339233 0.6604719764011799 0.04542772861356932 0.15634218289085544
0 0.21651917404129795 0.691150442477876 0.054277286135693215 0.10324483775811209
0 0.3616519174041298 0.6941002949852507 0.06489675516224189 0.057227138643067846
0 0.140117994100295 0.8041297935103244 0.0855457227138643 0.0471976401179941
0 0.2150442477876106 0.8294985250737463 0.05132743362831858 0.10383480825958702
0 0.36843657817109143 0.7831858407079646 0.0359882005899705 0.0831858407079646
0 0.5056047197640118 0.7722713864306785 0.058997050147492625 0.06371681415929203
0 0.7032448377581121 0.8389380530973451 0.08141592920353982 0.06607669616519174
0 0.8451327433628318 0.8156342182890856 0.05486725663716814 0.05604719764011799
