1 0.13303834808259588 0.09321533923303835 0.04542772861356932 0.040117994100294985
0 0.27876106194690264 0.08672566371681416 0.032448377581120944 0.03303834808259587
0 0.3407079646017699 0.0952802359882006 0.03008849557522124 0.03126843657817109
0 0.5064896755162241 0.11858407079646018 0.03126843657817109 0.025958702064896755
0 0.7265486725663717 0.10058997050147492 0.03126843657817109 0.028908554572271386
0 0.8640117994100295 0.08613569321533923 0.04896755162241888 0.03775811209439528
0 0.14424778761061946 0.2542772861356932 0.061946902654867256 0.03185840707964602
0 0.26607669616519175 0.26017699115044246 0.03893805309734513 0.03421828908554572
0 0.3967551622418879 0.25250737463126843 0.052507374631268436 0.05545722713864307
1 0.5215339233038347 0.2563421828908555 0.054277286135693215 0.0359882005899705
1 0.7085545722713864 0.24100294985250736 0.0471976401179941 0.04188790560471976
0 0.8575221238938053 0.22300884955752212 0.047787610619469026 0.07669616519174041
0 0.12595870206489676 0.41976401179941003 0.06312684365781711 0.04070796460176991
0 0.29233038348082596 0.38082595870206487 0.06666666666666667 0.07728613569321534
0 0.4622418879056047 0.4088495575221239 0.033628318584070796 0.07669616519174041
0 0.5640117994100295 0.4271386430678466 0.03421828908554572 0.0943952802359882
1 0.7026548672566372 0.4085545722713864 0.054277286135693215 0.04070796460176991
1 0.8460176991150442 0.44778761061946903 0.030678466076696165 0.03657817109144543
1 0.11710914454277285 0.5533923303834808 0.04660766961651917 0.03775811209439528
1 0.2610619469026549 0.5766961651917404 0.02654867256637168 0.03008849557522124
0 0.4014749262536873 0.5808259587020649 0.0359882005899705 0.07492625368731563
0 0.5613569321533923 0.5359882005899705 0.043067846607669616 0.03716814159292035
1 0.6808259587020649 0.5486725663716814 0.0471976401179941 0.04247787610619469
0 0.8510324483775811 0.5787610619469027 0.057227138643067846 0.06607669616519174
1 0.11976401179941003 0.6607669616519174 0.03303834808259587 0.054277286135693215
0 0.2628318584070796 0.6463126843657817 0.05368731563421829 0.07492625368731563
0 0.43333333333333335 0.7123893805309734 0.08436578171091445 0.05132743362831858
0 0.5766961651917404 0.6926253687315634 0.032448377581120944 0.0471976401179941
1 0.6702064896755162 0.6920353982300885 0.04837758112094395 0.035398230088495575
0 0.8386430678466077 0.7 0.08436578171091445 0.06430678466076696
1 0.10678466076696165 0.8412979351032448 0.03657817109144543 0.040117994100294985
1 0.22743362831858407 0.8920353982300885 0.07138643067846608 0.03421828908554572
0 0.3896755162241888 0.8342182890855457 0.03952802359882006 0.0743362831858407
1 0.5713864306784661 0.9011799410029498 0.03716814159292035 0.038348082595870206
0 0.695575221238938 0.904424778761062 0.03893805309734513 0.06489675516224189
0 0.8312684365781711 0.8778761061946903 0.06725663716814159 0.04365781710914454
