0 0.15693215339233038 0.18289085545722714 0.04837758112094395 0.05545722713864307
0 0.2973451327433628 0.16017699115044248 0.08141592920353982 0.06430678466076696
0 0.4943952802359882 0.22566371681415928 0.058997050147492625 0.05604719764011799
0 0.6330383480825958 0.21651917404129795 0.03775811209439528 0.08259587020648967
0 0.7970501474926254 0.16902654867256636 0.071976401179941 0.09026548672566372
0 0.8660766961651918 0.19469026548672566 0.07669616519174041 0.04365781710914454
0 0.15309734513274337 0.36991150442477877 0.03716814159292035 0.054277286135693215
0 0.32035398230088497 0.376401179941003 0.049557522123893805 0.054277286135693215
0 0.5085545722713865 0.39882005899705014 0.05191740412979351 0.05663716814159292
0 0.6380530973451327 0.3053097345132743 0.06548672566371681 0.0584070796460177
0 0.7752212389380531 0.315929203539823 0.04601769911504425 0.10088495575221239
0 0.8920353982300885 0.3480825958702065 0.05545722713864307 0.1463126843657817
0 0.783480825958702 0.451622418879056 0.06843657817109144 0.10324483775811209
0 0.871976401179941 0.46932153392330384 0.07905604719764012 0.0831858407079646
0 0.15575221238938053 0.4882005899705015 0.035398230088495575 0.07374631268436578
0 0.30855457227138644 0.48436578171091443 0.035398230088495575 0.09085545722713864
0 0.4696165191740413 0.5292035398230088 0.05191740412979351 0.06843657817109144
0 0.6412979351032448 0.5336283185840708 0.05073746312684366 0.05132743362831858
0 0.13569321533923304 0.6200589970501474 0.03893805309734513 0.05545722713864307
0 0.3129793510324484 0.6356932153392331 0.047787610619469026 0.04424778761061947
0 0.45309734513274336 0.6657817109144543 0.06725663716814159 0.04424778761061947
0 0.6359882005899705 0.6259587020648968 0.05545722713864307 0.10265486725663717
0 0.7955752212389381 0.7035398230088495 0.06548672566371681 0.12448377581120944
0 0.8793510324483775 0.6787610619469027 0.047787610619469026 0.05604719764011799
0 0.14129793510324484 0.7766961651917405 0.0607669616519174 0.06666666666666667
0 0.3041297935103245 0.7772861356932154 0.061946902654867256 0.04660766961651917
0 0.4749262536873156 0.7389380530973452 0.07905604719764012 0.05368731563421829
0 0.6575221238938053 0.8289085545722714 0.11268436578171091 0.0696165191740413
0 0.7533923303834809 0.8135693215339233 0.05781710914454277 0.0471976401179941
0 0.8817109144542773 0.7663716814159292 0.06548672566371681 0.06843657817109144
0 0.14985250737463127 0.8970501474926253 0.03657817109144543 0.0359882005899705
0 0.33362831858407077 0.9386430678466077 0.11032448377581121 0.040117994100294985
0 0.4663716814159292 0.8814159292035398 0.027728613569321534 0.035398230088495575
0 0.5932153392330384 0.9436578171091445 0.05368731563421829 0.061946902654867256
0 0.7569321533923303 0.9651917404129793 0.0743362831858407 0.058997050147492625
0 0.8808259587020649 0.9424778761061947 0.05309734513274336 0.10206489675516224
