1 0.11120943952802359 0.10530973451327433 0.0359882005899705 0.018289085545722714
1 0.2563421828908555 0.10471976401179942 0.03480825958702065 0.019469026548672566
1 0.3985250737463127 0.10943952802359883 0.03480825958702065 0.018289085545722714
1 0.5436578171091445 0.10884955752212389 0.033628318584070796 0.019469026548672566
1 0.7123893805309734 0.115929203539823 0.03480825958702065 0.019469026548672566
1 0.8578171091445428 0.12595870206489676 0.03421828908554572 0.019469026548672566
1 0.12271386430678466 0.2294985250737463 0.03185840707964602 0.020058997050147492
1 0.2448377581120944 0.23008849557522124 0.029498525073746312 0.017699115044247787
1 0.3952802359882006 0.22920353982300884 0.03185840707964602 0.02064896755162242
1 0.5418879056047198 0.23244837758112094 0.033628318584070796 0.020058997050147492
1 0.7035398230088495 0.22920353982300884 0.03716814159292035 0.018289085545722714
1 0.8584070796460177 0.2351032448377581 0.03303834808259587 0.018289085545722714
1 0.12359882005899706 0.36902654867256635 0.03008849557522124 0.02064896755162242
1 0.23569321533923304 0.3613569321533923 0.03126843657817109 0.018289085545722714
1 0.3705014749262537 0.36991150442477877 0.03185840707964602 0.020058997050147492
1 0.5466076696165192 0.3710914454277286 0.032448377581120944 0.020058997050147492
1 0.6896755162241888 0.3663716814159292 0.03421828908554572 0.01887905604719764
1 0.8654867256637168 0.37728613569321534 0.035398230088495575 0.018289085545722714
1 0.12123893805309735 0.5256637168141592 0.02536873156342183 0.024778761061946902
1 0.2359882005899705 0.5256637168141592 0.03185840707964602 0.020058997050147492
1 0.3696165191740413 0.5058997050147492 0.032448377581120944 0.02064896755162242
1 0.5474926253687316 0.5 0.03185840707964602 0.02064896755162242
1 0.6973451327433628 0.4964601769911504 0.035398230088495575 0.02064896755162242
1 0.8548672566371681 0.491740412979351 0.035398230088495575 0.019469026548672566
1 0.11445427728613569 0.6640117994100295 0.03185840707964602 0.018289085545722714
1 0.23215339233038348 0.6684365781710915 0.03126843657817109 0.016519174041297935
1 0.3663716814159292 0.664306784660767 0.03421828908554572 0.022418879056047197
1 0.5283185840707965 0.6619469026548672 0.03008849557522124 0.01887905604719764
1 0.6914454277286135 0.6607669616519174 0.03421828908554572 0.022418879056047197
1 0.8539823008849557 0.6625368731563421 0.0359882005899705 0.020058997050147492
1 0.12212389380530973 0.8109144542772861 0.030678466076696165 0.019469026548672566
1 0.23716814159292035 0.812094395280236 0.035398230088495575 0.01592920353982301
1 0.3722713864306785 0.815929203539823 0.03185840707964602 0.017699115044247787
1 0.5144542772861357 0.8153392330383481 0.03185840707964602 0.01887905604719764
1 0.6920353982300885 0.8041297935103244 0.03185840707964602 0.01887905604719764
1 0.8492625368731563 0.812094395280236 0.032448377581120944 0.018289085545722714
