0 0.11150442477876106 0.06489675516224189 0.05663716814159292 0.08613569321533923
0 0.2604719764011799 0.059882005899705014 0.043067846607669616 0.07374631268436578
0 0.40294985250737464 0.0696165191740413 0.03775811209439528 0.07669616519174041
0 0.5374631268436578 0.12418879056047197 0.030678466076696165 0.03480825958702065
0 0.6846607669616519 0.06489675516224189 0.09380530973451327 0.05191740412979351
0 0.8557522123893805 0.0831858407079646 0.038348082595870206 0.03775811209439528
0 0.3828908554572271 0.18200589970501474 0.11091445427728613 0.07610619469026549
0 0.24808259587020648 0.18495575221238938 0.05132743362831858 0.05486725663716814
0 0.12212389380530973 0.243952802359882 0.05781710914454277 0.07846607669616519
0 0.5356932153392331 0.25899705014749264 0.03303834808259587 0.05191740412979351
0 0.7097345132743362 0.23067846607669618 0.04129793510324484 0.0471976401179941
0 0.8548672566371681 0.24454277286135692 0.04365781710914454 0.03716814159292035
0 0.12861356932153392 0.3221238938053097 0.03421828908554572 0.08731563421828908
0 0.22920353982300884 0.3168141592920354 0.04660766961651917 0.10619469026548672
0 0.3640117994100295 0.3463126843657817 0.05781710914454277 0.03893805309734513
0 0.5460176991150443 0.3271386430678466 0.0607669616519174 0.05604719764011799
0 0.6896755162241888 0.37610619469026546 0.0471976401179941 0.0584070796460177
0 0.8654867256637168 0.38377581120943954 0.03657817109144543 0.04542772861356932
0 0.13716814159292035 0.5300884955752212 0.05958702064896755 0.07610619469026549
0 0.22507374631268437 0.5507374631268437 0.05604719764011799 0.09616519174041298
0 0.3607669616519174 0.4672566371681416 0.04660766961651917 0.05073746312684366
0 0.5300884955752212 0.47079646017699117 0.05132743362831858 0.06843657817109144
0 0.6929203539823009 0.5212389380530973 0.033628318584070796 0.0808259587020649
0 0.8492625368731563 0.5147492625368731 0.038348082595870206 0.07964601769911504
0 0.13185840707964602 0.6882005899705015 0.04896755162241888 0.1327433628318584
0 0.21474926253687315 0.6870206489675517 0.05191740412979351 0.09616519174041298
0 0.3722713864306785 0.6728613569321534 0.044837758112094395 0.0808259587020649
0 0.5147492625368731 0.6123893805309735 0.03952802359882006 0.058997050147492625
0 0.6834808259587021 0.6241887905604719 0.04188790560471976 0.06017699115044248
0 0.8486725663716814 0.6377581120943953 0.038348082595870206 0.03775811209439528
0 0.14188790560471976 0.8032448377581121 0.08672566371681416 0.03480825958702065
0 0.22861356932153393 0.8259587020648967 0.0359882005899705 0.09557522123893805
0 0.3687315634218289 0.7843657817109144 0.035398230088495575 0.06784660766961652
0 0.5047197640117994 0.7749262536873156 0.05958702064896755 0.0584070796460177
0 0.6843657817109144 0.8262536873156342 0.040117994100294985 0.09262536873156342
0 0.840117994100295 0.8294985250737463 0.04365781710914454 0.05663716814159292
