0 0.16017699115044248 0.17227138643067846 0.043067846607669616 0.06017699115044248
0 0.3182890855457227 0.17374631268436577 0.03716814159292035 0.09026548672566372
0 0.49675516224188787 0.22507374631268437 0.06253687315634218 0.05958702064896755
0 0.631858407079646 0.21415929203539824 0.03421828908554572 0.06607669616519174
0 0.7716814159292036 0.16342182890855456 0.03421828908554572 0.071976401179941
0 0.8592920353982301 0.1976401179941003 0.09026548672566372 0.03421828908554572
0 0.1528023598820059 0.3625368731563422 0.035398230088495575 0.03480825958702065
0 0.3153392330383481 0.37492625368731564 0.04070796460176991 0.061946902654867256
0 0.4870206489675516 0.387905604719764 0.03952802359882006 0.05958702064896755
0 0.6292035398230088 0.3271386430678466 0.04542772861356932 0.08200589970501475
0 0.7867256637168142 0.3126843657817109 0.047787610619469026 0.09321533923303835
0 0.8690265486725663 0.3126843657817109 0.049557522123893805 0.13097345132743363
0 0.7761061946902654 0.4498525073746313 0.05486725663716814 0.09616519174041298
0 0.8628318584070797 0.47168141592920354 0.0584070796460177 0.07610619469026549
0 0.15191740412979352 0.48584070796460177 0.03952802359882006 0.08200589970501475
0 0.3079646017699115 0.48023598820059 0.03421828908554572 0.08023598820058997
0 0.47079646017699117 0.5289085545722714 0.05191740412979351 0.06902654867256637
0 0.6392330383480825 0.5327433628318584 0.047787610619469026 0.05191740412979351
0 0.1351032448377581 0.616519174041298 0.03775811209439528 0.04601769911504425
0 0.3112094395280236 0.6244837758112094 0.047787610619469026 0.0584070796460177
0 0.45368731563421827 0.6728613569321534 0.06725663716814159 0.05604719764011799
0 0.636283185840708 0.6589970501474927 0.0584070796460177 0.044837758112094395
0 0.772566371681416 0.6828908554572272 0.04542772861356932 0.10206489675516224
0 0.8743362831858407 0.6793510324483776 0.035398230088495575 0.08790560471976401
0 0.14690265486725662 0.755457227138643 0.044837758112094395 0.03716814159292035
1 0.2914454277286136 0.7707964601769911 0.04129793510324484 0.047787610619469026
0 0.4654867256637168 0.7412979351032448 0.03421828908554572 0.05014749262536873
0 0.6200589970501474 0.8171091445427728 0.11327433628318584 0.07787610619469026
0 0.7525073746312684 0.815929203539823 0.05132743362831858 0.054277286135693215
0 0.8787610619469026 0.7569321533923303 0.057227138643067846 0.07551622418879056
0 0.1448377581120944 0.915929203539823 0.03716814159292035 0.033628318584070796
0 0.31887905604719763 0.935693215339233 0.09616519174041298 0.054277286135693215
0 0.4631268436578171 0.8766961651917404 0.030678466076696165 0.03421828908554572
0 0.5979351032448378 0.9294985250737463 0.03716814159292035 0.07374631268436578
0 0.7410029498525074 0.9410029498525073 0.044837758112094395 0.07551622418879056
0 0.8899705014749263 0.9374631268436578 0.05368731563421829 0.08849557522123894
