1 0.06401179941002949 0.1430678466076696 0.027728613569321534 0.018289085545722714
1 0.2398230088495575 0.1486725663716814 0.02536873156342183 0.030678466076696165
1 0.376401179941003 0.1448377581120944 0.030678466076696165 0.023008849557522124
1 0.5498525073746312 0.12448377581120944 0.03185840707964602 0.024778761061946902
1 0.6997050147492625 0.11740412979351032 0.030678466076696165 0.02359882005899705
1 0.8761061946902655 0.11032448377581121 0.030678466076696165 0.022418879056047197
1 0.07138643067846608 0.30117994100294987 0.03185840707964602 0.01592920353982301
1 0.24454277286135692 0.2973451327433628 0.02654867256637168 0.027138643067846607
1 0.38348082595870203 0.30206489675516224 0.03421828908554572 0.021238938053097345
1 0.5442477876106194 0.30117994100294987 0.032448377581120944 0.02064896755162242
1 0.6988200589970501 0.28112094395280235 0.03126843657817109 0.027728613569321534
1 0.8814159292035398 0.275811209439528 0.03421828908554572 0.024188790560471976
1 0.06548672566371681 0.4510324483775811 0.030678466076696165 0.01592920353982301
1 0.240117994100295 0.44542772861356933 0.02831858407079646 0.021238938053097345
1 0.39233038348082594 0.44778761061946903 0.029498525073746312 0.022418879056047197
1 0.5528023598820059 0.443952802359882 0.030678466076696165 0.024188790560471976
1 0.7144542772861356 0.4398230088495575 0.030678466076696165 0.01710914454277286
1 0.875221238938053 0.4374631268436578 0.028908554572271386 0.02182890855457227
1 0.06430678466076696 0.595575221238938 0.02831858407079646 0.028908554572271386
1 0.25073746312684364 0.5887905604719764 0.029498525073746312 0.020058997050147492
1 0.396165191740413 0.5784660766961652 0.032448377581120944 0.01710914454277286
1 0.5510324483775811 0.5772861356932153 0.02831858407079646 0.01592920353982301
1 0.7123893805309734 0.5787610619469027 0.03126843657817109 0.01887905604719764
1 0.8761061946902655 0.5817109144542773 0.029498525073746312 0.024778761061946902
1 0.06460176991150443 0.7233038348082595 0.027728613569321534 0.024778761061946902
1 0.24336283185840707 0.7212389380530974 0.024188790560471976 0.02654867256637168
1 0.3967551622418879 0.7070796460176991 0.03126843657817109 0.02536873156342183
1 0.5504424778761062 0.703834808259587 0.03185840707964602 0.02359882005899705
1 0.7094395280235988 0.6991150442477876 0.03008849557522124 0.017699115044247787
1 0.8654867256637168 0.7056047197640118 0.022418879056047197 0.035398230088495575
1 0.06696165191740414 0.8321533923303834 0.0359882005899705 0.019469026548672566
1 0.2336283185840708 0.8342182890855457 0.03303834808259587 0.01887905604719764
1 0.40471976401179943 0.8321533923303834 0.02359882005899705 0.024188790560471976
1 0.5557522123893806 0.8460176991150442 0.03303834808259587 0.022418879056047197
1 0.7241887905604719 0.835693215339233 0.03126843657817109 0.027728613569321534
1 0.8693215339233038 0.8702064896755162 0.01592920353982301 0.03303834808259587
