1 0.11120943952802359 0.10324483775811209 0.03716814159292035 0.01887905604719764
1 0.2569321533923304 0.10471976401179942 0.033628318584070796 0.02064896755162242
1 0.4 0.10855457227138643 0.03421828908554572 0.022418879056047197
1 0.5448377581120943 0.10914454277286136 0.03716814159292035 0.021238938053097345
1 0.7117994100294985 0.11651917404129794 0.03480825958702065 0.02182890855457227
1 0.8587020648967552 0.12507374631268436 0.033628318584070796 0.02359882005899705
1 0.12212389380530973 0.22979351032448378 0.030678466076696165 0.02064896755162242
1 0.24454277286135692 0.2303834808259587 0.02654867256637168 0.02064896755162242
1 0.396165191740413 0.22890855457227138 0.032448377581120944 0.02359882005899705
1 0.5412979351032449 0.2336283185840708 0.03952802359882006 0.020058997050147492
1 0.7044247787610619 0.22831858407079647 0.03893805309734513 0.021238938053097345
1 0.8589970501474926 0.23539823008849559 0.03185840707964602 0.02359882005899705
1 0.12389380530973451 0.3693215339233038 0.029498525073746312 0.025958702064896755
1 0.23628318584070795 0.3616519174041298 0.033628318584070796 0.021238938053097345
1 0.3696165191740413 0.3678466076696165 0.03480825958702065 0.027728613569321534
1 0.5471976401179941 0.371976401179941 0.032448377581120944 0.02182890855457227
1 0.691150442477876 0.3640117994100295 0.03716814159292035 0.021238938053097345
1 0.8663716814159292 0.37728613569321534 0.033628318584070796 0.023008849557522124
1 0.1215339233038348 0.5256637168141592 0.024778761061946902 0.025958702064896755
1 0.2359882005899705 0.5259587020648967 0.02831858407079646 0.023008849557522124
1 0.3705014749262537 0.5076696165191741 0.03303834808259587 0.023008849557522124
1 0.5495575221238937 0.49970501474926254 0.033628318584070796 0.02831858407079646
1 0.6982300884955752 0.49498525073746313 0.033628318584070796 0.02359882005899705
1 0.855457227138643 0.4905604719764012 0.03421828908554572 0.023008849557522124
1 0.11386430678466077 0.6657817109144543 0.02831858407079646 0.019469026548672566
1 0.23156342182890854 0.6696165191740413 0.027728613569321534 0.016519174041297935
1 0.3646017699115044 0.6648967551622419 0.025958702064896755 0.02359882005899705
1 0.5283185840707965 0.6610619469026549 0.027728613569321534 0.014749262536873156
1 0.6908554572271386 0.6607669616519174 0.035398230088495575 0.024778761061946902
1 0.8542772861356932 0.6610619469026549 0.03657817109144543 0.023008849557522124
1 0.1224188790560472 0.8094395280235989 0.028908554572271386 0.01887905604719764
1 0.2374631268436578 0.812094395280236 0.03008849557522124 0.018289085545722714
1 0.37168141592920356 0.8168141592920354 0.03421828908554572 0.018289085545722714
1 0.515929203539823 0.8141592920353982 0.03480825958702065 0.022418879056047197
1 0.6920353982300885 0.8047197640117993 0.03303834808259587 0.01887905604719764
1 0.8504424778761062 0.8112094395280236 0.03480825958702065 0.021238938053097345
