1 0.11209439528023599 0.10501474926253687 0.035398230088495575 0.016519174041297935
1 0.2569321533923304 0.10412979351032448 0.03480825958702065 0.01592920353982301
1 0.39941002949852505 0.10855457227138643 0.03185840707964602 0.015339233038348082
1 0.5448377581120943 0.10943952802359883 0.033628318584070796 0.01592920353982301
1 0.7132743362831858 0.1168141592920354 0.03421828908554572 0.022418879056047197
1 0.8563421828908554 0.12654867256637167 0.032448377581120944 0.02064896755162242
1 0.12330383480825959 0.23008849557522124 0.030678466076696165 0.021238938053097345
1 0.2448377581120944 0.22979351032448378 0.03303834808259587 0.019469026548672566
1 0.3949852507374631 0.2303834808259587 0.033628318584070796 0.02064896755162242
1 0.5418879056047198 0.2336283185840708 0.033628318584070796 0.020058997050147492
1 0.7029498525073746 0.22920353982300884 0.03716814159292035 0.019469026548672566
1 0.8587020648967552 0.23539823008849559 0.03480825958702065 0.01887905604719764
1 0.12271386430678466 0.36902654867256635 0.03185840707964602 0.02182890855457227
1 0.23569321533923304 0.36283185840707965 0.033628318584070796 0.021238938053097345
1 0.37256637168141593 0.3710914454277286 0.03008849557522124 0.022418879056047197
1 0.547787610619469 0.37168141592920356 0.033628318584070796 0.020058997050147492
1 0.6899705014749262 0.3654867256637168 0.03716814159292035 0.024188790560471976
1 0.8648967551622418 0.37728613569321534 0.03657817109144543 0.02182890855457227
1 0.12094395280235988 0.5271386430678466 0.024778761061946902 0.02536873156342183
1 0.2359882005899705 0.5262536873156343 0.030678466076696165 0.022418879056047197
1 0.3705014749262537 0.5070796460176991 0.03185840707964602 0.023008849557522124
1 0.5498525073746312 0.4988200589970501 0.030678466076696165 0.02182890855457227
1 0.6970501474926254 0.4964601769911504 0.0359882005899705 0.019469026548672566
1 0.8548672566371681 0.49321533923303834 0.03657817109144543 0.022418879056047197
1 0.11622418879056047 0.6637168141592921 0.030678466076696165 0.017699115044247787
1 0.23215339233038348 0.6693215339233038 0.03126843657817109 0.019469026548672566
1 0.3654867256637168 0.6646017699115044 0.032448377581120944 0.023008849557522124
1 0.5274336283185841 0.6610619469026549 0.030678466076696165 0.019469026548672566
1 0.6899705014749262 0.6616519174041298 0.0359882005899705 0.02182890855457227
1 0.8533923303834808 0.6616519174041298 0.03716814159292035 0.019469026548672566
1 0.12271386430678466 0.8115044247787611 0.02831858407079646 0.02064896755162242
1 0.23716814159292035 0.8103244837758112 0.03421828908554572 0.01592920353982301
1 0.3693215339233038 0.8156342182890856 0.03421828908554572 0.02182890855457227
1 0.5144542772861357 0.8153392330383481 0.03421828908554572 0.020058997050147492
1 0.6926253687315634 0.8035398230088495 0.03421828908554572 0.01887905604719764
1 0.8507374631268436 0.8112094395280236 0.03421828908554572 0.01887905604719764
