1 0.06017699115044248 0.1480825958702065 0.027138643067846607 0.016519174041297935
0 0.1831858407079646 0.18761061946902655 0.02654867256637168 0.035398230088495575
0 0.3678466076696165 0.16224188790560473 0.028908554572271386 0.03775811209439528
1 0.5209439528023598 0.14277286135693215 0.030678466076696165 0.027138643067846607
1 0.699410029498525 0.1191740412979351 0.03126843657817109 0.024778761061946902
1 0.8584070796460177 0.09233038348082595 0.035398230088495575 0.032448377581120944
0 0.06666666666666667 0.31091445427728615 0.025958702064896755 0.02359882005899705
0 0.22418879056047197 0.33303834808259586 0.02831858407079646 0.038348082595870206
1 0.37374631268436576 0.3433628318584071 0.03126843657817109 0.030678466076696165
1 0.5442477876106194 0.28761061946902655 0.03480825958702065 0.028908554572271386
0 0.6648967551622419 0.3079646017699115 0.02359882005899705 0.04837758112094395
0 0.8740412979351032 0.3100294985250737 0.03480825958702065 0.02536873156342183
1 0.06371681415929203 0.4581120943952802 0.024778761061946902 0.024188790560471976
0 0.23244837758112094 0.4345132743362832 0.025958702064896755 0.03716814159292035
0 0.37138643067846605 0.4646017699115044 0.02182890855457227 0.043067846607669616
1 0.5498525073746312 0.44424778761061945 0.02831858407079646 0.021238938053097345
1 0.7103244837758111 0.4368731563421829 0.02831858407079646 0.019469026548672566
0 0.8631268436578171 0.46578171091445425 0.02831858407079646 0.03480825958702065
0 0.05870206489675516 0.5979351032448378 0.028908554572271386 0.03480825958702065
1 0.25132743362831855 0.5893805309734513 0.029498525073746312 0.025958702064896755
1 0.39292035398230085 0.5817109144542773 0.030678466076696165 0.016519174041297935
1 0.5504424778761062 0.5775811209439528 0.02831858407079646 0.021238938053097345
1 0.7070796460176991 0.5976401179941003 0.03126843657817109 0.040117994100294985
0 0.8589970501474926 0.5587020648967551 0.029498525073746312 0.03775811209439528
1 0.07935103244837757 0.7070796460176991 0.03480825958702065 0.02536873156342183
1 0.2584070796460177 0.696165191740413 0.030678466076696165 0.022418879056047197
1 0.39941002949852505 0.7407079646017699 0.030678466076696165 0.028908554572271386
0 0.5563421828908555 0.664306784660767 0.03303834808259587 0.03421828908554572
1 0.7058997050147493 0.7014749262536873 0.028908554572271386 0.01887905604719764
1 0.8660766961651918 0.7035398230088495 0.022418879056047197 0.032448377581120944
0 0.0696165191740413 0.8324483775811209 0.030678466076696165 0.03303834808259587
0 0.2628318584070796 0.8212389380530973 0.0359882005899705 0.029498525073746312
0 0.4117994100294985 0.807669616519174 0.030678466076696165 0.025958702064896755
0 0.5474926253687316 0.8684365781710914 0.03303834808259587 0.03657817109144543
1 0.695575221238938 0.8560471976401179 0.021238938053097345 0.030678466076696165
1 0.8858407079646018 0.8734513274336283 0.02064896755162242 0.028908554572271386
