0 0.14896755162241887 0.17227138643067846 0.12802359882005898 0.08613569321533923
0 0.32831858407079645 0.17020648967551621 0.08672566371681416 0.11386430678466077
0 0.15486725663716813 0.31622418879056047 0.03716814159292035 0.09321533923303835
0 0.2628318584070796 0.25722713864306784 0.11858407079646018 0.05781710914454277
0 0.5330383480825959 0.15870206489675515 0.1421828908554572 0.06017699115044248
0 0.6628318584070796 0.1359882005899705 0.05486725663716814 0.18112094395280237
0 0.7663716814159292 0.11386430678466077 0.1486725663716814 0.10265486725663717
0 0.31474926253687313 0.3566371681415929 0.12684365781710916 0.1421828908554572
0 0.5250737463126843 0.2831858407079646 0.16519174041297935 0.04365781710914454
0 0.5991150442477876 0.2610619469026549 0.10914454277286136 0.06784660766961652
0 0.7174041297935103 0.24926253687315633 0.17463126843657817 0.033628318584070796
0 0.6067846607669617 0.39469026548672564 0.09144542772861357 0.1911504424778761
0 0.7395280235988201 0.3513274336283186 0.07492625368731563 0.038348082595870206
0 0.4943952802359882 0.47522123893805307 0.13805309734513274 0.11858407079646018
0 0.4772861356932153 0.4342182890855457 0.049557522123893805 0.024778761061946902
1 0.10707964601769912 0.5292035398230088 0.028908554572271386 0.027138643067846607
0 0.4135693215339233 0.48908554572271384 0.12035398230088495 0.06725663716814159
0 0.42448377581120944 0.5289085545722714 0.12802359882005898 0.05014749262536873
0 0.1182890855457227 0.651622418879056 0.10088495575221239 0.1870206489675516
0 0.2911504424778761 0.6002949852507374 0.16696165191740414 0.11150442477876106
0 0.17492625368731562 0.5867256637168141 0.07256637168141593 0.09970501474926254
0 0.3973451327433628 0.6820058997050147 0.03126843657817109 0.08849557522123894
0 0.6041297935103245 0.6008849557522123 0.1663716814159292 0.09970501474926254
0 0.531858407079646 0.5908554572271386 0.14454277286135692 0.10678466076696165
0 0.668141592920354 0.5162241887905604 0.028908554572271386 0.06489675516224189
0 0.7265486725663717 0.5973451327433629 0.047787610619469026 0.05604719764011799
0 0.7410029498525074 0.6672566371681415 0.08495575221238938 0.07551622418879056
0 0.2784660766961652 0.7153392330383481 0.09321533923303835 0.07256637168141593
0 0.1336283185840708 0.8200589970501475 0.11858407079646018 0.13805309734513274
0 0.24542772861356932 0.8215339233038348 0.10029498525073746 0.07374631268436578
1 0.3262536873156342 0.8035398230088495 0.030678466076696165 0.029498525073746312
0 0.4622418879056047 0.8070796460176991 0.03126843657817109 0.07551622418879056
0 0.5988200589970502 0.7967551622418879 0.15457227138643068 0.11268436578171091
0 0.6584070796460177 0.8238938053097346 0.0743362831858407 0.15988200589970503
