0 0.12418879056047197 0.12831858407079647 0.06548672566371681 0.0359882005899705
1 0.2799410029498525 0.09616519174041298 0.028908554572271386 0.03303834808259587
0 0.34926253687315634 0.16194690265486725 0.03185840707964602 0.033628318584070796
0 0.5029498525073747 0.13303834808259588 0.032448377581120944 0.024188790560471976
0 0.7206489675516224 0.15781710914454278 0.03480825958702065 0.04188790560471976
0 0.8551622418879056 0.14041297935103245 0.052507374631268436 0.02359882005899705
0 0.15250737463126843 0.2377581120943953 0.047787610619469026 0.04365781710914454
1 0.2669616519174041 0.2672566371681416 0.033628318584070796 0.03303834808259587
0 0.3973451327433628 0.3206489675516224 0.06666666666666667 0.052507374631268436
1 0.5212389380530973 0.25958702064896755 0.052507374631268436 0.03185840707964602
0 0.7067846607669617 0.2926253687315634 0.054277286135693215 0.04129793510324484
0 0.7988200589970501 0.2761061946902655 0.07551622418879056 0.05191740412979351
0 0.16696165191740414 0.38377581120943954 0.06017699115044248 0.052507374631268436
0 0.2935103244837758 0.36843657817109143 0.06430678466076696 0.047787610619469026
0 0.47286135693215336 0.3743362831858407 0.03716814159292035 0.07138643067846608
0 0.5952802359882006 0.4073746312684366 0.071976401179941 0.07846607669616519
1 0.7109144542772862 0.4126843657817109 0.0471976401179941 0.047787610619469026
0 0.8587020648967552 0.43156342182890856 0.032448377581120944 0.023008849557522124
1 0.13421828908554573 0.49734513274336284 0.03126843657817109 0.0471976401179941
0 0.29321533923303833 0.5233038348082596 0.0471976401179941 0.03893805309734513
0 0.40825958702064896 0.5504424778761062 0.049557522123893805 0.058997050147492625
0 0.5610619469026549 0.536283185840708 0.04247787610619469 0.03775811209439528
1 0.6811209439528023 0.5486725663716814 0.05014749262536873 0.04365781710914454
0 0.8430678466076696 0.5823008849557522 0.058997050147492625 0.05073746312684366
0 0.15781710914454278 0.6566371681415929 0.04660766961651917 0.04837758112094395
0 0.22772861356932153 0.6846607669616519 0.044837758112094395 0.07374631268436578
0 0.42979351032448376 0.7032448377581121 0.03716814159292035 0.10383480825958702
0 0.5587020648967551 0.6958702064896755 0.03775811209439528 0.04896755162241888
1 0.6619469026548672 0.7351032448377581 0.049557522123893805 0.03775811209439528
1 0.723598820058997 0.7238938053097345 0.047787610619469026 0.06725663716814159
0 0.18141592920353983 0.7899705014749262 0.04188790560471976 0.03185840707964602
0 0.37846607669616517 0.759882005899705 0.057227138643067846 0.05545722713864307
0 0.39764011799410026 0.8404129793510324 0.0471976401179941 0.06430678466076696
1 0.5790560471976401 0.8958702064896755 0.033628318584070796 0.038348082595870206
0 0.7410029498525074 0.8126843657817109 0.06017699115044248 0.043067846607669616
0 0.8601769911504424 0.8587020648967552 0.06253687315634218 0.03480825958702065
