0 0.13215339233038348 0.0935103244837758 0.04601769911504425 0.038348082595870206
0 0.2784660766961652 0.08613569321533923 0.03421828908554572 0.030678466076696165
0 0.34129793510324485 0.0967551622418879 0.032448377581120944 0.035398230088495575
0 0.5061946902654867 0.11858407079646018 0.027138643067846607 0.025958702064896755
0 0.7250737463126844 0.10029498525073746 0.03303834808259587 0.02831858407079646
0 0.8646017699115044 0.08643067846607669 0.04660766961651917 0.043067846607669616
0 0.14513274336283186 0.2533923303834808 0.06489675516224189 0.0359882005899705
0 0.2672566371681416 0.259882005899705 0.04129793510324484 0.0359882005899705
0 0.396165191740413 0.2510324483775811 0.05132743362831858 0.05604719764011799
0 0.5212389380530973 0.25781710914454276 0.057227138643067846 0.03657817109144543
0 0.7112094395280236 0.2415929203539823 0.04660766961651917 0.04542772861356932
0 0.8569321533923304 0.22212389380530972 0.047787610619469026 0.0808259587020649
0 0.12595870206489676 0.42094395280235986 0.061946902654867256 0.043067846607669616
0 0.28908554572271383 0.38259587020648966 0.06253687315634218 0.08200589970501475
0 0.4622418879056047 0.4088495575221239 0.0359882005899705 0.08023598820058997
0 0.564306784660767 0.4259587020648967 0.03480825958702065 0.0967551622418879
1 0.7020648967551623 0.4085545722713864 0.05191740412979351 0.04070796460176991
1 0.8466076696165191 0.4474926253687316 0.029498525073746312 0.038348082595870206
1 0.11740412979351032 0.5536873156342182 0.0471976401179941 0.033628318584070796
0 0.2584070796460177 0.5752212389380531 0.029498525073746312 0.03421828908554572
0 0.40176991150442476 0.5823008849557522 0.03893805309734513 0.0743362831858407
0 0.5622418879056047 0.536283185840708 0.0471976401179941 0.040117994100294985
1 0.679646017699115 0.5480825958702065 0.04601769911504425 0.04247787610619469
0 0.8513274336283185 0.5784660766961652 0.06017699115044248 0.06666666666666667
0 0.11976401179941003 0.6613569321533923 0.03303834808259587 0.05545722713864307
0 0.2628318584070796 0.6471976401179941 0.052507374631268436 0.07551622418879056
0 0.4303834808259587 0.7103244837758111 0.08436578171091445 0.054277286135693215
0 0.5764011799410029 0.6929203539823009 0.03185840707964602 0.04424778761061947
1 0.6690265486725664 0.6917404129793511 0.04365781710914454 0.03952802359882006
0 0.8374631268436578 0.6997050147492625 0.08436578171091445 0.06843657817109144
1 0.1056047197640118 0.8404129793510324 0.03893805309734513 0.043067846607669616
1 0.22654867256637168 0.891740412979351 0.07079646017699115 0.033628318584070796
0 0.3896755162241888 0.8327433628318583 0.04070796460176991 0.07256637168141593
0 0.5710914454277286 0.8997050147492626 0.03657817109144543 0.03893805309734513
0 0.6976401179941003 0.9041297935103245 0.04070796460176991 0.06430678466076696
0 0.8324483775811209 0.8769911504424779 0.06371681415929203 0.04542772861356932
