1 0.09911504424778761 0.14926253687315633 0.027138643067846607 0.025958702064896755
1 0.22005899705014748 0.1486725663716814 0.030678466076696165 0.015339233038348082
1 0.3646017699115044 0.1463126843657817 0.024778761061946902 0.027138643067846607
1 0.5253687315634218 0.1448377581120944 0.0359882005899705 0.02536873156342183
1 0.68023598820059 0.13569321533923304 0.03775811209439528 0.025958702064896755
1 0.8392330383480826 0.12300884955752212 0.03480825958702065 0.027728613569321534
1 0.09734513274336283 0.33716814159292036 0.030678466076696165 0.019469026548672566
1 0.21533923303834807 0.3303834808259587 0.03303834808259587 0.020058997050147492
1 0.37315634218289084 0.3247787610619469 0.032448377581120944 0.01710914454277286
1 0.515929203539823 0.35221238938053095 0.03126843657817109 0.01887905604719764
1 0.6784660766961652 0.3445427728613569 0.035398230088495575 0.024778761061946902
1 0.8424778761061946 0.3625368731563422 0.03893805309734513 0.02182890855457227
1 0.08849557522123894 0.47404129793510325 0.029498525073746312 0.023008849557522124
1 0.23628318584070795 0.4731563421828908 0.027728613569321534 0.020058997050147492
1 0.3811209439528024 0.5002949852507375 0.030678466076696165 0.02359882005899705
1 0.5353982300884955 0.5221238938053098 0.027728613569321534 0.01887905604719764
1 0.687905604719764 0.5135693215339233 0.03185840707964602 0.02182890855457227
1 0.8404129793510324 0.5165191740412979 0.033628318584070796 0.018289085545722714
1 0.0943952802359882 0.6182890855457227 0.029498525073746312 0.020058997050147492
1 0.24218289085545722 0.6194690265486725 0.02654867256637168 0.017699115044247787
1 0.38761061946902653 0.6383480825958702 0.03775811209439528 0.021238938053097345
1 0.5271386430678466 0.6265486725663717 0.03126843657817109 0.017699115044247787
1 0.687905604719764 0.6300884955752213 0.03185840707964602 0.020058997050147492
1 0.8480825958702065 0.6348082595870206 0.03008849557522124 0.017699115044247787
1 0.10353982300884956 0.7648967551622419 0.028908554572271386 0.018289085545722714
1 0.24365781710914453 0.7666666666666666 0.024778761061946902 0.01710914454277286
1 0.396165191740413 0.7678466076696165 0.033628318584070796 0.01710914454277286
1 0.551622418879056 0.7749262536873156 0.035398230088495575 0.018289085545722714
1 0.6985250737463127 0.7746312684365781 0.03303834808259587 0.022418879056047197
1 0.8498525073746312 0.7811209439528024 0.03126843657817109 0.030678466076696165
1 0.10353982300884956 0.9023598820058997 0.03126843657817109 0.02064896755162242
1 0.268141592920354 0.9029498525073746 0.03008849557522124 0.02182890855457227
0 0.40589970501474926 0.9135693215339233 0.030678466076696165 0.02536873156342183
1 0.5628318584070796 0.9141592920353983 0.025958702064896755 0.023008849557522124
0 0.7091445427728613 0.9153392330383481 0.02359882005899705 0.033628318584070796
1 0.8669616519174042 0.9017699115044248 0.02654867256637168 0.027728613569321534
