1 0.06283185840707964 0.1430678466076696 0.028908554572271386 0.018289085545722714
1 0.2383480825958702 0.1480825958702065 0.024778761061946902 0.022418879056047197
1 0.375811209439528 0.1433628318584071 0.030678466076696165 0.021238938053097345
1 0.5513274336283186 0.12418879056047197 0.03008849557522124 0.02536873156342183
1 0.7011799410029499 0.11769911504424779 0.03008849557522124 0.027728613569321534
1 0.8769911504424779 0.10914454277286136 0.028908554572271386 0.02359882005899705
1 0.07227138643067846 0.30117994100294987 0.03126843657817109 0.014749262536873156
1 0.243952802359882 0.29852507374631265 0.028908554572271386 0.022418879056047197
1 0.38613569321533925 0.30324483775811206 0.032448377581120944 0.02359882005899705
1 0.5436578171091445 0.3 0.038348082595870206 0.01710914454277286
1 0.6997050147492625 0.2814159292035398 0.03775811209439528 0.022418879056047197
1 0.8772861356932153 0.2775811209439528 0.03185840707964602 0.02182890855457227
1 0.06371681415929203 0.4510324483775811 0.030678466076696165 0.018289085545722714
1 0.2407079646017699 0.4471976401179941 0.03303834808259587 0.021238938053097345
1 0.3920353982300885 0.4471976401179941 0.03126843657817109 0.021238938053097345
1 0.5501474926253688 0.4433628318584071 0.027728613569321534 0.018289085545722714
1 0.7147492625368731 0.43952802359882004 0.03126843657817109 0.017699115044247787
1 0.8746312684365781 0.44011799410029495 0.033628318584070796 0.022418879056047197
1 0.06253687315634218 0.5976401179941003 0.030678466076696165 0.024778761061946902
1 0.25132743362831855 0.5882005899705015 0.03303834808259587 0.020058997050147492
1 0.39469026548672564 0.5784660766961652 0.03185840707964602 0.02064896755162242
1 0.5513274336283186 0.5784660766961652 0.032448377581120944 0.02064896755162242
1 0.7132743362831858 0.5796460176991151 0.03185840707964602 0.018289085545722714
1 0.875221238938053 0.5831858407079646 0.03008849557522124 0.02536873156342183
1 0.06519174041297934 0.7221238938053097 0.032448377581120944 0.022418879056047197
1 0.243952802359882 0.7200589970501475 0.03126843657817109 0.028908554572271386
1 0.3935103244837758 0.7067846607669617 0.03185840707964602 0.021238938053097345
1 0.5495575221238937 0.7026548672566372 0.03126843657817109 0.024778761061946902
1 0.7079646017699115 0.7002949852507374 0.03657817109144543 0.02359882005899705
1 0.8640117994100295 0.7067846607669617 0.02064896755162242 0.03421828908554572
1 0.0663716814159292 0.8336283185840708 0.0359882005899705 0.022418879056047197
1 0.23156342182890854 0.8336283185840708 0.032448377581120944 0.020058997050147492
1 0.4067846607669616 0.8315634218289085 0.03126843657817109 0.024188790560471976
1 0.552212389380531 0.8466076696165191 0.03421828908554572 0.022418879056047197
1 0.7227138643067846 0.8353982300884956 0.03185840707964602 0.02831858407079646
1 0.868141592920354 0.8705014749262536 0.02064896755162242 0.03008849557522124
