0 0.14041297935103245 0.1454277286135693 0.10265486725663717 0.11386430678466077
0 0.3058997050147493 0.1215339233038348 0.13628318584070798 0.14041297935103245
0 0.5138643067846608 0.11386430678466077 0.08377581120943953 0.1616519174041298
0 0.6610619469026549 0.12330383480825959 0.07374631268436578 0.21238938053097345
0 0.8743362831858407 0.08613569321533923 0.15339233038348082 0.10619469026548672
0 0.14896755162241887 0.31563421828908556 0.10088495575221239 0.05073746312684366
1 0.3064896755162242 0.2808259587020649 0.032448377581120944 0.04247787610619469
0 0.5265486725663717 0.28230088495575223 0.16106194690265485 0.05486725663716814
0 0.6182890855457227 0.2575221238938053 0.058997050147492625 0.07846607669616519
0 0.7852507374631268 0.24926253687315633 0.20176991150442478 0.07846607669616519
0 0.11415929203539824 0.5041297935103245 0.12448377581120944 0.0855457227138643
1 0.15575221238938053 0.4014749262536873 0.020058997050147492 0.04188790560471976
1 0.24631268436578171 0.5575221238938053 0.027728613569321534 0.03657817109144543
0 0.328023598820059 0.41563421828908553 0.1887905604719764 0.09026548672566372
0 0.4713864306784661 0.4174041297935103 0.05309734513274336 0.03952802359882006
0 0.4097345132743363 0.4654867256637168 0.05604719764011799 0.12389380530973451
0 0.6067846607669617 0.3973451327433628 0.09616519174041298 0.19882005899705013
0 0.7669616519174041 0.4103244837758112 0.07905604719764012 0.04542772861356932
0 0.10353982300884956 0.6389380530973451 0.10324483775811209 0.15811209439528023
1 0.24808259587020648 0.6784660766961652 0.033628318584070796 0.030678466076696165
0 0.4176991150442478 0.5442477876106194 0.09085545722713864 0.13864306784660768
1 0.5129793510324484 0.5185840707964602 0.04542772861356932 0.02831858407079646
0 0.6725663716814159 0.5616519174041298 0.03657817109144543 0.029498525073746312
0 0.7716814159292036 0.5533923303834808 0.08613569321533923 0.04129793510324484
0 0.38200589970501475 0.6604719764011799 0.047787610619469026 0.12684365781710916
0 0.5026548672566371 0.6371681415929203 0.18997050147492625 0.06253687315634218
0 0.6300884955752213 0.6914454277286135 0.10265486725663717 0.17935103244837758
0 0.752802359882006 0.7466076696165191 0.06135693215339233 0.16224188790560473
0 0.7480825958702064 0.6985250737463127 0.04837758112094395 0.03893805309734513
0 0.09941002949852507 0.7846607669616519 0.10324483775811209 0.1911504424778761
0 0.2 0.8002949852507375 0.08259587020648967 0.1504424778761062
1 0.32890855457227136 0.8070796460176991 0.03126843657817109 0.027138643067846607
0 0.46194690265486726 0.8097345132743363 0.02831858407079646 0.07964601769911504
0 0.5707964601769911 0.7964601769911505 0.09970501474926254 0.1215339233038348
