1 0.06342182890855458 0.14365781710914455 0.027728613569321534 0.012389380530973451
1 0.2424778761061947 0.1383480825958702 0.027138643067846607 0.01592920353982301
1 0.3769911504424779 0.14188790560471976 0.03303834808259587 0.018289085545722714
1 0.5504424778761062 0.12212389380530973 0.030678466076696165 0.020058997050147492
1 0.7023598820058997 0.1168141592920354 0.03008849557522124 0.024778761061946902
1 0.871976401179941 0.10383480825958702 0.02831858407079646 0.027138643067846607
1 0.07256637168141593 0.30117994100294987 0.035398230088495575 0.01710914454277286
1 0.24454277286135692 0.2994100294985251 0.03126843657817109 0.019469026548672566
1 0.38495575221238937 0.30442477876106194 0.03716814159292035 0.017699115044247787
1 0.5466076696165192 0.29970501474926253 0.0359882005899705 0.016519174041297935
1 0.6997050147492625 0.2843657817109144 0.035398230088495575 0.020058997050147492
1 0.8790560471976401 0.2775811209439528 0.03421828908554572 0.02064896755162242
1 0.06578171091445428 0.45191740412979353 0.032448377581120944 0.022418879056047197
1 0.24129793510324482 0.44778761061946903 0.03303834808259587 0.017699115044247787
1 0.39233038348082594 0.44483775811209436 0.03303834808259587 0.020058997050147492
1 0.5513274336283186 0.44188790560471974 0.028908554572271386 0.021238938053097345
1 0.7141592920353982 0.43952802359882004 0.03126843657817109 0.020058997050147492
1 0.8758112094395281 0.43952802359882004 0.033628318584070796 0.02359882005899705
1 0.06312684365781711 0.5994100294985251 0.027138643067846607 0.017699115044247787
1 0.25073746312684364 0.5893805309734513 0.030678466076696165 0.017699115044247787
1 0.3935103244837758 0.5793510324483776 0.030678466076696165 0.020058997050147492
1 0.5519174041297935 0.5784660766961652 0.033628318584070796 0.02182890855457227
1 0.7129793510324484 0.5769911504424778 0.032448377581120944 0.01887905604719764
1 0.8743362831858407 0.5820058997050147 0.027138643067846607 0.02536873156342183
1 0.06371681415929203 0.7182890855457227 0.03421828908554572 0.019469026548672566
1 0.2430678466076696 0.7168141592920354 0.03185840707964602 0.025958702064896755
1 0.3952802359882006 0.7073746312684366 0.03421828908554572 0.020058997050147492
1 0.5510324483775811 0.6982300884955752 0.03185840707964602 0.02536873156342183
1 0.7073746312684366 0.6997050147492625 0.03303834808259587 0.022418879056047197
1 0.8802359882005899 0.7129793510324484 0.03893805309734513 0.02182890855457227
1 0.06430678466076696 0.8339233038348083 0.03303834808259587 0.01710914454277286
1 0.24277286135693216 0.8421828908554572 0.038348082595870206 0.013569321533923304
1 0.396165191740413 0.8471976401179941 0.032448377581120944 0.01415929203539823
1 0.5545722713864307 0.8474926253687316 0.035398230088495575 0.01710914454277286
1 0.7233038348082595 0.8557522123893805 0.03185840707964602 0.02064896755162242
1 0.8817109144542773 0.8734513274336283 0.03008849557522124 0.024188790560471976
