0 0.12890855457227138 0.08171091445427728 0.1398230088495575 0.1056047197640118
0 0.22743362831858407 0.22005899705014748 0.16932153392330385 0.15339233038348082
0 0.3407079646017699 0.14365781710914455 0.05486725663716814 0.1846607669616519
0 0.4893805309734513 0.11976401179941003 0.0808259587020649 0.1415929203539823
0 0.6958702064896755 0.1135693215339233 0.12684365781710916 0.0831858407079646
0 0.8616519174041298 0.143952802359882 0.10206489675516224 0.10501474926253687
0 0.37905604719764013 0.24749262536873157 0.057227138643067846 0.09262536873156342
0 0.47463126843657816 0.2926253687315634 0.15752212389380532 0.03657817109144543
0 0.6905604719764011 0.28407079646017697 0.038348082595870206 0.04070796460176991
0 0.8486725663716814 0.31710914454277284 0.09262536873156342 0.04424778761061947
0 0.2327433628318584 0.415929203539823 0.07728613569321534 0.05191740412979351
0 0.39469026548672564 0.3949852507374631 0.0943952802359882 0.19646017699115043
0 0.5265486725663717 0.41976401179941003 0.05132743362831858 0.033628318584070796
0 0.8421828908554572 0.3985250737463127 0.018289085545722714 0.04070796460176991
0 0.668141592920354 0.4144542772861357 0.1976401179941003 0.09144542772861357
0 0.5887905604719764 0.46814159292035395 0.05781710914454277 0.13392330383480827
0 0.23097345132743363 0.5510324483775811 0.09380530973451327 0.04247787610619469
1 0.32595870206489674 0.5575221238938053 0.038348082595870206 0.021238938053097345
1 0.48584070796460177 0.5182890855457227 0.04070796460176991 0.02654867256637168
0 0.7454277286135693 0.5622418879056047 0.04070796460176991 0.035398230088495575
0 0.8778761061946903 0.5073746312684366 0.11445427728613569 0.08259587020648967
0 0.5796460176991151 0.5424778761061947 0.08908554572271386 0.1398230088495575
0 0.25663716814159293 0.7 0.04837758112094395 0.04070796460176991
0 0.27079646017699116 0.7463126843657817 0.08023598820058997 0.16755162241887905
0 0.356047197640118 0.715929203539823 0.07256637168141593 0.11268436578171091
0 0.48525073746312686 0.6368731563421829 0.17876106194690267 0.05958702064896755
0 0.6182890855457227 0.6814159292035398 0.058997050147492625 0.08849557522123894
0 0.4265486725663717 0.791740412979351 0.10737463126843658 0.12979351032448377
0 0.5368731563421829 0.8067846607669616 0.03303834808259587 0.07846607669616519
1 0.7501474926253687 0.6793510324483776 0.028908554572271386 0.03126843657817109
1 0.6710914454277286 0.8061946902654867 0.03008849557522124 0.027728613569321534
0 0.7908554572271387 0.8244837758112095 0.07374631268436578 0.1351032448377581
0 0.9008849557522124 0.6262536873156342 0.09911504424778761 0.12212389380530973
0 0.8929203539823009 0.7787610619469026 0.09734513274336283 0.17581120943952802
