1 0.06047197640117994 0.14837758112094396 0.028908554572271386 0.018289085545722714
1 0.1831858407079646 0.18849557522123894 0.03008849557522124 0.0359882005899705
1 0.36666666666666664 0.16283185840707964 0.027728613569321534 0.04247787610619469
1 0.5203539823008849 0.13657817109144543 0.03185840707964602 0.019469026548672566
1 0.6982300884955752 0.11887905604719765 0.03126843657817109 0.02654867256637168
0 0.8545722713864307 0.09085545722713864 0.032448377581120944 0.029498525073746312
0 0.0663716814159292 0.3088495575221239 0.02536873156342183 0.023008849557522124
0 0.22507374631268437 0.32654867256637166 0.024188790560471976 0.032448377581120944
0 0.3746312684365782 0.3433628318584071 0.03421828908554572 0.03185840707964602
1 0.5430678466076696 0.2861356932153392 0.038348082595870206 0.029498525073746312
0 0.6678466076696166 0.3047197640117994 0.02359882005899705 0.04188790560471976
0 0.8725663716814159 0.30619469026548674 0.035398230088495575 0.027138643067846607
1 0.06224188790560472 0.45781710914454277 0.027728613569321534 0.025958702064896755
0 0.23303834808259588 0.4368731563421829 0.02359882005899705 0.03716814159292035
0 0.37079646017699114 0.4625368731563422 0.023008849557522124 0.040117994100294985
1 0.5480825958702065 0.4433628318584071 0.029498525073746312 0.02064896755162242
1 0.712094395280236 0.4374631268436578 0.03185840707964602 0.02182890855457227
0 0.8622418879056047 0.46519174041297934 0.028908554572271386 0.03480825958702065
1 0.0584070796460177 0.5935103244837758 0.030678466076696165 0.035398230088495575
1 0.24955752212389382 0.5896755162241888 0.02831858407079646 0.024188790560471976
1 0.39321533923303836 0.5817109144542773 0.03008849557522124 0.017699115044247787
1 0.5501474926253688 0.5784660766961652 0.028908554572271386 0.02182890855457227
0 0.7085545722713864 0.5976401179941003 0.03185840707964602 0.03893805309734513
0 0.8584070796460177 0.5601769911504425 0.03303834808259587 0.04070796460176991
0 0.07758112094395281 0.7026548672566372 0.03716814159292035 0.03303834808259587
0 0.25899705014749264 0.696165191740413 0.035398230088495575 0.024778761061946902
1 0.3979351032448378 0.7386430678466076 0.032448377581120944 0.02831858407079646
0 0.556047197640118 0.6672566371681415 0.033628318584070796 0.03303834808259587
1 0.7070796460176991 0.6991150442477876 0.03126843657817109 0.02359882005899705
1 0.8646017699115044 0.7053097345132743 0.02064896755162242 0.032448377581120944
0 0.06666666666666667 0.8348082595870207 0.025958702064896755 0.040117994100294985
0 0.2569321533923304 0.823598820058997 0.038348082595870206 0.03657817109144543
0 0.4112094395280236 0.8103244837758112 0.03303834808259587 0.03480825958702065
0 0.5471976401179941 0.8654867256637168 0.032448377581120944 0.044837758112094395
0 0.6958702064896755 0.859882005899705 0.024188790560471976 0.04070796460176991
0 0.8893805309734513 0.8755162241887906 0.027728613569321534 0.03421828908554572
