1 0.06342182890855458 0.143952802359882 0.028908554572271386 0.016519174041297935
1 0.23864306784660766 0.14926253687315633 0.02654867256637168 0.024778761061946902
1 0.3775811209439528 0.1433628318584071 0.03421828908554572 0.02359882005899705
1 0.5495575221238937 0.12389380530973451 0.033628318584070796 0.02359882005899705
1 0.7041297935103245 0.11740412979351032 0.033628318584070796 0.024778761061946902
1 0.8778761061946903 0.10973451327433628 0.030678466076696165 0.022418879056047197
1 0.0710914454277286 0.3017699115044248 0.033628318584070796 0.013569321533923304
1 0.24454277286135692 0.29852507374631265 0.03008849557522124 0.022418879056047197
1 0.384070796460177 0.30265486725663715 0.03421828908554572 0.022418879056047197
1 0.5469026548672566 0.3 0.04129793510324484 0.02182890855457227
1 0.7005899705014749 0.2831858407079646 0.04188790560471976 0.02359882005899705
1 0.8787610619469026 0.27699115044247785 0.03952802359882006 0.02064896755162242
1 0.06401179941002949 0.4504424778761062 0.027728613569321534 0.01710914454277286
1 0.2407079646017699 0.4471976401179941 0.027138643067846607 0.021238938053097345
1 0.39144542772861357 0.44660766961651915 0.032448377581120944 0.022418879056047197
1 0.5525073746312684 0.4407079646017699 0.03008849557522124 0.021238938053097345
1 0.7147492625368731 0.4398230088495575 0.03952802359882006 0.018289085545722714
1 0.8749262536873156 0.4398230088495575 0.03421828908554572 0.018289085545722714
1 0.06371681415929203 0.5976401179941003 0.030678466076696165 0.022418879056047197
1 0.24926253687315633 0.5893805309734513 0.03126843657817109 0.022418879056047197
1 0.3958702064896755 0.5790560471976401 0.03421828908554572 0.019469026548672566
1 0.5528023598820059 0.5790560471976401 0.030678466076696165 0.02182890855457227
1 0.7141592920353982 0.5784660766961652 0.04070796460176991 0.018289085545722714
1 0.8728613569321534 0.5831858407079646 0.03008849557522124 0.02536873156342183
1 0.06371681415929203 0.7227138643067846 0.03303834808259587 0.02359882005899705
1 0.24277286135693216 0.7182890855457227 0.03126843657817109 0.027728613569321534
1 0.3920353982300885 0.708259587020649 0.03126843657817109 0.023008849557522124
1 0.5513274336283186 0.7005899705014749 0.03008849557522124 0.018289085545722714
1 0.7094395280235988 0.7008849557522123 0.03126843657817109 0.024778761061946902
1 0.8648967551622418 0.703834808259587 0.020058997050147492 0.035398230088495575
1 0.06578171091445428 0.8348082595870207 0.03126843657817109 0.016519174041297935
1 0.23303834808259588 0.8345132743362832 0.035398230088495575 0.01710914454277286
1 0.40766961651917405 0.8312684365781711 0.03657817109144543 0.02359882005899705
1 0.551622418879056 0.8480825958702065 0.03303834808259587 0.019469026548672566
1 0.7241887905604719 0.8362831858407079 0.028908554572271386 0.03008849557522124
1 0.868141592920354 0.868141592920354 0.024188790560471976 0.03716814159292035
