1 0.13097345132743363 0.09321533923303835 0.0471976401179941 0.044837758112094395
0 0.27640117994100294 0.08613569321533923 0.03716814159292035 0.03185840707964602
0 0.3392330383480826 0.09498525073746313 0.035398230088495575 0.030678466076696165
0 0.5058997050147492 0.1182890855457227 0.03126843657817109 0.027728613569321534
0 0.7247787610619469 0.10265486725663717 0.032448377581120944 0.03185840707964602
0 0.8648967551622418 0.08407079646017698 0.05073746312684366 0.03952802359882006
0 0.1463126843657817 0.25398230088495577 0.06607669616519174 0.0359882005899705
0 0.2657817109144543 0.26017699115044246 0.04070796460176991 0.03775811209439528
0 0.3958702064896755 0.2519174041297935 0.058997050147492625 0.058997050147492625
1 0.5215339233038347 0.26017699115044246 0.05663716814159292 0.03775811209439528
1 0.7088495575221239 0.240117994100295 0.05368731563421829 0.044837758112094395
0 0.8587020648967552 0.2144542772861357 0.05132743362831858 0.06548672566371681
0 0.12654867256637167 0.42035398230088494 0.06902654867256637 0.04660766961651917
0 0.29380530973451324 0.3855457227138643 0.06725663716814159 0.07374631268436578
0 0.46135693215339235 0.4088495575221239 0.03893805309734513 0.08259587020648967
0 0.5660766961651917 0.42625368731563423 0.03716814159292035 0.10088495575221239
1 0.7032448377581121 0.4085545722713864 0.06135693215339233 0.043067846607669616
1 0.8463126843657817 0.44778761061946903 0.03480825958702065 0.035398230088495575
1 0.11740412979351032 0.5548672566371682 0.05191740412979351 0.04188790560471976
1 0.2604719764011799 0.5764011799410029 0.03126843657817109 0.035398230088495575
0 0.4020648967551622 0.5814159292035398 0.04070796460176991 0.07846607669616519
0 0.5607669616519174 0.536283185840708 0.04542772861356932 0.040117994100294985
1 0.6808259587020649 0.5474926253687316 0.05073746312684366 0.04837758112094395
0 0.852212389380531 0.5778761061946902 0.06548672566371681 0.07020648967551622
0 0.11769911504424779 0.6604719764011799 0.032448377581120944 0.057227138643067846
0 0.2607669616519174 0.6483775811209439 0.054277286135693215 0.08023598820058997
0 0.4342182890855457 0.7100294985250737 0.09085545722713864 0.05604719764011799
0 0.575811209439528 0.6926253687315634 0.03657817109144543 0.05309734513274336
1 0.6705014749262537 0.6917404129793511 0.052507374631268436 0.03716814159292035
0 0.8389380530973451 0.7 0.08849557522123894 0.06902654867256637
1 0.10648967551622418 0.8415929203539823 0.03716814159292035 0.038348082595870206
1 0.22743362831858407 0.8926253687315634 0.06784660766961652 0.03303834808259587
0 0.3905604719764012 0.8330383480825958 0.04129793510324484 0.07551622418879056
1 0.5713864306784661 0.9 0.0359882005899705 0.03716814159292035
0 0.6973451327433628 0.904424778761062 0.040117994100294985 0.06607669616519174
0 0.8315634218289085 0.8787610619469026 0.06666666666666667 0.04424778761061947
