0 0.1215339233038348 0.13126843657817108 0.06725663716814159 0.03952802359882006
1 0.2790560471976401 0.09616519174041298 0.035398230088495575 0.03421828908554572
0 0.3501474926253687 0.1631268436578171 0.033628318584070796 0.028908554572271386
0 0.5056047197640118 0.13392330383480827 0.03775811209439528 0.025958702064896755
0 0.7200589970501475 0.15663716814159293 0.03716814159292035 0.04188790560471976
0 0.8542772861356932 0.1457227138643068 0.054277286135693215 0.03421828908554572
0 0.15191740412979352 0.2383480825958702 0.05132743362831858 0.04837758112094395
0 0.2687315634218289 0.26843657817109146 0.03952802359882006 0.035398230088495575
1 0.51976401179941 0.25781710914454276 0.058997050147492625 0.03303834808259587
0 0.7067846607669617 0.2935103244837758 0.06017699115044248 0.043067846607669616
0 0.8 0.27640117994100294 0.08141592920353982 0.05604719764011799
0 0.16696165191740414 0.38348082595870203 0.06843657817109144 0.054277286135693215
0 0.2926253687315634 0.3696165191740413 0.07551622418879056 0.05132743362831858
0 0.39557522123893807 0.32123893805309733 0.06902654867256637 0.05604719764011799
0 0.47079646017699117 0.3710914454277286 0.04247787610619469 0.08141592920353982
0 0.5949852507374631 0.40825958702064896 0.0808259587020649 0.08377581120943953
0 0.7091445427728613 0.412094395280236 0.049557522123893805 0.047787610619469026
0 0.8575221238938053 0.43333333333333335 0.033628318584070796 0.04070796460176991
1 0.1374631268436578 0.5 0.035398230088495575 0.04424778761061947
0 0.29233038348082596 0.5265486725663717 0.052507374631268436 0.043067846607669616
0 0.4079646017699115 0.5510324483775811 0.052507374631268436 0.06253687315634218
0 0.5587020648967551 0.5365781710914455 0.05309734513274336 0.03716814159292035
1 0.6820058997050147 0.547787610619469 0.05545722713864307 0.05132743362831858
0 0.8359882005899705 0.5823008849557522 0.05309734513274336 0.05781710914454277
0 0.15486725663716813 0.6563421828908554 0.04424778761061947 0.05368731563421829
0 0.22625368731563422 0.6849557522123894 0.047787610619469026 0.07787610619469026
0 0.42920353982300885 0.7050147492625368 0.04188790560471976 0.11091445427728613
0 0.5572271386430678 0.6958702064896755 0.04424778761061947 0.05604719764011799
1 0.6628318584070796 0.7353982300884956 0.05604719764011799 0.04070796460176991
1 0.7238938053097345 0.7253687315634219 0.049557522123893805 0.07020648967551622
0 0.1799410029498525 0.7887905604719764 0.044837758112094395 0.035398230088495575
1 0.37669616519174043 0.759882005899705 0.06312684365781711 0.06135693215339233
0 0.396165191740413 0.8407079646017699 0.05014749262536873 0.06843657817109144
0 0.5790560471976401 0.8958702064896755 0.0359882005899705 0.03716814159292035
0 0.7421828908554572 0.8144542772861357 0.06607669616519174 0.04660766961651917
0 0.8581120943952802 0.8587020648967552 0.06430678466076696 0.03952802359882006
