1 0.10884955752212389 0.10324483775811209 0.03952802359882006 0.017699115044247787
1 0.25398230088495577 0.10324483775811209 0.038348082595870206 0.017699115044247787
1 0.396165191740413 0.10707964601769912 0.03716814159292035 0.02182890855457227
1 0.5421828908554572 0.10707964601769912 0.03303834808259587 0.019469026548672566
1 0.7109144542772862 0.11622418879056047 0.03421828908554572 0.027138643067846607
1 0.8578171091445428 0.12448377581120944 0.03657817109144543 0.022418879056047197
1 0.12094395280235988 0.22861356932153393 0.03185840707964602 0.02064896755162242
1 0.243952802359882 0.22979351032448378 0.02654867256637168 0.01592920353982301
1 0.3935103244837758 0.22831858407079647 0.03185840707964602 0.021238938053097345
1 0.5424778761061947 0.2312684365781711 0.038348082595870206 0.021238938053097345
1 0.7029498525073746 0.2271386430678466 0.03716814159292035 0.021238938053097345
1 0.8589970501474926 0.23480825958702065 0.03421828908554572 0.02359882005899705
1 0.12330383480825959 0.3687315634218289 0.03185840707964602 0.02359882005899705
1 0.23480825958702065 0.36106194690265486 0.03893805309734513 0.021238938053097345
1 0.3705014749262537 0.36991150442477877 0.03775811209439528 0.021238938053097345
1 0.5457227138643068 0.36991150442477877 0.03421828908554572 0.021238938053097345
1 0.6902654867256637 0.3646017699115044 0.035398230088495575 0.02359882005899705
1 0.8660766961651918 0.37610619469026546 0.040117994100294985 0.019469026548672566
1 0.1200589970501475 0.528023598820059 0.02536873156342183 0.029498525073746312
1 0.23539823008849559 0.5262536873156343 0.03775811209439528 0.021238938053097345
1 0.3705014749262537 0.5056047197640118 0.035398230088495575 0.024778761061946902
1 0.5474926253687316 0.49852507374631266 0.035398230088495575 0.025958702064896755
1 0.6976401179941003 0.49380530973451325 0.03716814159292035 0.022418879056047197
1 0.8557522123893805 0.4902654867256637 0.038348082595870206 0.022418879056047197
1 0.1135693215339233 0.6607669616519174 0.0359882005899705 0.02359882005899705
1 0.23097345132743363 0.6678466076696166 0.033628318584070796 0.021238938053097345
1 0.3654867256637168 0.6648967551622419 0.038348082595870206 0.025958702064896755
1 0.528023598820059 0.6610619469026549 0.03303834808259587 0.02064896755162242
1 0.6908554572271386 0.6616519174041298 0.03657817109144543 0.02182890855457227
1 0.8530973451327434 0.6610619469026549 0.040117994100294985 0.023008849557522124
1 0.12212389380530973 0.8106194690265487 0.03421828908554572 0.021238938053097345
1 0.23539823008849559 0.8103244837758112 0.035398230088495575 0.018289085545722714
1 0.371976401179941 0.815929203539823 0.04070796460176991 0.021238938053097345
1 0.5138643067846608 0.8153392330383481 0.03421828908554572 0.022418879056047197
1 0.6917404129793511 0.803834808259587 0.03480825958702065 0.018289085545722714
1 0.8501474926253687 0.812094395280236 0.035398230088495575 0.018289085545722714
