0 0.15427728613569322 0.18141592920353983 0.05958702064896755 0.06312684365781711
0 0.2958702064896755 0.1640117994100295 0.08200589970501475 0.06843657817109144
0 0.49380530973451325 0.22772861356932153 0.06135693215339233 0.06371681415929203
0 0.6309734513274337 0.21769911504424777 0.03952802359882006 0.08377581120943953
0 0.7914454277286136 0.1616519174041298 0.06430678466076696 0.10501474926253687
0 0.8648967551622418 0.1943952802359882 0.08023598820058997 0.047787610619469026
0 0.1486725663716814 0.36755162241887906 0.0471976401179941 0.05781710914454277
0 0.31946902654867254 0.37551622418879055 0.05368731563421829 0.052507374631268436
0 0.504424778761062 0.39764011799410026 0.04837758112094395 0.06253687315634218
0 0.6371681415929203 0.3041297935103245 0.07315634218289085 0.06430678466076696
0 0.7778761061946903 0.307669616519174 0.05486725663716814 0.09852507374631268
0 0.8890855457227138 0.34690265486725663 0.05309734513274336 0.15339233038348082
0 0.15457227138643068 0.48672566371681414 0.0471976401179941 0.08141592920353982
0 0.307669616519174 0.4849557522123894 0.038348082595870206 0.09321533923303835
0 0.4687315634218289 0.5303834808259587 0.061946902654867256 0.071976401179941
0 0.6392330383480825 0.5336283185840708 0.05132743362831858 0.052507374631268436
0 0.779646017699115 0.4492625368731563 0.06902654867256637 0.11386430678466077
0 0.8669616519174042 0.4678466076696165 0.07846607669616519 0.08259587020648967
0 0.13716814159292035 0.6171091445427729 0.043067846607669616 0.05663716814159292
0 0.3100294985250737 0.6315634218289086 0.05368731563421829 0.05368731563421829
0 0.4551622418879056 0.668141592920354 0.07374631268436578 0.05132743362831858
0 0.6380530973451327 0.6300884955752213 0.061946902654867256 0.10855457227138643
0 0.7873156342182891 0.6920353982300885 0.05604719764011799 0.1168141592920354
0 0.8740412979351032 0.6805309734513274 0.05132743362831858 0.06312684365781711
0 0.13716814159292035 0.771976401179941 0.06430678466076696 0.06902654867256637
0 0.3005899705014749 0.7778761061946903 0.06548672566371681 0.05486725663716814
0 0.4749262536873156 0.7380530973451327 0.08141592920353982 0.058997050147492625
0 0.6528023598820059 0.8224188790560472 0.12330383480825959 0.05545722713864307
0 0.8817109144542773 0.764306784660767 0.06666666666666667 0.07728613569321534
0 0.751622418879056 0.8132743362831858 0.06017699115044248 0.052507374631268436
0 0.14601769911504425 0.8985250737463126 0.04188790560471976 0.03421828908554572
0 0.3286135693215339 0.9430678466076696 0.1191740412979351 0.057227138643067846
0 0.463716814159292 0.8808259587020649 0.030678466076696165 0.03303834808259587
0 0.5932153392330384 0.940117994100295 0.05368731563421829 0.06312684365781711
0 0.7448377581120944 0.9418879056047198 0.07610619469026549 0.03952802359882006
0 0.8790560471976401 0.9430678466076696 0.058997050147492625 0.10442477876106195
