0 0.15339233038348082 0.18259587020648968 0.06017699115044248 0.0607669616519174
0 0.296165191740413 0.1616519174041298 0.08259587020648967 0.06607669616519174
0 0.4946902654867257 0.2271386430678466 0.06312684365781711 0.06489675516224189
0 0.6315634218289086 0.21533923303834807 0.038348082595870206 0.08849557522123894
0 0.7861356932153393 0.16607669616519175 0.06430678466076696 0.09616519174041298
0 0.8643067846607669 0.1926253687315634 0.08377581120943953 0.05132743362831858
0 0.15014749262536872 0.36755162241887906 0.038348082595870206 0.05781710914454277
0 0.3206489675516224 0.37315634218289084 0.05368731563421829 0.05132743362831858
0 0.5023598820058996 0.39941002949852505 0.04660766961651917 0.06135693215339233
0 0.6309734513274337 0.2920353982300885 0.07846607669616519 0.09085545722713864
0 0.7843657817109144 0.3058997050147493 0.05486725663716814 0.09970501474926254
0 0.8893805309734513 0.3383480825958702 0.043067846607669616 0.15634218289085544
0 0.15250737463126843 0.48672566371681414 0.04188790560471976 0.08377581120943953
0 0.3070796460176991 0.48348082595870207 0.03126843657817109 0.09616519174041298
0 0.47079646017699117 0.5286135693215339 0.05781710914454277 0.07315634218289085
0 0.7775811209439528 0.4492625368731563 0.05781710914454277 0.11150442477876106
0 0.640117994100295 0.5312684365781711 0.05545722713864307 0.0607669616519174
0 0.8675516224188791 0.4663716814159292 0.06902654867256637 0.07964601769911504
0 0.1351032448377581 0.6147492625368731 0.03657817109144543 0.058997050147492625
0 0.3094395280235988 0.6292035398230088 0.05014749262536873 0.05368731563421829
0 0.4551622418879056 0.6696165191740413 0.07138643067846608 0.05309734513274336
0 0.6371681415929203 0.6312684365781711 0.05781710914454277 0.10619469026548672
0 0.7867256637168142 0.6926253687315634 0.05486725663716814 0.12271386430678466
0 0.8725663716814159 0.6834808259587021 0.04365781710914454 0.06548672566371681
0 0.14188790560471976 0.7752212389380531 0.057227138643067846 0.06843657817109144
0 0.3023598820058997 0.7784660766961652 0.06666666666666667 0.04896755162241888
0 0.4755162241887906 0.7371681415929203 0.0743362831858407 0.05486725663716814
0 0.644542772861357 0.820353982300885 0.1303834808259587 0.04542772861356932
0 0.7533923303834809 0.8144542772861357 0.05309734513274336 0.04660766961651917
0 0.8784660766961652 0.7607669616519174 0.06253687315634218 0.07610619469026549
0 0.14660766961651917 0.8970501474926253 0.04070796460176991 0.03952802359882006
0 0.3286135693215339 0.9457227138643067 0.1191740412979351 0.044837758112094395
0 0.4648967551622419 0.8805309734513275 0.030678466076696165 0.038348082595870206
0 0.5946902654867257 0.9306784660766961 0.04837758112094395 0.05604719764011799
0 0.7436578171091446 0.9430678466076696 0.06548672566371681 0.04188790560471976
0 0.8811209439528024 0.9389380530973451 0.057227138643067846 0.09734513274336283
