1 0.1528023598820059 0.12094395280235988 0.035398230088495575 0.017699115044247787
1 0.308259587020649 0.1457227138643068 0.02064896755162242 0.03657817109144543
1 0.4616519174041298 0.1454277286135693 0.033628318584070796 0.019469026548672566
1 0.6147492625368731 0.14513274336283186 0.02359882005899705 0.030678466076696165
1 0.7696165191740413 0.14660766961651917 0.02654867256637168 0.019469026548672566
1 0.8982300884955752 0.12625368731563422 0.02654867256637168 0.02831858407079646
1 0.15693215339233038 0.36224188790560474 0.03303834808259587 0.021238938053097345
1 0.3182890855457227 0.34572271386430675 0.032448377581120944 0.022418879056047197
1 0.4814159292035398 0.35103244837758113 0.03657817109144543 0.022418879056047197
1 0.6241887905604719 0.32418879056047195 0.03421828908554572 0.018289085545722714
1 0.784070796460177 0.3292035398230089 0.03185840707964602 0.021238938053097345
1 0.9014749262536873 0.33480825958702065 0.030678466076696165 0.02064896755162242
1 0.15988200589970503 0.5144542772861357 0.03421828908554572 0.021238938053097345
1 0.31209439528023597 0.5123893805309735 0.03421828908554572 0.02182890855457227
1 0.45958702064896756 0.5209439528023598 0.03775811209439528 0.02359882005899705
1 0.6171091445427729 0.5014749262536873 0.03303834808259587 0.02359882005899705
1 0.7631268436578171 0.4731563421828908 0.03126843657817109 0.022418879056047197
1 0.9100294985250738 0.4755162241887906 0.02654867256637168 0.022418879056047197
1 0.1528023598820059 0.6324483775811209 0.03775811209439528 0.021238938053097345
1 0.3126843657817109 0.6297935103244837 0.03303834808259587 0.02064896755162242
1 0.47227138643067845 0.6241887905604719 0.033628318584070796 0.021238938053097345
1 0.6135693215339233 0.6374631268436578 0.03657817109144543 0.02064896755162242
1 0.7581120943952803 0.6262536873156342 0.03185840707964602 0.019469026548672566
1 0.9041297935103245 0.6171091445427729 0.032448377581120944 0.022418879056047197
1 0.14660766961651917 0.7817109144542773 0.03008849557522124 0.03421828908554572
1 0.2926253687315634 0.7752212389380531 0.03421828908554572 0.02359882005899705
1 0.4498525073746313 0.772566371681416 0.033628318584070796 0.018289085545722714
1 0.6023598820058997 0.7657817109144542 0.035398230088495575 0.02359882005899705
1 0.7533923303834809 0.7651917404129793 0.03303834808259587 0.020058997050147492
1 0.8955752212389381 0.764306784660767 0.03421828908554572 0.01710914454277286
1 0.13215339233038348 0.9058997050147493 0.035398230088495575 0.01710914454277286
1 0.2896755162241888 0.9153392330383481 0.03421828908554572 0.028908554572271386
1 0.4359882005899705 0.9141592920353983 0.035398230088495575 0.023008849557522124
1 0.5908554572271386 0.911504424778761 0.03480825958702065 0.02359882005899705
1 0.7339233038348083 0.9008849557522124 0.03303834808259587 0.021238938053097345
1 0.8935103244837758 0.9011799410029498 0.03008849557522124 0.02064896755162242
