1 0.06371681415929203 0.14454277286135692 0.03303834808259587 0.01887905604719764
1 0.24100294985250736 0.1374631268436578 0.03008849557522124 0.020058997050147492
1 0.3769911504424779 0.1410029498525074 0.03303834808259587 0.022418879056047197
1 0.5507374631268437 0.12271386430678466 0.033628318584070796 0.022418879056047197
1 0.7023598820058997 0.11740412979351032 0.03008849557522124 0.024778761061946902
1 0.8707964601769911 0.10383480825958702 0.02831858407079646 0.02831858407079646
1 0.071976401179941 0.3005899705014749 0.035398230088495575 0.018289085545722714
1 0.24454277286135692 0.2991150442477876 0.03008849557522124 0.021238938053097345
1 0.38761061946902653 0.3029498525073746 0.035398230088495575 0.018289085545722714
1 0.5480825958702065 0.29882005899705016 0.03893805309734513 0.019469026548672566
1 0.7002949852507374 0.28289085545722714 0.03185840707964602 0.02182890855457227
1 0.8784660766961652 0.27640117994100294 0.03657817109144543 0.02182890855457227
1 0.06578171091445428 0.45132743362831856 0.028908554572271386 0.01887905604719764
1 0.24188790560471976 0.4471976401179941 0.03303834808259587 0.021238938053097345
1 0.39085545722713866 0.44542772861356933 0.03716814159292035 0.020058997050147492
1 0.5533923303834808 0.44277286135693217 0.03421828908554572 0.02182890855457227
1 0.7162241887905605 0.43864306784660767 0.03421828908554572 0.019469026548672566
1 0.8758112094395281 0.4407079646017699 0.03952802359882006 0.021238938053097345
1 0.06371681415929203 0.5994100294985251 0.030678466076696165 0.021238938053097345
1 0.2504424778761062 0.5876106194690265 0.03126843657817109 0.01887905604719764
1 0.3958702064896755 0.5784660766961652 0.03657817109144543 0.02064896755162242
1 0.552212389380531 0.5772861356932153 0.03185840707964602 0.02064896755162242
1 0.7132743362831858 0.5784660766961652 0.03185840707964602 0.018289085545722714
1 0.8734513274336283 0.5814159292035398 0.03126843657817109 0.028908554572271386
1 0.06371681415929203 0.7212389380530974 0.035398230088495575 0.018289085545722714
1 0.243952802359882 0.7185840707964601 0.033628318584070796 0.021238938053097345
1 0.39469026548672564 0.707669616519174 0.03185840707964602 0.02182890855457227
1 0.552212389380531 0.6991150442477876 0.03421828908554572 0.02359882005899705
1 0.7079646017699115 0.6997050147492625 0.03657817109144543 0.022418879056047197
1 0.8793510324483775 0.7135693215339233 0.038348082595870206 0.02064896755162242
1 0.06548672566371681 0.8348082595870207 0.03421828908554572 0.017699115044247787
1 0.24188790560471976 0.8421828908554572 0.035398230088495575 0.02064896755162242
1 0.3958702064896755 0.8480825958702065 0.03421828908554572 0.019469026548672566
1 0.5548672566371682 0.8474926253687316 0.033628318584070796 0.018289085545722714
1 0.7224188790560472 0.8563421828908554 0.03126843657817109 0.02064896755162242
1 0.8811209439528024 0.8740412979351032 0.028908554572271386 0.02536873156342183
