0 0.18289085545722714 0.20294985250737463 0.13215339233038348 0.071976401179941
0 0.3292035398230089 0.17345132743362832 0.0920353982300885 0.12035398230088495
0 0.2640117994100295 0.25781710914454276 0.12330383480825959 0.06135693215339233
0 0.707669616519174 0.10648967551622418 0.10914454277286136 0.13864306784660768
0 0.5297935103244837 0.15368731563421828 0.143952802359882 0.06548672566371681
0 0.6772861356932154 0.1823008849557522 0.12979351032448377 0.0471976401179941
0 0.7539823008849558 0.25073746312684364 0.07079646017699115 0.10973451327433628
0 0.15604719764011798 0.347787610619469 0.07610619469026549 0.06548672566371681
0 0.3088495575221239 0.3687315634218289 0.08790560471976401 0.19469026548672566
0 0.5230088495575221 0.279646017699115 0.15988200589970503 0.05191740412979351
0 0.6542772861356932 0.28230088495575223 0.1415929203539823 0.13864306784660768
0 0.7383480825958701 0.35339233038348083 0.07846607669616519 0.04601769911504425
0 0.6053097345132743 0.3967551622418879 0.09557522123893805 0.1952802359882006
1 0.07640117994100296 0.4946902654867257 0.028908554572271386 0.02064896755162242
0 0.41563421828908553 0.4421828908554572 0.11504424778761062 0.09380530973451327
0 0.4230088495575221 0.45132743362831856 0.07669616519174041 0.09911504424778761
0 0.463716814159292 0.431858407079646 0.0743362831858407 0.03421828908554572
0 0.5058997050147492 0.484070796460177 0.11150442477876106 0.10442477876106195
0 0.668141592920354 0.5191740412979351 0.03008849557522124 0.058997050147492625
0 0.17374631268436577 0.587905604719764 0.07728613569321534 0.11268436578171091
0 0.2861356932153392 0.5663716814159292 0.10265486725663717 0.1887905604719764
0 0.3870206489675516 0.664306784660767 0.05545722713864307 0.12979351032448377
0 0.536283185840708 0.5905604719764012 0.15221238938053097 0.10737463126843658
0 0.5920353982300884 0.6348082595870206 0.17404129793510326 0.06843657817109144
0 0.7179941002949852 0.5976401179941003 0.03303834808259587 0.058997050147492625
0 0.7436578171091446 0.671386430678466 0.10206489675516224 0.08377581120943953
0 0.1168141592920354 0.6533923303834808 0.10501474926253687 0.19410029498525072
0 0.1327433628318584 0.8200589970501475 0.12035398230088495 0.15339233038348082
0 0.26312684365781713 0.6938053097345133 0.08495575221238938 0.09911504424778761
0 0.2604719764011799 0.7896755162241887 0.07728613569321534 0.12802359882005898
1 0.32772861356932154 0.8058997050147493 0.03126843657817109 0.024778761061946902
0 0.46106194690265484 0.8064896755162242 0.03480825958702065 0.07905604719764012
0 0.5994100294985251 0.799410029498525 0.15457227138643068 0.11091445427728613
0 0.6578171091445427 0.8218289085545722 0.08259587020648967 0.1616519174041298
