0 0.10176991150442477 0.11887905604719765 0.038348082595870206 0.032448377581120944
0 0.20471976401179942 0.1584070796460177 0.07551622418879056 0.11150442477876106
0 0.35339233038348083 0.11032448377581121 0.04601769911504425 0.0471976401179941
0 0.4814159292035398 0.13716814159292035 0.143952802359882 0.09026548672566372
0 0.6365781710914454 0.1407079646017699 0.11445427728613569 0.06784660766961652
0 0.7646017699115044 0.17669616519174042 0.06607669616519174 0.0831858407079646
0 0.12212389380530973 0.2799410029498525 0.05191740412979351 0.08790560471976401
0 0.23480825958702065 0.2702064896755162 0.05781710914454277 0.03657817109144543
0 0.33716814159292036 0.2628318584070796 0.08436578171091445 0.04188790560471976
1 0.5053097345132743 0.28023598820059 0.04070796460176991 0.04365781710914454
0 0.6551622418879056 0.2533923303834808 0.09616519174041298 0.07846607669616519
0 0.7710914454277286 0.24365781710914453 0.11327433628318584 0.06135693215339233
0 0.11061946902654868 0.4646017699115044 0.052507374631268436 0.03952802359882006
0 0.26784660766961654 0.41327433628318583 0.10737463126843658 0.07610619469026549
0 0.375811209439528 0.45545722713864306 0.08023598820058997 0.15457227138643068
1 0.5023598820058996 0.39882005899705014 0.05486725663716814 0.044837758112094395
0 0.671386430678466 0.46135693215339235 0.11799410029498525 0.05663716814159292
0 0.7808259587020648 0.4265486725663717 0.038348082595870206 0.044837758112094395
0 0.1495575221238938 0.5896755162241888 0.03716814159292035 0.04542772861356932
0 0.3271386430678466 0.6191740412979351 0.07492625368731563 0.14454277286135692
0 0.4289085545722714 0.6041297935103245 0.12389380530973451 0.07787610619469026
0 0.5351032448377581 0.5185840707964602 0.044837758112094395 0.04601769911504425
0 0.6622418879056047 0.5622418879056047 0.1079646017699115 0.13215339233038348
0 0.7817109144542773 0.5542772861356932 0.03657817109144543 0.0584070796460177
0 0.16932153392330385 0.691150442477876 0.044837758112094395 0.04424778761061947
0 0.27227138643067844 0.7286135693215339 0.0359882005899705 0.040117994100294985
0 0.43539823008849554 0.7581120943952803 0.13097345132743363 0.12389380530973451
0 0.5448377581120943 0.6637168141592921 0.07728613569321534 0.07905604719764012
0 0.6870206489675517 0.6766961651917404 0.05486725663716814 0.05545722713864307
0 0.775811209439528 0.6707964601769911 0.12979351032448377 0.10383480825958702
0 0.11415929203539824 0.8138643067846607 0.0607669616519174 0.0831858407079646
1 0.2696165191740413 0.7707964601769911 0.029498525073746312 0.04070796460176991
0 0.39085545722713866 0.8477876106194691 0.12566371681415928 0.13215339233038348
0 0.5448377581120943 0.8380530973451328 0.07964601769911504 0.13628318584070798
0 0.6551622418879056 0.779646017699115 0.05368731563421829 0.0855457227138643
0 0.7672566371681416 0.7814159292035399 0.18112094395280237 0.06548672566371681
