1 0.06253687315634218 0.14454277286135692 0.030678466076696165 0.017699115044247787
1 0.2415929203539823 0.13805309734513274 0.028908554572271386 0.02359882005899705
1 0.3769911504424779 0.14188790560471976 0.03775811209439528 0.02064896755162242
1 0.5507374631268437 0.12212389380530973 0.033628318584070796 0.025958702064896755
1 0.7026548672566372 0.1168141592920354 0.03421828908554572 0.025958702064896755
1 0.8696165191740413 0.10589970501474927 0.02359882005899705 0.027728613569321534
1 0.07227138643067846 0.3017699115044248 0.033628318584070796 0.018289085545722714
1 0.24572271386430677 0.30029498525073745 0.03008849557522124 0.02359882005899705
1 0.3873156342182891 0.30442477876106194 0.04070796460176991 0.02359882005899705
1 0.5492625368731563 0.2991150442477876 0.03657817109144543 0.021238938053097345
1 0.6991150442477876 0.2855457227138643 0.03893805309734513 0.022418879056047197
1 0.8790560471976401 0.27551622418879057 0.03775811209439528 0.021238938053097345
1 0.0663716814159292 0.45073746312684365 0.032448377581120944 0.020058997050147492
1 0.2424778761061947 0.4480825958702065 0.03421828908554572 0.019469026548672566
1 0.391740412979351 0.44601769911504424 0.035398230088495575 0.01887905604719764
1 0.5507374631268437 0.4430678466076696 0.02654867256637168 0.022418879056047197
1 0.7141592920353982 0.4389380530973451 0.03008849557522124 0.020058997050147492
1 0.8755162241887906 0.4410029498525074 0.035398230088495575 0.02064896755162242
1 0.06371681415929203 0.5976401179941003 0.030678466076696165 0.020058997050147492
1 0.25073746312684364 0.5882005899705015 0.03185840707964602 0.022418879056047197
1 0.3935103244837758 0.5799410029498525 0.03657817109144543 0.021238938053097345
1 0.5528023598820059 0.5790560471976401 0.03303834808259587 0.02182890855457227
1 0.7138643067846607 0.5769911504424778 0.03303834808259587 0.02359882005899705
1 0.8734513274336283 0.5820058997050147 0.028908554572271386 0.03008849557522124
1 0.06253687315634218 0.7200589970501475 0.035398230088495575 0.018289085545722714
1 0.2448377581120944 0.7168141592920354 0.035398230088495575 0.027138643067846607
1 0.3952802359882006 0.7064896755162242 0.03303834808259587 0.019469026548672566
1 0.552212389380531 0.6997050147492625 0.03421828908554572 0.024778761061946902
1 0.7079646017699115 0.6997050147492625 0.03657817109144543 0.024778761061946902
1 0.8811209439528024 0.7126843657817109 0.04188790560471976 0.024778761061946902
1 0.0663716814159292 0.8342182890855457 0.0359882005899705 0.021238938053097345
1 0.2430678466076696 0.8433628318584071 0.035398230088495575 0.023008849557522124
1 0.3958702064896755 0.8486725663716814 0.03421828908554572 0.018289085545722714
1 0.5557522123893806 0.8466076696165191 0.035398230088495575 0.020058997050147492
1 0.7221238938053097 0.8560471976401179 0.035398230088495575 0.022418879056047197
1 0.8805309734513275 0.875221238938053 0.03008849557522124 0.027728613569321534
