0 0.09734513274336283 0.07492625368731563 0.044837758112094395 0.06017699115044248
0 0.2616519174041298 0.07227138643067846 0.05604719764011799 0.07610619469026549
0 0.40058997050147493 0.08023598820058997 0.04365781710914454 0.07905604719764012
0 0.5327433628318584 0.13333333333333333 0.03421828908554572 0.035398230088495575
0 0.7017699115044248 0.06902654867256637 0.052507374631268436 0.06135693215339233
0 0.8507374631268436 0.0935103244837758 0.035398230088495575 0.02654867256637168
0 0.1215339233038348 0.2424778761061947 0.05663716814159292 0.058997050147492625
0 0.243952802359882 0.20294985250737463 0.05014749262536873 0.06135693215339233
0 0.39705014749262535 0.20029498525073747 0.08259587020648967 0.07256637168141593
0 0.5297935103244837 0.26784660766961654 0.03421828908554572 0.049557522123893805
0 0.7073746312684366 0.2374631268436578 0.04365781710914454 0.05014749262536873
0 0.8557522123893805 0.24867256637168142 0.05604719764011799 0.043067846607669616
0 0.12979351032448377 0.3386430678466077 0.0471976401179941 0.08377581120943953
0 0.23008849557522124 0.3415929203539823 0.04837758112094395 0.09321533923303835
0 0.36843657817109143 0.343952802359882 0.05014749262536873 0.05781710914454277
0 0.5436578171091445 0.3415929203539823 0.06666666666666667 0.058997050147492625
0 0.6896755162241888 0.38200589970501475 0.049557522123893805 0.05486725663716814
1 0.8654867256637168 0.38259587020648966 0.03657817109144543 0.02536873156342183
0 0.1410029498525074 0.5365781710914455 0.054277286135693215 0.0584070796460177
0 0.22861356932153393 0.5519174041297935 0.04660766961651917 0.07374631268436578
0 0.36224188790560474 0.4808259587020649 0.04601769911504425 0.0471976401179941
0 0.5392330383480826 0.4817109144542773 0.058997050147492625 0.05958702064896755
0 0.6970501474926254 0.5221238938053098 0.03480825958702065 0.06371681415929203
0 0.8504424778761062 0.5233038348082596 0.04070796460176991 0.06371681415929203
0 0.115929203539823 0.687905604719764 0.047787610619469026 0.08849557522123894
0 0.22595870206489677 0.6882005899705015 0.03893805309734513 0.08200589970501475
0 0.3646017699115044 0.6793510324483776 0.03893805309734513 0.05958702064896755
0 0.5162241887905604 0.6277286135693215 0.044837758112094395 0.07079646017699115
0 0.687905604719764 0.6309734513274337 0.04601769911504425 0.05604719764011799
1 0.8507374631268436 0.6616519174041298 0.03775811209439528 0.03008849557522124
0 0.13392330383480827 0.823598820058997 0.07079646017699115 0.03657817109144543
0 0.23864306784660766 0.8389380530973451 0.047787610619469026 0.07787610619469026
0 0.3678466076696165 0.8032448377581121 0.0359882005899705 0.05368731563421829
0 0.5035398230088496 0.7911504424778761 0.06430678466076696 0.06607669616519174
0 0.6867256637168142 0.8212389380530973 0.03185840707964602 0.06843657817109144
0 0.8489675516224189 0.8365781710914454 0.0471976401179941 0.05545722713864307
