1 0.06401179941002949 0.14454277286135692 0.028908554572271386 0.02359882005899705
1 0.24218289085545722 0.14424778761061946 0.02654867256637168 0.027728613569321534
1 0.37669616519174043 0.13333333333333333 0.03480825958702065 0.022418879056047197
1 0.5489675516224188 0.12831858407079647 0.03480825958702065 0.02536873156342183
1 0.7020648967551623 0.11769911504424779 0.030678466076696165 0.023008849557522124
1 0.8766961651917404 0.10973451327433628 0.030678466076696165 0.022418879056047197
1 0.07079646017699115 0.3014749262536873 0.03185840707964602 0.021238938053097345
1 0.24542772861356932 0.29852507374631265 0.029498525073746312 0.025958702064896755
1 0.38259587020648966 0.307669616519174 0.032448377581120944 0.02064896755162242
1 0.5451327433628319 0.29380530973451324 0.03775811209439528 0.021238938053097345
1 0.7008849557522123 0.28171091445427726 0.03303834808259587 0.02536873156342183
1 0.8802359882005899 0.271976401179941 0.03893805309734513 0.02831858407079646
1 0.06253687315634218 0.4510324483775811 0.025958702064896755 0.019469026548672566
1 0.24129793510324482 0.44778761061946903 0.030678466076696165 0.021238938053097345
1 0.391740412979351 0.44660766961651915 0.029498525073746312 0.025958702064896755
1 0.551622418879056 0.4415929203539823 0.02831858407079646 0.019469026548672566
1 0.7147492625368731 0.4377581120943953 0.033628318584070796 0.020058997050147492
1 0.8734513274336283 0.4430678466076696 0.032448377581120944 0.02359882005899705
1 0.06489675516224189 0.5988200589970502 0.03185840707964602 0.02359882005899705
1 0.2510324483775811 0.5887905604719764 0.03008849557522124 0.020058997050147492
1 0.3952802359882006 0.5787610619469027 0.03421828908554572 0.01887905604719764
1 0.5510324483775811 0.5784660766961652 0.03185840707964602 0.018289085545722714
1 0.7126843657817109 0.5796460176991151 0.02831858407079646 0.02182890855457227
1 0.8722713864306785 0.5805309734513274 0.03008849557522124 0.029498525073746312
1 0.06755162241887905 0.7094395280235988 0.03008849557522124 0.02182890855457227
1 0.24631268436578171 0.7117994100294985 0.02654867256637168 0.02536873156342183
1 0.39410029498525073 0.7144542772861356 0.03185840707964602 0.021238938053097345
1 0.5566371681415929 0.6920353982300885 0.028908554572271386 0.030678466076696165
1 0.7079646017699115 0.6997050147492625 0.03185840707964602 0.020058997050147492
1 0.8648967551622418 0.7061946902654868 0.021238938053097345 0.035398230088495575
1 0.07463126843657816 0.8368731563421828 0.03008849557522124 0.02182890855457227
1 0.2342182890855457 0.8345132743362832 0.020058997050147492 0.03126843657817109
1 0.4085545722713864 0.8215339233038348 0.028908554572271386 0.014749262536873156
1 0.552212389380531 0.8457227138643068 0.029498525073746312 0.02182890855457227
1 0.7188790560471976 0.8404129793510324 0.024188790560471976 0.023008849557522124
1 0.8743362831858407 0.8728613569321534 0.01887905604719764 0.028908554572271386
