0 0.11740412979351032 0.08112094395280237 0.05663716814159292 0.09026548672566372
1 0.2604719764011799 0.0696165191740413 0.05368731563421829 0.07079646017699115
0 0.4067846607669616 0.08023598820058997 0.03952802359882006 0.07079646017699115
0 0.5389380530973451 0.1359882005899705 0.032448377581120944 0.03952802359882006
0 0.6864306784660766 0.07227138643067846 0.07964601769911504 0.06312684365781711
0 0.8572271386430679 0.0967551622418879 0.03775811209439528 0.03421828908554572
0 0.12536873156342182 0.25162241887905606 0.061946902654867256 0.07728613569321534
0 0.24808259587020648 0.19852507374631267 0.05486725663716814 0.052507374631268436
0 0.3896755162241888 0.19498525073746312 0.10088495575221239 0.0831858407079646
0 0.532448377581121 0.2693215339233038 0.04070796460176991 0.05132743362831858
0 0.7091445427728613 0.24129793510324482 0.04247787610619469 0.05073746312684366
0 0.855457227138643 0.2575221238938053 0.049557522123893805 0.043067846607669616
0 0.12979351032448377 0.33067846607669615 0.03775811209439528 0.09380530973451327
0 0.22920353982300884 0.33244837758112095 0.04660766961651917 0.1079646017699115
0 0.3672566371681416 0.347787610619469 0.05368731563421829 0.05368731563421829
0 0.5451327433628319 0.34129793510324485 0.06607669616519174 0.0584070796460177
0 0.6917404129793511 0.38672566371681416 0.05132743362831858 0.057227138643067846
1 0.8657817109144542 0.3949852507374631 0.04188790560471976 0.04542772861356932
0 0.13569321533923304 0.5368731563421829 0.058997050147492625 0.07669616519174041
0 0.22831858407079647 0.55929203539823 0.054277286135693215 0.09557522123893805
0 0.3616519174041298 0.48053097345132745 0.049557522123893805 0.05368731563421829
0 0.5306784660766961 0.484070796460177 0.04660766961651917 0.06666666666666667
0 0.692330383480826 0.5294985250737463 0.0359882005899705 0.07846607669616519
0 0.8525073746312685 0.5250737463126843 0.040117994100294985 0.08141592920353982
0 0.13244837758112094 0.6991150442477876 0.05368731563421829 0.1215339233038348
0 0.21946902654867256 0.6967551622418879 0.04837758112094395 0.0943952802359882
0 0.3710914454277286 0.6825958702064897 0.04601769911504425 0.07551622418879056
0 0.515339233038348 0.6265486725663717 0.043067846607669616 0.06017699115044248
0 0.6852507374631268 0.6336283185840708 0.04660766961651917 0.06253687315634218
1 0.851622418879056 0.6554572271386431 0.0359882005899705 0.030678466076696165
0 0.1424778761061947 0.8165191740412979 0.08790560471976401 0.03303834808259587
0 0.23008849557522124 0.8353982300884956 0.03775811209439528 0.09911504424778761
0 0.3678466076696165 0.8020648967551622 0.04070796460176991 0.06430678466076696
0 0.5023598820058996 0.7870206489675516 0.07374631268436578 0.05545722713864307
0 0.684070796460177 0.8342182890855457 0.038348082595870206 0.08613569321533923
0 0.8477876106194691 0.8415929203539823 0.05309734513274336 0.06430678466076696
