1 0.06371681415929203 0.14454277286135692 0.03303834808259587 0.017699115044247787
1 0.2392330383480826 0.1504424778761062 0.027728613569321534 0.027138643067846607
1 0.37669616519174043 0.1433628318584071 0.03126843657817109 0.02359882005899705
1 0.5510324483775811 0.12418879056047197 0.03421828908554572 0.02536873156342183
1 0.7023598820058997 0.11710914454277285 0.032448377581120944 0.028908554572271386
1 0.8769911504424779 0.10973451327433628 0.028908554572271386 0.022418879056047197
1 0.071976401179941 0.3008849557522124 0.035398230088495575 0.02359882005899705
1 0.24572271386430677 0.2973451327433628 0.03008849557522124 0.024778761061946902
1 0.3864306784660767 0.3029498525073746 0.03775811209439528 0.018289085545722714
1 0.5454277286135694 0.29970501474926253 0.03952802359882006 0.024778761061946902
1 0.7008849557522123 0.28230088495575223 0.03775811209439528 0.02654867256637168
1 0.8766961651917404 0.27699115044247785 0.03775811209439528 0.024188790560471976
1 0.06489675516224189 0.4504424778761062 0.035398230088495575 0.019469026548672566
1 0.2407079646017699 0.44660766961651915 0.035398230088495575 0.020058997050147492
1 0.391740412979351 0.44778761061946903 0.03303834808259587 0.022418879056047197
1 0.5489675516224188 0.44365781710914454 0.032448377581120944 0.021238938053097345
1 0.715929203539823 0.43952802359882004 0.033628318584070796 0.017699115044247787
1 0.8761061946902655 0.44129793510324483 0.03421828908554572 0.024778761061946902
1 0.06430678466076696 0.5967551622418878 0.03185840707964602 0.028908554572271386
1 0.25014749262536873 0.588495575221239 0.03303834808259587 0.019469026548672566
1 0.3935103244837758 0.5796460176991151 0.029498525073746312 0.02064896755162242
1 0.5510324483775811 0.5784660766961652 0.03421828908554572 0.018289085545722714
1 0.7132743362831858 0.5778761061946902 0.03421828908554572 0.01710914454277286
1 0.8749262536873156 0.5825958702064896 0.03657817109144543 0.028908554572271386
1 0.06548672566371681 0.7227138643067846 0.03657817109144543 0.02831858407079646
1 0.243952802359882 0.7206489675516224 0.033628318584070796 0.02536873156342183
1 0.3935103244837758 0.7061946902654868 0.03185840707964602 0.022418879056047197
1 0.5501474926253688 0.7029498525073746 0.03008849557522124 0.02064896755162242
1 0.7088495575221239 0.7011799410029499 0.0359882005899705 0.02182890855457227
1 0.8648967551622418 0.7070796460176991 0.024778761061946902 0.033628318584070796
1 0.06548672566371681 0.8353982300884956 0.03657817109144543 0.021238938053097345
1 0.23156342182890854 0.8342182890855457 0.038348082595870206 0.021238938053097345
1 0.4067846607669616 0.8324483775811209 0.028908554572271386 0.024778761061946902
1 0.5533923303834808 0.8477876106194691 0.03657817109144543 0.022418879056047197
1 0.7238938053097345 0.8368731563421828 0.03185840707964602 0.028908554572271386
1 0.8693215339233038 0.8684365781710914 0.02064896755162242 0.03421828908554572
