0 0.12861356932153392 0.1374631268436578 0.0920353982300885 0.10383480825958702
0 0.30442477876106194 0.11297935103244838 0.12625368731563422 0.08672566371681416
0 0.5088495575221239 0.11769911504424779 0.08436578171091445 0.1433628318584071
0 0.6607669616519174 0.14129793510324484 0.06017699115044248 0.1870206489675516
0 0.8696165191740413 0.08112094395280237 0.1392330383480826 0.10914454277286136
0 0.1528023598820059 0.3182890855457227 0.09321533923303835 0.04542772861356932
0 0.308259587020649 0.28171091445427726 0.03716814159292035 0.043067846607669616
0 0.5244837758112094 0.28761061946902655 0.16283185840707964 0.03952802359882006
0 0.6209439528023599 0.24955752212389382 0.0584070796460177 0.0967551622418879
0 0.7737463126843658 0.22241887905604718 0.17522123893805308 0.14277286135693215
1 0.15752212389380532 0.4014749262536873 0.017699115044247787 0.03952802359882006
0 0.3286135693215339 0.4153392330383481 0.18997050147492625 0.08731563421828908
0 0.47079646017699117 0.41976401179941003 0.05191740412979351 0.03716814159292035
0 0.6058997050147492 0.396165191740413 0.0943952802359882 0.19646017699115043
0 0.7687315634218289 0.41474926253687316 0.07079646017699115 0.044837758112094395
0 0.12212389380530973 0.5070796460176991 0.11327433628318584 0.08790560471976401
1 0.24867256637168142 0.5607669616519174 0.02536873156342183 0.032448377581120944
0 0.4224188790560472 0.5412979351032449 0.08377581120943953 0.1327433628318584
1 0.5123893805309735 0.5176991150442478 0.043067846607669616 0.027728613569321534
1 0.6734513274336283 0.5569321533923304 0.0359882005899705 0.020058997050147492
0 0.7693215339233038 0.5510324483775811 0.09321533923303835 0.04247787610619469
0 0.10294985250737462 0.6578171091445427 0.10088495575221239 0.18761061946902655
1 0.24867256637168142 0.6781710914454278 0.027728613569321534 0.028908554572271386
0 0.3823008849557522 0.668141592920354 0.05073746312684366 0.11386430678466077
0 0.5103244837758112 0.6374631268436578 0.17345132743362832 0.05486725663716814
0 0.6333333333333333 0.6887905604719764 0.09970501474926254 0.16814159292035397
0 0.7430678466076696 0.6997050147492625 0.043067846607669616 0.035398230088495575
0 0.7253687315634219 0.7448377581120944 0.07374631268436578 0.17050147492625367
0 0.10324483775811209 0.7790560471976401 0.09321533923303835 0.17876106194690267
0 0.20943952802359883 0.8230088495575221 0.071976401179941 0.13569321533923304
1 0.32831858407079645 0.8067846607669616 0.03008849557522124 0.03126843657817109
0 0.463716814159292 0.8085545722713864 0.03303834808259587 0.07964601769911504
0 0.5713864306784661 0.796165191740413 0.10088495575221239 0.12566371681415928
0 0.41061946902654867 0.46814159292035395 0.05073746312684366 0.12684365781710916
