1 0.061061946902654866 0.14454277286135692 0.02536873156342183 0.01887905604719764
1 0.24218289085545722 0.13864306784660768 0.027728613569321534 0.017699115044247787
1 0.37787610619469025 0.14129793510324484 0.03126843657817109 0.02182890855457227
1 0.5501474926253688 0.1224188790560472 0.03480825958702065 0.02654867256637168
1 0.7017699115044248 0.11799410029498525 0.03126843657817109 0.02359882005899705
1 0.8713864306784661 0.10707964601769912 0.029498525073746312 0.027728613569321534
1 0.0710914454277286 0.2994100294985251 0.033628318584070796 0.02064896755162242
1 0.24513274336283186 0.3017699115044248 0.03126843657817109 0.018289085545722714
1 0.38672566371681416 0.30383480825958703 0.03952802359882006 0.017699115044247787
1 0.5474926253687316 0.3 0.040117994100294985 0.019469026548672566
1 0.6991150442477876 0.28466076696165193 0.03657817109144543 0.02064896755162242
1 0.8790560471976401 0.27699115044247785 0.03775811209439528 0.02064896755162242
1 0.06460176991150443 0.45191740412979353 0.03126843657817109 0.020058997050147492
1 0.24129793510324482 0.4474926253687316 0.03421828908554572 0.018289085545722714
1 0.3920353982300885 0.44542772861356933 0.03126843657817109 0.022418879056047197
1 0.5533923303834808 0.4415929203539823 0.03421828908554572 0.02182890855457227
1 0.7138643067846607 0.43952802359882004 0.03303834808259587 0.01887905604719764
1 0.8740412979351032 0.43952802359882004 0.03480825958702065 0.01887905604719764
1 0.061061946902654866 0.6 0.03008849557522124 0.020058997050147492
1 0.25014749262536873 0.5882005899705015 0.03303834808259587 0.022418879056047197
1 0.3935103244837758 0.5796460176991151 0.03185840707964602 0.02064896755162242
1 0.5536873156342182 0.5778761061946902 0.028908554572271386 0.019469026548672566
1 0.7126843657817109 0.5790560471976401 0.030678466076696165 0.02182890855457227
1 0.8722713864306785 0.5825958702064896 0.028908554572271386 0.02654867256637168
1 0.06430678466076696 0.7200589970501475 0.03421828908554572 0.018289085545722714
1 0.24660766961651917 0.7179941002949852 0.03185840707964602 0.022418879056047197
1 0.39469026548672564 0.708259587020649 0.03421828908554572 0.023008849557522124
1 0.5507374631268437 0.6991150442477876 0.033628318584070796 0.021238938053097345
1 0.7088495575221239 0.6991150442477876 0.03480825958702065 0.02359882005899705
1 0.8799410029498524 0.7123893805309734 0.03716814159292035 0.02064896755162242
1 0.06519174041297934 0.8353982300884956 0.038348082595870206 0.01887905604719764
1 0.24188790560471976 0.843952802359882 0.035398230088495575 0.019469026548672566
1 0.39469026548672564 0.8492625368731563 0.03893805309734513 0.01710914454277286
1 0.5542772861356932 0.8486725663716814 0.032448377581120944 0.02064896755162242
1 0.7221238938053097 0.8578171091445428 0.035398230088495575 0.01887905604719764
1 0.8805309734513275 0.8755162241887906 0.03008849557522124 0.024778761061946902
