1 0.11002949852507374 0.10442477876106195 0.04188790560471976 0.022418879056047197
1 0.2551622418879056 0.1056047197640118 0.03480825958702065 0.022418879056047197
1 0.4002949852507375 0.10914454277286136 0.03952802359882006 0.017699115044247787
1 0.5421828908554572 0.10914454277286136 0.035398230088495575 0.021238938053097345
1 0.7141592920353982 0.11563421828908554 0.04070796460176991 0.02831858407079646
1 0.8572271386430679 0.12507374631268436 0.035398230088495575 0.02359882005899705
1 0.1215339233038348 0.22920353982300884 0.03303834808259587 0.02182890855457227
1 0.24454277286135692 0.2303834808259587 0.032448377581120944 0.01710914454277286
1 0.3952802359882006 0.22890855457227138 0.03303834808259587 0.022418879056047197
1 0.5410029498525074 0.2312684365781711 0.040117994100294985 0.02359882005899705
1 0.7041297935103245 0.22920353982300884 0.03952802359882006 0.019469026548672566
1 0.8607669616519174 0.2359882005899705 0.03303834808259587 0.02359882005899705
1 0.12477876106194691 0.3693215339233038 0.033628318584070796 0.024778761061946902
1 0.23480825958702065 0.3616519174041298 0.03421828908554572 0.022418879056047197
1 0.37168141592920356 0.3693215339233038 0.03775811209439528 0.020058997050147492
1 0.5451327433628319 0.3710914454277286 0.03775811209439528 0.02359882005899705
1 0.6902654867256637 0.3654867256637168 0.03775811209439528 0.02182890855457227
1 0.8648967551622418 0.37669616519174043 0.035398230088495575 0.02064896755162242
1 0.12212389380530973 0.528023598820059 0.02831858407079646 0.030678466076696165
1 0.2368731563421829 0.5268436578171092 0.032448377581120944 0.020058997050147492
1 0.36991150442477877 0.5058997050147492 0.03421828908554572 0.027728613569321534
1 0.5486725663716814 0.5 0.035398230088495575 0.02654867256637168
1 0.6970501474926254 0.4970501474926254 0.04070796460176991 0.018289085545722714
1 0.8581120943952802 0.49262536873156343 0.038348082595870206 0.020058997050147492
1 0.1135693215339233 0.6625368731563421 0.032448377581120944 0.021238938053097345
1 0.23215339233038348 0.6690265486725664 0.033628318584070796 0.021238938053097345
1 0.3672566371681416 0.664306784660767 0.03716814159292035 0.024778761061946902
1 0.5283185840707965 0.6616519174041298 0.03126843657817109 0.019469026548672566
1 0.692330383480826 0.6613569321533923 0.03952802359882006 0.02359882005899705
1 0.8536873156342183 0.6637168141592921 0.04247787610619469 0.02359882005899705
1 0.12271386430678466 0.8100294985250738 0.03303834808259587 0.020058997050147492
1 0.2365781710914454 0.8106194690265487 0.035398230088495575 0.01887905604719764
1 0.37256637168141593 0.8153392330383481 0.03952802359882006 0.022418879056047197
1 0.515339233038348 0.8153392330383481 0.04188790560471976 0.022418879056047197
1 0.6908554572271386 0.8041297935103244 0.03657817109144543 0.021238938053097345
1 0.8501474926253687 0.8129793510324483 0.035398230088495575 0.025958702064896755
