1 0.05929203539823009 0.14837758112094396 0.02654867256637168 0.02064896755162242
0 0.1855457227138643 0.18849557522123894 0.027728613569321534 0.03480825958702065
0 0.36902654867256635 0.16106194690265485 0.03008849557522124 0.03775811209439528
1 0.5215339233038347 0.1433628318584071 0.03303834808259587 0.03185840707964602
1 0.6970501474926254 0.11946902654867256 0.03008849557522124 0.02654867256637168
1 0.8607669616519174 0.0935103244837758 0.03775811209439528 0.033628318584070796
1 0.0663716814159292 0.31091445427728615 0.02536873156342183 0.021238938053097345
0 0.22330383480825958 0.33008849557522124 0.03126843657817109 0.043067846607669616
0 0.37374631268436576 0.3424778761061947 0.03952802359882006 0.03126843657817109
1 0.5442477876106194 0.28938053097345134 0.03716814159292035 0.03008849557522124
0 0.664306784660767 0.3058997050147493 0.024778761061946902 0.05014749262536873
1 0.8740412979351032 0.3088495575221239 0.0359882005899705 0.03008849557522124
1 0.06460176991150443 0.4592920353982301 0.02654867256637168 0.02654867256637168
1 0.23215339233038348 0.4345132743362832 0.028908554572271386 0.03952802359882006
0 0.3734513274336283 0.463716814159292 0.024778761061946902 0.04601769911504425
1 0.5489675516224188 0.4433628318584071 0.03008849557522124 0.02064896755162242
1 0.712094395280236 0.4368731563421829 0.03185840707964602 0.023008849557522124
0 0.8634218289085546 0.4654867256637168 0.027728613569321534 0.03657817109144543
0 0.05958702064896755 0.5976401179941003 0.024778761061946902 0.03303834808259587
1 0.24749262536873157 0.5902654867256637 0.03008849557522124 0.023008849557522124
1 0.3920353982300885 0.5823008849557522 0.028908554572271386 0.021238938053097345
1 0.5519174041297935 0.5793510324483776 0.03126843657817109 0.022418879056047197
1 0.708259587020649 0.5973451327433629 0.03126843657817109 0.04070796460176991
1 0.8601769911504424 0.5589970501474926 0.03185840707964602 0.03952802359882006
1 0.07817109144542772 0.7067846607669617 0.038348082595870206 0.02359882005899705
1 0.25899705014749264 0.696165191740413 0.035398230088495575 0.02359882005899705
1 0.3973451327433628 0.7383480825958701 0.03126843657817109 0.02654867256637168
0 0.5569321533923304 0.6672566371681415 0.03775811209439528 0.035398230088495575
1 0.708259587020649 0.703834808259587 0.03126843657817109 0.020058997050147492
1 0.8660766961651918 0.7056047197640118 0.022418879056047197 0.03421828908554572
1 0.06814159292035399 0.8324483775811209 0.03126843657817109 0.035398230088495575
0 0.2607669616519174 0.8224188790560472 0.035398230088495575 0.03185840707964602
1 0.41415929203539825 0.8103244837758112 0.035398230088495575 0.03126843657817109
1 0.5483775811209439 0.8713864306784661 0.03126843657817109 0.03775811209439528
1 0.696165191740413 0.8589970501474926 0.02359882005899705 0.03893805309734513
1 0.8843657817109144 0.8746312684365781 0.024778761061946902 0.03126843657817109
