1 0.06165191740412979 0.1454277286135693 0.028908554572271386 0.019469026548672566
1 0.2374631268436578 0.1504424778761062 0.028908554572271386 0.029498525073746312
1 0.3781710914454277 0.14188790560471976 0.035398230088495575 0.023008849557522124
1 0.5507374631268437 0.12418879056047197 0.033628318584070796 0.02536873156342183
1 0.7011799410029499 0.11710914454277285 0.03008849557522124 0.028908554572271386
1 0.8772861356932153 0.10855457227138643 0.03185840707964602 0.020058997050147492
1 0.07168141592920355 0.3017699115044248 0.032448377581120944 0.02064896755162242
1 0.243952802359882 0.29970501474926253 0.028908554572271386 0.022418879056047197
1 0.38436578171091446 0.30324483775811206 0.03952802359882006 0.021238938053097345
1 0.5454277286135694 0.29970501474926253 0.04188790560471976 0.022418879056047197
1 0.7002949852507374 0.2825958702064897 0.03185840707964602 0.024778761061946902
1 0.8790560471976401 0.27640117994100294 0.035398230088495575 0.02182890855457227
1 0.06253687315634218 0.4510324483775811 0.030678466076696165 0.018289085545722714
1 0.2407079646017699 0.4471976401179941 0.03303834808259587 0.021238938053097345
1 0.3905604719764012 0.44601769911504424 0.035398230088495575 0.01887905604719764
1 0.5492625368731563 0.4430678466076696 0.03421828908554572 0.022418879056047197
1 0.7129793510324484 0.4398230088495575 0.03008849557522124 0.018289085545722714
1 0.8778761061946903 0.4407079646017699 0.03303834808259587 0.021238938053097345
1 0.06283185840707964 0.5982300884955752 0.028908554572271386 0.021238938053097345
1 0.2504424778761062 0.587905604719764 0.028908554572271386 0.018289085545722714
1 0.3935103244837758 0.5793510324483776 0.03657817109144543 0.022418879056047197
1 0.5507374631268437 0.5778761061946902 0.03126843657817109 0.019469026548672566
1 0.7126843657817109 0.5778761061946902 0.030678466076696165 0.019469026548672566
1 0.876401179941003 0.5834808259587021 0.03008849557522124 0.02359882005899705
1 0.06371681415929203 0.7200589970501475 0.03303834808259587 0.023008849557522124
1 0.24336283185840707 0.7188790560471976 0.032448377581120944 0.028908554572271386
1 0.3920353982300885 0.7070796460176991 0.028908554572271386 0.02064896755162242
1 0.5507374631268437 0.7011799410029499 0.028908554572271386 0.02182890855457227
1 0.707669616519174 0.7 0.032448377581120944 0.019469026548672566
1 0.8660766961651918 0.7056047197640118 0.020058997050147492 0.03421828908554572
1 0.0663716814159292 0.8348082595870207 0.038348082595870206 0.017699115044247787
1 0.23156342182890854 0.8336283185840708 0.032448377581120944 0.022418879056047197
1 0.40589970501474926 0.8300884955752212 0.030678466076696165 0.021238938053097345
1 0.552212389380531 0.8486725663716814 0.03185840707964602 0.018289085545722714
1 0.7230088495575221 0.8368731563421828 0.03008849557522124 0.028908554572271386
1 0.8687315634218289 0.8696165191740413 0.019469026548672566 0.03185840707964602
