1 0.06283185840707964 0.14454277286135692 0.028908554572271386 0.021238938053097345
1 0.23864306784660766 0.14926253687315633 0.028908554572271386 0.027138643067846607
1 0.3781710914454277 0.14188790560471976 0.035398230088495575 0.02654867256637168
1 0.5513274336283186 0.12418879056047197 0.032448377581120944 0.02536873156342183
1 0.7008849557522123 0.11769911504424779 0.03775811209439528 0.027728613569321534
1 0.8772861356932153 0.10855457227138643 0.029498525073746312 0.027138643067846607
1 0.07256637168141593 0.30117994100294987 0.03421828908554572 0.019469026548672566
1 0.24601769911504423 0.2973451327433628 0.027138643067846607 0.022418879056047197
1 0.3870206489675516 0.30206489675516224 0.03893805309734513 0.025958702064896755
1 0.5451327433628319 0.29970501474926253 0.03775811209439528 0.022418879056047197
1 0.7008849557522123 0.28230088495575223 0.035398230088495575 0.02654867256637168
1 0.879646017699115 0.2749262536873156 0.03657817109144543 0.024778761061946902
1 0.06814159292035399 0.45073746312684365 0.028908554572271386 0.016519174041297935
1 0.24188790560471976 0.4471976401179941 0.03303834808259587 0.021238938053097345
1 0.39233038348082594 0.44601769911504424 0.03421828908554572 0.02359882005899705
1 0.5525073746312684 0.4421828908554572 0.03008849557522124 0.02064896755162242
1 0.7132743362831858 0.4392330383480826 0.03657817109144543 0.018289085545722714
1 0.8778761061946903 0.4389380530973451 0.040117994100294985 0.027138643067846607
1 0.06371681415929203 0.5961651917404129 0.035398230088495575 0.032448377581120944
1 0.24985250737463127 0.588495575221239 0.03008849557522124 0.019469026548672566
1 0.39292035398230085 0.5787610619469027 0.03303834808259587 0.02359882005899705
1 0.551622418879056 0.5778761061946902 0.03303834808259587 0.02182890855457227
1 0.7123893805309734 0.5775811209439528 0.028908554572271386 0.022418879056047197
1 0.8746312684365781 0.5825958702064896 0.028908554572271386 0.02654867256637168
1 0.06312684365781711 0.7209439528023599 0.03421828908554572 0.024778761061946902
1 0.24454277286135692 0.7188790560471976 0.03008849557522124 0.02654867256637168
1 0.39410029498525073 0.7067846607669617 0.030678466076696165 0.02359882005899705
1 0.552212389380531 0.7011799410029499 0.03185840707964602 0.02182890855457227
1 0.7073746312684366 0.6991150442477876 0.03303834808259587 0.02359882005899705
1 0.8648967551622418 0.7058997050147493 0.024778761061946902 0.028908554572271386
1 0.0663716814159292 0.8333333333333334 0.03480825958702065 0.019469026548672566
1 0.23156342182890854 0.8336283185840708 0.032448377581120944 0.020058997050147492
1 0.4079646017699115 0.8300884955752212 0.03126843657817109 0.021238938053097345
1 0.552212389380531 0.8460176991150442 0.03421828908554572 0.01887905604719764
1 0.7230088495575221 0.8362831858407079 0.03008849557522124 0.027728613569321534
1 0.8687315634218289 0.868141592920354 0.02182890855457227 0.03126843657817109
