1 0.057227138643067846 0.14778761061946902 0.029498525073746312 0.019469026548672566
1 0.18259587020648968 0.1870206489675516 0.02654867256637168 0.035398230088495575
0 0.36755162241887906 0.16224188790560473 0.02359882005899705 0.03775811209439528
1 0.5194690265486726 0.1359882005899705 0.033628318584070796 0.01710914454277286
1 0.6997050147492625 0.11946902654867256 0.030678466076696165 0.028908554572271386
0 0.8530973451327434 0.09056047197640119 0.030678466076696165 0.03126843657817109
0 0.06725663716814159 0.3058997050147493 0.021238938053097345 0.018289085545722714
0 0.22507374631268437 0.32536873156342183 0.03008849557522124 0.03716814159292035
0 0.37374631268436576 0.34188790560471977 0.033628318584070796 0.03480825958702065
0 0.5424778761061947 0.2861356932153392 0.038348082595870206 0.03185840707964602
0 0.6648967551622419 0.30442477876106194 0.025958702064896755 0.044837758112094395
0 0.8728613569321534 0.308259587020649 0.038348082595870206 0.028908554572271386
0 0.06371681415929203 0.459882005899705 0.027138643067846607 0.02536873156342183
0 0.23716814159292035 0.43628318584070797 0.035398230088495575 0.038348082595870206
0 0.371976401179941 0.4631268436578171 0.02536873156342183 0.049557522123893805
1 0.5489675516224188 0.44365781710914454 0.032448377581120944 0.02359882005899705
1 0.7115044247787611 0.4383480825958702 0.03303834808259587 0.02359882005899705
0 0.8634218289085546 0.4663716814159292 0.027728613569321534 0.0359882005899705
0 0.05929203539823009 0.5964601769911504 0.03126843657817109 0.035398230088495575
1 0.24867256637168142 0.5908554572271386 0.03008849557522124 0.027728613569321534
1 0.39292035398230085 0.5817109144542773 0.030678466076696165 0.022418879056047197
1 0.5525073746312684 0.5784660766961652 0.03008849557522124 0.023008849557522124
0 0.7070796460176991 0.6008849557522123 0.028908554572271386 0.03716814159292035
0 0.8581120943952802 0.559882005899705 0.032448377581120944 0.03657817109144543
0 0.07669616519174041 0.7058997050147493 0.03775811209439528 0.028908554572271386
1 0.25899705014749264 0.6991150442477876 0.035398230088495575 0.02359882005899705
1 0.39764011799410026 0.7389380530973452 0.03421828908554572 0.03008849557522124
0 0.5554572271386431 0.668141592920354 0.0359882005899705 0.032448377581120944
1 0.7064896755162242 0.7008849557522123 0.03008849557522124 0.024778761061946902
1 0.8654867256637168 0.7035398230088495 0.01887905604719764 0.032448377581120944
0 0.06991150442477875 0.8327433628318583 0.03126843657817109 0.03126843657817109
0 0.2604719764011799 0.8209439528023599 0.0359882005899705 0.03126843657817109
0 0.41297935103244837 0.8091445427728613 0.03421828908554572 0.028908554572271386
0 0.5480825958702065 0.8696165191740413 0.03185840707964602 0.03421828908554572
0 0.6952802359882005 0.8610619469026548 0.028908554572271386 0.04070796460176991
1 0.8858407079646018 0.8749262536873156 0.02536873156342183 0.03185840707964602
