0 0.13480825958702064 0.1433628318584071 0.10088495575221239 0.10973451327433628
0 0.3094395280235988 0.1327433628318584 0.13864306784660768 0.15221238938053097
0 0.511504424778761 0.10501474926253687 0.07669616519174041 0.16283185840707964
0 0.671976401179941 0.11504424778761062 0.058997050147492625 0.2135693215339233
0 0.8749262536873156 0.0952802359882006 0.13097345132743363 0.09616519174041298
0 0.15014749262536872 0.31563421828908556 0.09026548672566372 0.04601769911504425
0 0.308259587020649 0.2843657817109144 0.028908554572271386 0.03303834808259587
0 0.5227138643067847 0.279646017699115 0.15575221238938053 0.05781710914454277
0 0.6176991150442478 0.2504424778761062 0.05309734513274336 0.09970501474926254
0 0.7828908554572271 0.23805309734513275 0.19705014749262537 0.09852507374631268
1 0.15427728613569322 0.4020648967551622 0.019469026548672566 0.04070796460176991
0 0.3274336283185841 0.4150442477876106 0.17463126843657817 0.09852507374631268
0 0.47404129793510325 0.4200589970501475 0.05132743362831858 0.03657817109144543
0 0.6044247787610619 0.3991150442477876 0.08908554572271386 0.19646017699115043
0 0.7702064896755162 0.40294985250737464 0.07728613569321534 0.03657817109144543
0 0.11061946902654868 0.503834808259587 0.11268436578171091 0.08613569321533923
0 0.2536873156342183 0.563716814159292 0.03775811209439528 0.04070796460176991
0 0.41002949852507375 0.46194690265486726 0.058997050147492625 0.11563421828908554
0 0.412094395280236 0.5436578171091445 0.08908554572271386 0.1327433628318584
1 0.5144542772861357 0.5188790560471976 0.0471976401179941 0.03008849557522124
0 0.6728613569321534 0.5749262536873156 0.03716814159292035 0.05368731563421829
0 0.7743362831858407 0.5554572271386431 0.08200589970501475 0.043067846607669616
0 0.10383480825958702 0.6563421828908554 0.10737463126843658 0.1929203539823009
1 0.24749262536873157 0.6793510324483776 0.03008849557522124 0.028908554572271386
0 0.38348082595870203 0.6545722713864307 0.04837758112094395 0.11740412979351032
0 0.5023598820058996 0.6386430678466076 0.1882005899705015 0.06548672566371681
0 0.6277286135693215 0.6867256637168142 0.10383480825958702 0.17699115044247787
0 0.7474926253687315 0.6991150442477876 0.03893805309734513 0.04247787610619469
0 0.10117994100294986 0.7849557522123893 0.10206489675516224 0.16932153392330385
0 0.2079646017699115 0.7846607669616519 0.10678466076696165 0.12979351032448377
1 0.32831858407079645 0.8085545722713864 0.03008849557522124 0.02536873156342183
0 0.4622418879056047 0.8097345132743363 0.02536873156342183 0.07728613569321534
0 0.6002949852507374 0.81976401179941 0.15870206489675515 0.09734513274336283
0 0.7359882005899705 0.7457227138643068 0.08908554572271386 0.1640117994100295
