1 0.11179941002949853 0.12536873156342182 0.02064896755162242 0.032448377581120944
1 0.30619469026548674 0.13805309734513274 0.027138643067846607 0.03893805309734513
1 0.45368731563421827 0.12890855457227138 0.03657817109144543 0.03716814159292035
1 0.5867256637168141 0.1896755162241888 0.032448377581120944 0.02536873156342183
1 0.7415929203539823 0.17669616519174042 0.035398230088495575 0.032448377581120944
1 0.9315634218289085 0.16607669616519175 0.03303834808259587 0.038348082595870206
1 0.13333333333333333 0.2920353982300885 0.020058997050147492 0.03303834808259587
1 0.2943952802359882 0.29646017699115046 0.035398230088495575 0.02654867256637168
1 0.4421828908554572 0.3339233038348083 0.03126843657817109 0.03775811209439528
1 0.6017699115044248 0.26135693215339234 0.03185840707964602 0.025958702064896755
1 0.7436578171091446 0.30206489675516224 0.032448377581120944 0.022418879056047197
1 0.9224188790560471 0.2914454277286136 0.032448377581120944 0.027138643067846607
1 0.1415929203539823 0.4424778761061947 0.03185840707964602 0.040117994100294985
1 0.2926253687315634 0.4026548672566372 0.03303834808259587 0.04070796460176991
1 0.4486725663716814 0.4215339233038348 0.028908554572271386 0.02182890855457227
1 0.6050147492625368 0.41858407079646015 0.033628318584070796 0.02182890855457227
1 0.7513274336283186 0.41061946902654867 0.02654867256637168 0.02359882005899705
1 0.9457227138643067 0.40294985250737464 0.03185840707964602 0.03185840707964602
1 0.1374631268436578 0.5333333333333333 0.027138643067846607 0.035398230088495575
1 0.287905604719764 0.5634218289085545 0.030678466076696165 0.022418879056047197
1 0.4510324483775811 0.5563421828908555 0.03008849557522124 0.021238938053097345
1 0.6315634218289086 0.5401179941002949 0.02064896755162242 0.04070796460176991
1 0.7672566371681416 0.5657817109144543 0.02536873156342183 0.04365781710914454
1 0.9389380530973451 0.5421828908554572 0.028908554572271386 0.029498525073746312
1 0.1271386430678466 0.6917404129793511 0.03716814159292035 0.028908554572271386
0 0.33480825958702065 0.6943952802359882 0.02064896755162242 0.0471976401179941
1 0.4592920353982301 0.7132743362831858 0.03716814159292035 0.029498525073746312
1 0.6283185840707964 0.659882005899705 0.03421828908554572 0.03008849557522124
0 0.7775811209439528 0.6684365781710915 0.02831858407079646 0.03775811209439528
1 0.9362831858407079 0.6896755162241888 0.02359882005899705 0.025958702064896755
0 0.1410029498525074 0.9064896755162242 0.03775811209439528 0.03126843657817109
1 0.3029498525073746 0.8820058997050148 0.033628318584070796 0.029498525073746312
1 0.4799410029498525 0.8584070796460177 0.03952802359882006 0.030678466076696165
1 0.6345132743362831 0.8389380530973451 0.028908554572271386 0.03775811209439528
1 0.8179941002949852 0.8165191740412979 0.028908554572271386 0.03303834808259587
1 0.93952802359882 0.8519174041297934 0.03008849557522124 0.022418879056047197
