0 0.12094395280235988 0.05958702064896755 0.05545722713864307 0.10501474926253687
0 0.24277286135693216 0.034513274336283185 0.07610619469026549 0.0607669616519174
0 0.4 0.04808259587020649 0.044837758112094395 0.07256637168141593
0 0.5294985250737463 0.11946902654867256 0.03008849557522124 0.04188790560471976
0 0.671976401179941 0.055162241887905604 0.10855457227138643 0.04188790560471976
0 0.8510324483775811 0.1 0.03952802359882006 0.03952802359882006
0 0.11946902654867256 0.2303834808259587 0.07020648967551622 0.061946902654867256
0 0.24601769911504423 0.1882005899705015 0.058997050147492625 0.04837758112094395
0 0.3421828908554572 0.1687315634218289 0.11563421828908554 0.0743362831858407
0 0.524188790560472 0.26371681415929205 0.08790560471976401 0.05545722713864307
0 0.6982300884955752 0.22241887905604718 0.06666666666666667 0.05073746312684366
0 0.8616519174041298 0.22772861356932153 0.06548672566371681 0.06135693215339233
0 0.12212389380530973 0.3221238938053097 0.05309734513274336 0.05663716814159292
0 0.2 0.29174041297935105 0.0743362831858407 0.12448377581120944
0 0.36342182890855457 0.3740412979351032 0.05781710914454277 0.10737463126843658
0 0.5469026548672566 0.3374631268436578 0.07551622418879056 0.0471976401179941
0 0.6905604719764011 0.35516224188790557 0.05368731563421829 0.058997050147492625
0 0.8657817109144542 0.3775811209439528 0.04188790560471976 0.058997050147492625
0 0.3613569321533923 0.46578171091445425 0.0584070796460177 0.052507374631268436
0 0.531858407079646 0.47227138643067845 0.05604719764011799 0.07020648967551622
0 0.6949852507374631 0.5150442477876106 0.03893805309734513 0.09085545722713864
0 0.8436578171091446 0.5129793510324484 0.04601769911504425 0.07374631268436578
0 0.13008849557522123 0.532448377581121 0.0808259587020649 0.08908554572271386
0 0.20914454277286135 0.5513274336283186 0.07964601769911504 0.10088495575221239
0 0.48672566371681414 0.6014749262536873 0.06843657817109144 0.05958702064896755
0 0.6778761061946903 0.6256637168141593 0.05545722713864307 0.057227138643067846
0 0.8489675516224189 0.6218289085545723 0.03775811209439528 0.04247787610619469
0 0.0743362831858407 0.6539823008849558 0.12743362831858407 0.1480825958702065
0 0.22566371681415928 0.6820058997050147 0.047787610619469026 0.10265486725663717
0 0.36283185840707965 0.6941002949852507 0.071976401179941 0.06312684365781711
0 0.13451327433628318 0.8053097345132744 0.08023598820058997 0.044837758112094395
0 0.19734513274336282 0.8289085545722714 0.08790560471976401 0.08613569321533923
0 0.36902654867256635 0.7831858407079646 0.04070796460176991 0.08672566371681416
0 0.5050147492625369 0.7805309734513274 0.06253687315634218 0.049557522123893805
0 0.7061946902654868 0.8368731563421828 0.08495575221238938 0.06548672566371681
0 0.8457227138643068 0.8138643067846607 0.0607669616519174 0.061946902654867256
