0 0.1392330383480826 0.14601769911504425 0.10501474926253687 0.11268436578171091
0 0.3088495575221239 0.13333333333333333 0.1351032448377581 0.1486725663716814
0 0.5117994100294985 0.10530973451327433 0.07610619469026549 0.16224188790560473
0 0.6646017699115044 0.12271386430678466 0.06548672566371681 0.2135693215339233
0 0.8707964601769911 0.08997050147492625 0.1392330383480826 0.09852507374631268
0 0.1463126843657817 0.3174041297935103 0.08731563421828908 0.049557522123893805
0 0.30973451327433627 0.28348082595870205 0.03893805309734513 0.03716814159292035
0 0.5286135693215339 0.2808259587020649 0.14985250737463127 0.0471976401179941
0 0.6185840707964602 0.2557522123893805 0.043067846607669616 0.08672566371681416
0 0.7828908554572271 0.2448377581120944 0.19469026548672566 0.07787610619469026
1 0.15545722713864307 0.40471976401179943 0.02182890855457227 0.03775811209439528
0 0.3297935103244838 0.42507374631268435 0.18525073746312684 0.07846607669616519
0 0.47227138643067845 0.41858407079646015 0.05014749262536873 0.033628318584070796
0 0.6032448377581121 0.39823008849557523 0.09498525073746313 0.1958702064896755
0 0.7684365781710915 0.40589970501474926 0.07610619469026549 0.03775811209439528
0 0.11032448377581121 0.5064896755162241 0.10737463126843658 0.0808259587020649
1 0.24690265486725663 0.5628318584070796 0.028908554572271386 0.044837758112094395
0 0.41710914454277287 0.543952802359882 0.09911504424778761 0.12979351032448377
0 0.41002949852507375 0.4625368731563422 0.058997050147492625 0.1168141592920354
1 0.5135693215339233 0.5188790560471976 0.04542772861356932 0.03008849557522124
0 0.6805309734513274 0.5690265486725664 0.04424778761061947 0.04188790560471976
0 0.7619469026548672 0.5551622418879056 0.057227138643067846 0.0471976401179941
0 0.10383480825958702 0.6536873156342182 0.10501474926253687 0.17699115044247787
1 0.24778761061946902 0.6781710914454278 0.02359882005899705 0.024188790560471976
0 0.38436578171091446 0.6528023598820059 0.04188790560471976 0.11150442477876106
0 0.5008849557522124 0.640117994100295 0.1887905604719764 0.06607669616519174
0 0.6294985250737463 0.691150442477876 0.11327433628318584 0.17286135693215338
0 0.7424778761061946 0.699410029498525 0.03952802359882006 0.04188790560471976
0 0.1 0.7811209439528024 0.09734513274336283 0.17463126843657817
0 0.20855457227138643 0.7884955752212389 0.10442477876106195 0.13628318584070798
1 0.3271386430678466 0.8094395280235989 0.03008849557522124 0.025958702064896755
0 0.46106194690265484 0.8112094395280236 0.03008849557522124 0.0743362831858407
0 0.5787610619469027 0.8085545722713864 0.1191740412979351 0.11386430678466077
0 0.7430678466076696 0.747197640117994 0.07964601769911504 0.16106194690265485
