0 0.15162241887905603 0.15899705014749263 0.054277286135693215 0.057227138643067846
0 0.3141592920353982 0.171976401179941 0.043067846607669616 0.07846607669616519
0 0.49675516224188787 0.2097345132743363 0.06607669616519174 0.05486725663716814
0 0.6339233038348082 0.20117994100294984 0.032448377581120944 0.05545722713864307
0 0.7705014749262536 0.1654867256637168 0.03775811209439528 0.09144542772861357
0 0.8604719764011799 0.18672566371681415 0.08672566371681416 0.0359882005899705
1 0.14837758112094396 0.34188790560471977 0.04188790560471976 0.02182890855457227
0 0.31474926253687313 0.363716814159292 0.04424778761061947 0.06312684365781711
0 0.48584070796460177 0.3734513274336283 0.04070796460176991 0.06607669616519174
0 0.6315634218289086 0.31710914454277284 0.038348082595870206 0.06666666666666667
0 0.7769911504424779 0.3058997050147493 0.035398230088495575 0.08200589970501475
0 0.8755162241887906 0.3058997050147493 0.05073746312684366 0.11032448377581121
0 0.14454277286135692 0.47817109144542774 0.049557522123893805 0.07728613569321534
0 0.30678466076696165 0.4749262536873156 0.03657817109144543 0.06489675516224189
0 0.46814159292035395 0.5156342182890855 0.05486725663716814 0.06607669616519174
0 0.6404129793510325 0.5194690265486726 0.043067846607669616 0.04660766961651917
0 0.7699115044247787 0.4424778761061947 0.0471976401179941 0.08259587020648967
0 0.8640117994100295 0.46755162241887904 0.05486725663716814 0.07256637168141593
1 0.13392330383480827 0.6070796460176991 0.03657817109144543 0.03657817109144543
1 0.32123893805309733 0.6053097345132743 0.04424778761061947 0.04365781710914454
0 0.4557522123893805 0.6589970501474927 0.05958702064896755 0.05663716814159292
0 0.6309734513274337 0.6539823008849558 0.05014749262536873 0.05604719764011799
0 0.7710914454277286 0.6604719764011799 0.04129793510324484 0.09616519174041298
0 0.8713864306784661 0.667551622418879 0.040117994100294985 0.08908554572271386
0 0.1430678466076696 0.7421828908554572 0.05486725663716814 0.044837758112094395
1 0.29056047197640117 0.7587020648967552 0.038348082595870206 0.05073746312684366
0 0.4648967551622419 0.7351032448377581 0.03303834808259587 0.058997050147492625
0 0.6061946902654867 0.803834808259587 0.08908554572271386 0.07610619469026549
0 0.7519174041297935 0.791740412979351 0.05604719764011799 0.058997050147492625
0 0.8766961651917404 0.7489675516224189 0.06135693215339233 0.06784660766961652
0 0.1433628318584071 0.9008849557522124 0.03421828908554572 0.03185840707964602
0 0.3053097345132743 0.9292035398230089 0.05368731563421829 0.06371681415929203
1 0.46017699115044247 0.8654867256637168 0.03421828908554572 0.03421828908554572
0 0.5952802359882006 0.9191740412979351 0.03893805309734513 0.06843657817109144
0 0.736283185840708 0.9306784660766961 0.04365781710914454 0.07492625368731563
0 0.8793510324483775 0.9168141592920354 0.043067846607669616 0.07315634218289085
