0 0.1584070796460177 0.17020648967551621 0.05132743362831858 0.06902654867256637
0 0.29646017699115046 0.16047197640117994 0.08672566371681416 0.07315634218289085
0 0.4982300884955752 0.22920353982300884 0.06784660766961652 0.06902654867256637
0 0.6309734513274337 0.21622418879056046 0.03952802359882006 0.07728613569321534
0 0.7722713864306785 0.17138643067846607 0.03657817109144543 0.10678466076696165
0 0.8622418879056047 0.19380530973451326 0.09026548672566372 0.043067846607669616
0 0.15103244837758112 0.36666666666666664 0.03893805309734513 0.04896755162241888
0 0.3174041297935103 0.3781710914454277 0.049557522123893805 0.06017699115044248
0 0.487905604719764 0.3935103244837758 0.044837758112094395 0.06017699115044248
0 0.6294985250737463 0.3215339233038348 0.049557522123893805 0.0943952802359882
0 0.7893805309734513 0.30914454277286135 0.06017699115044248 0.10383480825958702
0 0.875221238938053 0.3206489675516224 0.04070796460176991 0.15870206489675515
0 0.14749262536873156 0.48672566371681414 0.04837758112094395 0.07905604719764012
0 0.30501474926253686 0.4861356932153392 0.04365781710914454 0.09085545722713864
0 0.471976401179941 0.5306784660766961 0.06017699115044248 0.07492625368731563
0 0.6418879056047198 0.5371681415929204 0.05663716814159292 0.05604719764011799
0 0.7781710914454277 0.4471976401179941 0.05663716814159292 0.10737463126843658
0 0.8648967551622418 0.46342182890855455 0.06371681415929203 0.07020648967551622
1 0.13451327433628318 0.6176991150442478 0.035398230088495575 0.05545722713864307
1 0.31474926253687313 0.61976401179941 0.04424778761061947 0.043067846607669616
0 0.4557522123893805 0.6734513274336283 0.06902654867256637 0.05604719764011799
0 0.6365781710914454 0.6436578171091445 0.05073746312684366 0.09321533923303835
0 0.7710914454277286 0.6867256637168142 0.05781710914454277 0.12979351032448377
0 0.8660766961651918 0.6873156342182891 0.04365781710914454 0.07905604719764012
0 0.1415929203539823 0.768141592920354 0.06017699115044248 0.035398230088495575
0 0.2929203539823009 0.7716814159292036 0.04070796460176991 0.05663716814159292
0 0.4687315634218289 0.7433628318584071 0.05132743362831858 0.058997050147492625
0 0.6241887905604719 0.8165191740412979 0.13333333333333333 0.058997050147492625
0 0.7533923303834809 0.8176991150442477 0.05309734513274336 0.05663716814159292
0 0.8805309734513275 0.7634218289085546 0.061946902654867256 0.07905604719764012
1 0.14690265486725662 0.9103244837758112 0.03421828908554572 0.025958702064896755
0 0.3238938053097345 0.9398230088495575 0.11563421828908554 0.05073746312684366
1 0.463716814159292 0.8790560471976401 0.03303834808259587 0.035398230088495575
0 0.5979351032448378 0.9244837758112094 0.05014749262536873 0.05781710914454277
0 0.7407079646017699 0.9480825958702065 0.06312684365781711 0.06253687315634218
0 0.8805309734513275 0.9415929203539823 0.0584070796460177 0.09911504424778761
