1 0.061061946902654866 0.1454277286135693 0.03008849557522124 0.019469026548672566
1 0.23628318584070795 0.14926253687315633 0.03126843657817109 0.024778761061946902
1 0.3781710914454277 0.1430678466076696 0.035398230088495575 0.02064896755162242
1 0.5507374631268437 0.12300884955752212 0.033628318584070796 0.02536873156342183
1 0.7020648967551623 0.1182890855457227 0.03303834808259587 0.028908554572271386
1 0.879646017699115 0.11032448377581121 0.03657817109144543 0.021238938053097345
1 0.07168141592920355 0.3005899705014749 0.03008849557522124 0.01592920353982301
1 0.24542772861356932 0.29852507374631265 0.02359882005899705 0.020058997050147492
1 0.3852507374631268 0.30383480825958703 0.035398230088495575 0.020058997050147492
1 0.5445427728613569 0.3 0.03421828908554572 0.01710914454277286
1 0.6997050147492625 0.2814159292035398 0.030678466076696165 0.024778761061946902
1 0.8799410029498524 0.2766961651917404 0.03716814159292035 0.02359882005899705
1 0.06519174041297934 0.451622418879056 0.03008849557522124 0.018289085545722714
1 0.2407079646017699 0.44601769911504424 0.030678466076696165 0.01887905604719764
1 0.39292035398230085 0.44660766961651915 0.030678466076696165 0.022418879056047197
1 0.5507374631268437 0.4415929203539823 0.028908554572271386 0.02182890855457227
1 0.715929203539823 0.43864306784660767 0.03126843657817109 0.01710914454277286
1 0.8761061946902655 0.44011799410029495 0.03421828908554572 0.020058997050147492
1 0.06312684365781711 0.5961651917404129 0.029498525073746312 0.02536873156342183
1 0.2519174041297935 0.5890855457227139 0.03185840707964602 0.018289085545722714
1 0.39469026548672564 0.5796460176991151 0.03185840707964602 0.018289085545722714
1 0.5530973451327433 0.5784660766961652 0.03008849557522124 0.02064896755162242
1 0.712094395280236 0.5784660766961652 0.03185840707964602 0.02064896755162242
1 0.8740412979351032 0.5831858407079646 0.032448377581120944 0.02536873156342183
1 0.06489675516224189 0.7221238938053097 0.03303834808259587 0.020058997050147492
1 0.24336283185840707 0.7194690265486725 0.032448377581120944 0.02536873156342183
1 0.39410029498525073 0.7070796460176991 0.03303834808259587 0.02064896755162242
1 0.551622418879056 0.7032448377581121 0.027138643067846607 0.021238938053097345
1 0.7088495575221239 0.7005899705014749 0.032448377581120944 0.02064896755162242
1 0.8678466076696165 0.7044247787610619 0.02359882005899705 0.03185840707964602
1 0.06548672566371681 0.8339233038348083 0.03421828908554572 0.018289085545722714
1 0.23244837758112094 0.8336283185840708 0.03421828908554572 0.020058997050147492
1 0.4085545722713864 0.8315634218289085 0.03008849557522124 0.023008849557522124
1 0.5533923303834808 0.8471976401179941 0.03185840707964602 0.01887905604719764
1 0.7238938053097345 0.8348082595870207 0.02831858407079646 0.027138643067846607
1 0.868141592920354 0.8690265486725663 0.02064896755162242 0.03303834808259587
