0 0.09941002949852507 0.11386430678466077 0.043067846607669616 0.03303834808259587
0 0.20648967551622419 0.15634218289085544 0.0696165191740413 0.11327433628318584
0 0.3548672566371681 0.11563421828908554 0.04542772861356932 0.04247787610619469
0 0.48112094395280236 0.13333333333333333 0.13628318584070798 0.10147492625368731
0 0.6430678466076696 0.13215339233038348 0.10855457227138643 0.071976401179941
0 0.7589970501474926 0.17551622418879056 0.07610619469026549 0.09026548672566372
0 0.12359882005899706 0.2808259587020649 0.052507374631268436 0.08377581120943953
0 0.22123893805309736 0.26194690265486725 0.035398230088495575 0.03303834808259587
0 0.33185840707964603 0.28407079646017697 0.07846607669616519 0.04070796460176991
1 0.49616519174041296 0.28289085545722714 0.04837758112094395 0.0359882005899705
0 0.6595870206489676 0.25663716814159293 0.0967551622418879 0.0696165191740413
0 0.7705014749262536 0.23569321533923304 0.1168141592920354 0.05604719764011799
1 0.10442477876106195 0.4622418879056047 0.04365781710914454 0.043067846607669616
0 0.2587020648967552 0.40589970501474926 0.08908554572271386 0.08023598820058997
0 0.3740412979351032 0.46106194690265484 0.08141592920353982 0.1480825958702065
1 0.504424778761062 0.3967551622418879 0.058997050147492625 0.043067846607669616
0 0.667551622418879 0.4607669616519174 0.12094395280235988 0.05781710914454277
0 0.7814159292035399 0.4294985250737463 0.03952802359882006 0.04601769911504425
0 0.1584070796460177 0.5790560471976401 0.05132743362831858 0.05368731563421829
0 0.3221238938053097 0.5790560471976401 0.06135693215339233 0.06666666666666667
0 0.3743362831858407 0.6241887905604719 0.08790560471976401 0.1392330383480826
0 0.5351032448377581 0.5171091445427729 0.044837758112094395 0.05486725663716814
0 0.668141592920354 0.5495575221238937 0.11386430678466077 0.11504424778761062
0 0.779646017699115 0.5548672566371682 0.0359882005899705 0.057227138643067846
1 0.1672566371681416 0.6958702064896755 0.038348082595870206 0.043067846607669616
1 0.27315634218289087 0.7162241887905605 0.03421828908554572 0.02831858407079646
0 0.5471976401179941 0.6746312684365782 0.08908554572271386 0.07728613569321534
0 0.6831858407079646 0.6740412979351033 0.05191740412979351 0.052507374631268436
0 0.7705014749262536 0.671386430678466 0.09085545722713864 0.11563421828908554
0 0.11150442477876106 0.7988200589970501 0.05781710914454277 0.06253687315634218
1 0.27728613569321536 0.7985250737463127 0.035398230088495575 0.028908554572271386
0 0.42359882005899707 0.7607669616519174 0.10737463126843658 0.11504424778761062
0 0.39292035398230085 0.8474926253687316 0.12743362831858407 0.13392330383480827
0 0.5436578171091445 0.840117994100295 0.07728613569321534 0.13451327433628318
0 0.6578171091445427 0.7790560471976401 0.05073746312684366 0.08436578171091445
0 0.7666666666666666 0.7864306784660767 0.1929203539823009 0.058997050147492625
