0 0.11563421828908554 0.0607669616519174 0.06017699115044248 0.08613569321533923
0 0.26489675516224187 0.05663716814159292 0.05545722713864307 0.07315634218289085
0 0.4032448377581121 0.06666666666666667 0.043067846607669616 0.0696165191740413
0 0.536283185840708 0.1215339233038348 0.03185840707964602 0.03775811209439528
0 0.6778761061946903 0.06460176991150443 0.10737463126843658 0.05486725663716814
0 0.855457227138643 0.0808259587020649 0.035398230088495575 0.03775811209439528
0 0.12035398230088495 0.2359882005899705 0.05663716814159292 0.08259587020648967
0 0.24660766961651917 0.18171091445427728 0.05545722713864307 0.06135693215339233
0 0.3817109144542773 0.18112094395280237 0.12389380530973451 0.07079646017699115
0 0.5345132743362832 0.25663716814159293 0.040117994100294985 0.05663716814159292
0 0.7067846607669617 0.22890855457227138 0.04247787610619469 0.04837758112094395
0 0.848377581120944 0.24218289085545722 0.03657817109144543 0.032448377581120944
0 0.13303834808259588 0.30914454277286135 0.043067846607669616 0.07787610619469026
0 0.22920353982300884 0.3135693215339233 0.05132743362831858 0.12094395280235988
0 0.3625368731563422 0.3445427728613569 0.05604719764011799 0.058997050147492625
0 0.5463126843657817 0.32418879056047195 0.0696165191740413 0.06312684365781711
0 0.6870206489675517 0.3858407079646018 0.04424778761061947 0.03893805309734513
0 0.8666666666666667 0.38259587020648966 0.03657817109144543 0.04896755162241888
0 0.13716814159292035 0.5156342182890855 0.038348082595870206 0.044837758112094395
0 0.22359882005899706 0.5489675516224188 0.05663716814159292 0.10914454277286136
0 0.3601769911504425 0.463716814159292 0.05604719764011799 0.05073746312684366
0 0.5306784660766961 0.4690265486725664 0.05604719764011799 0.06725663716814159
0 0.6958702064896755 0.5156342182890855 0.04070796460176991 0.08141592920353982
0 0.8528023598820059 0.5123893805309735 0.04070796460176991 0.07964601769911504
0 0.12477876106194691 0.6814159292035398 0.04660766961651917 0.14749262536873156
0 0.21238938053097345 0.6858407079646017 0.05781710914454277 0.10206489675516224
0 0.3728613569321534 0.6746312684365782 0.0471976401179941 0.08790560471976401
0 0.5141592920353982 0.6112094395280236 0.04424778761061947 0.06607669616519174
0 0.6843657817109144 0.6215339233038348 0.0471976401179941 0.06548672566371681
0 0.8486725663716814 0.6342182890855457 0.04188790560471976 0.04129793510324484
0 0.1415929203539823 0.8053097345132744 0.0967551622418879 0.04247787610619469
0 0.22831858407079647 0.8238938053097346 0.03421828908554572 0.09970501474926254
0 0.3693215339233038 0.7805309734513274 0.035398230088495575 0.07315634218289085
0 0.504424778761062 0.771976401179941 0.0696165191740413 0.061946902654867256
0 0.7041297935103245 0.8362831858407079 0.0808259587020649 0.06430678466076696
0 0.8418879056047197 0.8297935103244838 0.05191740412979351 0.06430678466076696
