0 0.11533923303834809 0.06047197640117994 0.06312684365781711 0.08908554572271386
0 0.26371681415929205 0.05486725663716814 0.05781710914454277 0.0696165191740413
0 0.40648967551622417 0.06725663716814159 0.044837758112094395 0.07315634218289085
0 0.5356932153392331 0.12212389380530973 0.030678466076696165 0.03657817109144543
0 0.6808259587020649 0.061061946902654866 0.10737463126843658 0.05132743362831858
0 0.8548672566371681 0.08171091445427728 0.03657817109144543 0.03716814159292035
0 0.1200589970501475 0.2383480825958702 0.05132743362831858 0.08495575221238938
0 0.24601769911504423 0.18348082595870208 0.054277286135693215 0.058997050147492625
0 0.38495575221238937 0.18053097345132743 0.12212389380530973 0.0696165191740413
0 0.5339233038348082 0.2587020648967552 0.03657817109144543 0.057227138643067846
1 0.7061946902654868 0.2398230088495575 0.04129793510324484 0.03008849557522124
1 0.8489675516224189 0.24365781710914453 0.03775811209439528 0.03303834808259587
0 0.12743362831858407 0.31474926253687313 0.03185840707964602 0.08672566371681416
0 0.22831858407079647 0.3168141592920354 0.05309734513274336 0.10619469026548672
0 0.3607669616519174 0.34572271386430675 0.0607669616519174 0.054277286135693215
0 0.5448377581120943 0.328023598820059 0.06902654867256637 0.05781710914454277
0 0.6876106194690266 0.3811209439528024 0.043067846607669616 0.04601769911504425
0 0.8669616519174042 0.3831858407079646 0.03952802359882006 0.047787610619469026
0 0.3607669616519174 0.46607669616519176 0.052507374631268436 0.0471976401179941
0 0.5306784660766961 0.4690265486725664 0.05368731563421829 0.0696165191740413
0 0.6949852507374631 0.5150442477876106 0.03421828908554572 0.08023598820058997
0 0.8498525073746312 0.512684365781711 0.03952802359882006 0.08141592920353982
0 0.13480825958702064 0.5156342182890855 0.027728613569321534 0.0471976401179941
0 0.22389380530973452 0.5501474926253688 0.05604719764011799 0.10088495575221239
0 0.515339233038348 0.6106194690265486 0.04188790560471976 0.058997050147492625
0 0.6843657817109144 0.6200589970501474 0.044837758112094395 0.058997050147492625
0 0.8498525073746312 0.6348082595870206 0.03716814159292035 0.03893805309734513
0 0.12536873156342182 0.6799410029498525 0.04896755162241888 0.1374631268436578
0 0.2126843657817109 0.6864306784660766 0.057227138643067846 0.10088495575221239
0 0.37079646017699114 0.6769911504424778 0.05132743362831858 0.08908554572271386
0 0.1415929203539823 0.8047197640117993 0.0943952802359882 0.035398230088495575
0 0.22772861356932153 0.8244837758112095 0.03775811209439528 0.10088495575221239
0 0.368141592920354 0.7837758112094395 0.035398230088495575 0.06902654867256637
0 0.5050147492625369 0.7737463126843658 0.06843657817109144 0.0607669616519174
0 0.7023598820058997 0.8383480825958702 0.07492625368731563 0.06017699115044248
0 0.8424778761061946 0.8380530973451328 0.04837758112094395 0.04188790560471976
