1 0.06371681415929203 0.1448377581120944 0.027138643067846607 0.018289085545722714
1 0.2407079646017699 0.13864306784660768 0.027138643067846607 0.020058997050147492
1 0.376401179941003 0.1410029498525074 0.03185840707964602 0.022418879056047197
1 0.5507374631268437 0.12330383480825959 0.03126843657817109 0.02359882005899705
1 0.7035398230088495 0.11946902654867256 0.03008849557522124 0.02654867256637168
1 0.8690265486725663 0.10471976401179942 0.024778761061946902 0.027728613569321534
1 0.0710914454277286 0.30117994100294987 0.03126843657817109 0.012389380530973451
1 0.243952802359882 0.2994100294985251 0.02654867256637168 0.02064896755162242
1 0.3870206489675516 0.30265486725663715 0.03421828908554572 0.022418879056047197
1 0.5448377581120943 0.2994100294985251 0.038348082595870206 0.018289085545722714
1 0.699410029498525 0.28466076696165193 0.03008849557522124 0.02064896755162242
1 0.8805309734513275 0.27699115044247785 0.0359882005899705 0.018289085545722714
1 0.06489675516224189 0.45191740412979353 0.024778761061946902 0.016519174041297935
1 0.240117994100295 0.4492625368731563 0.029498525073746312 0.01710914454277286
1 0.3920353982300885 0.44424778761061945 0.03126843657817109 0.020058997050147492
1 0.5489675516224188 0.4421828908554572 0.02536873156342183 0.023008849557522124
1 0.7135693215339233 0.4398230088495575 0.02654867256637168 0.018289085545722714
1 0.8769911504424779 0.4410029498525074 0.028908554572271386 0.02064896755162242
1 0.06165191740412979 0.5997050147492625 0.02654867256637168 0.01592920353982301
1 0.24926253687315633 0.5882005899705015 0.028908554572271386 0.020058997050147492
1 0.39410029498525073 0.5796460176991151 0.030678466076696165 0.018289085545722714
1 0.5528023598820059 0.5790560471976401 0.030678466076696165 0.01710914454277286
1 0.712094395280236 0.5784660766961652 0.029498525073746312 0.018289085545722714
1 0.8746312684365781 0.5817109144542773 0.02654867256637168 0.027138643067846607
1 0.06312684365781711 0.7200589970501475 0.029498525073746312 0.01592920353982301
1 0.24336283185840707 0.7174041297935103 0.032448377581120944 0.02359882005899705
1 0.3949852507374631 0.7079646017699115 0.03126843657817109 0.02359882005899705
1 0.5513274336283186 0.6991150442477876 0.032448377581120944 0.02359882005899705
1 0.7097345132743362 0.7011799410029499 0.03421828908554572 0.02182890855457227
1 0.879646017699115 0.7135693215339233 0.03657817109144543 0.018289085545722714
1 0.06519174041297934 0.8351032448377581 0.032448377581120944 0.01710914454277286
1 0.2407079646017699 0.8433628318584071 0.030678466076696165 0.018289085545722714
1 0.3952802359882006 0.8492625368731563 0.03303834808259587 0.014749262536873156
1 0.5539823008849557 0.8492625368731563 0.03303834808259587 0.019469026548672566
1 0.7233038348082595 0.8578171091445428 0.030678466076696165 0.01887905604719764
1 0.8805309734513275 0.8755162241887906 0.027728613569321534 0.022418879056047197
