1 0.11032448377581121 0.10619469026548672 0.03421828908554572 0.02359882005899705
1 0.25604719764011796 0.10412979351032448 0.03657817109144543 0.018289085545722714
1 0.3985250737463127 0.10855457227138643 0.03126843657817109 0.020058997050147492
1 0.5436578171091445 0.10914454277286136 0.0359882005899705 0.017699115044247787
1 0.7126843657817109 0.11769911504424779 0.035398230088495575 0.02182890855457227
1 0.8578171091445428 0.12566371681415928 0.03657817109144543 0.020058997050147492
1 0.12123893805309735 0.22772861356932153 0.03008849557522124 0.020058997050147492
1 0.24218289085545722 0.2303834808259587 0.02536873156342183 0.019469026548672566
1 0.396165191740413 0.22920353982300884 0.03126843657817109 0.02182890855457227
1 0.5421828908554572 0.231858407079646 0.03775811209439528 0.020058997050147492
1 0.7023598820058997 0.22920353982300884 0.038348082595870206 0.019469026548672566
1 0.8595870206489675 0.23569321533923304 0.03775811209439528 0.02182890855457227
1 0.12418879056047197 0.3693215339233038 0.03008849557522124 0.022418879056047197
1 0.2374631268436578 0.3631268436578171 0.033628318584070796 0.01710914454277286
1 0.3710914454277286 0.3705014749262537 0.03657817109144543 0.024778761061946902
1 0.5474926253687316 0.3702064896755162 0.035398230088495575 0.02064896755162242
1 0.6914454277286135 0.36519174041297936 0.035398230088495575 0.022418879056047197
1 0.8643067846607669 0.37846607669616517 0.03893805309734513 0.019469026548672566
1 0.12094395280235988 0.5259587020648967 0.025958702064896755 0.02654867256637168
1 0.2368731563421829 0.5274336283185841 0.032448377581120944 0.02359882005899705
1 0.3693215339233038 0.5061946902654867 0.03775811209439528 0.025958702064896755
1 0.5480825958702065 0.5005899705014749 0.03657817109144543 0.02182890855457227
1 0.6973451327433628 0.49498525073746313 0.035398230088495575 0.022418879056047197
1 0.8545722713864307 0.49085545722713864 0.04070796460176991 0.02359882005899705
1 0.11445427728613569 0.6637168141592921 0.03421828908554572 0.01887905604719764
1 0.2303834808259587 0.668141592920354 0.032448377581120944 0.019469026548672566
1 0.3693215339233038 0.664306784660767 0.035398230088495575 0.022418879056047197
1 0.5277286135693215 0.6610619469026549 0.032448377581120944 0.02064896755162242
1 0.692330383480826 0.6604719764011799 0.03716814159292035 0.02536873156342183
1 0.8530973451327434 0.6619469026548672 0.040117994100294985 0.022418879056047197
1 0.12507374631268436 0.8091445427728613 0.035398230088495575 0.018289085545722714
1 0.2368731563421829 0.8103244837758112 0.0359882005899705 0.018289085545722714
1 0.371976401179941 0.8144542772861357 0.038348082595870206 0.018289085545722714
1 0.515929203539823 0.8144542772861357 0.038348082595870206 0.024188790560471976
1 0.692330383480826 0.8035398230088495 0.03716814159292035 0.022418879056047197
1 0.848377581120944 0.8106194690265487 0.03893805309734513 0.021238938053097345
