0 0.09793510324483776 0.07551622418879056 0.04837758112094395 0.058997050147492625
0 0.259882005899705 0.07227138643067846 0.057227138643067846 0.07374631268436578
0 0.4 0.08023598820058997 0.044837758112094395 0.08141592920353982
1 0.5345132743362832 0.13156342182890857 0.030678466076696165 0.03421828908554572
0 0.7014749262536873 0.06696165191740414 0.05781710914454277 0.06312684365781711
0 0.8504424778761062 0.0920353982300885 0.038348082595870206 0.03185840707964602
0 0.12212389380530973 0.2448377581120944 0.06017699115044248 0.058997050147492625
0 0.24454277286135692 0.20442477876106194 0.05132743362831858 0.06430678466076696
0 0.396165191740413 0.19705014749262537 0.08436578171091445 0.07079646017699115
0 0.532448377581121 0.2663716814159292 0.033628318584070796 0.05486725663716814
0 0.7061946902654868 0.2368731563421829 0.04601769911504425 0.05604719764011799
0 0.8572271386430679 0.252212389380531 0.058997050147492625 0.04424778761061947
0 0.12979351032448377 0.34100294985250734 0.0471976401179941 0.08377581120943953
0 0.22772861356932153 0.34129793510324485 0.04601769911504425 0.08672566371681416
0 0.36902654867256635 0.343952802359882 0.05368731563421829 0.06017699115044248
0 0.5433628318584071 0.34129793510324485 0.0696165191740413 0.057227138643067846
0 0.6890855457227139 0.3896755162241888 0.05073746312684366 0.057227138643067846
1 0.8643067846607669 0.3823008849557522 0.03657817109144543 0.022418879056047197
0 0.14129793510324484 0.536283185840708 0.05604719764011799 0.06017699115044248
0 0.22979351032448378 0.547787610619469 0.052507374631268436 0.07256637168141593
0 0.36342182890855457 0.4814159292035398 0.0471976401179941 0.05191740412979351
0 0.5383480825958702 0.4823008849557522 0.05958702064896755 0.061946902654867256
0 0.6952802359882005 0.5200589970501475 0.03952802359882006 0.06430678466076696
0 0.8463126843657817 0.5203539823008849 0.04070796460176991 0.0696165191740413
0 0.11415929203539824 0.6867256637168142 0.04424778761061947 0.08731563421828908
0 0.22654867256637168 0.6893805309734513 0.035398230088495575 0.07256637168141593
0 0.36607669616519173 0.6793510324483776 0.04188790560471976 0.05486725663716814
0 0.5135693215339233 0.6300884955752213 0.038348082595870206 0.0696165191740413
0 0.687905604719764 0.6330383480825958 0.04837758112094395 0.058997050147492625
1 0.8498525073746312 0.6604719764011799 0.04188790560471976 0.027728613569321534
0 0.13008849557522123 0.8230088495575221 0.07610619469026549 0.035398230088495575
0 0.2351032448377581 0.8368731563421828 0.03952802359882006 0.07610619469026549
0 0.3705014749262537 0.7997050147492625 0.040117994100294985 0.05368731563421829
0 0.5029498525073747 0.7902654867256637 0.0584070796460177 0.05958702064896755
0 0.6896755162241888 0.8230088495575221 0.03657817109144543 0.06489675516224189
0 0.8489675516224189 0.8362831858407079 0.04601769911504425 0.05132743362831858
