0 0.15427728613569322 0.18377581120943953 0.05958702064896755 0.06548672566371681
0 0.29793510324483774 0.1616519174041298 0.08613569321533923 0.06843657817109144
0 0.49380530973451325 0.22389380530973452 0.06135693215339233 0.05958702064896755
0 0.6300884955752213 0.2168141592920354 0.040117994100294985 0.08672566371681416
0 0.7935103244837758 0.16666666666666666 0.07079646017699115 0.09970501474926254
0 0.8654867256637168 0.19616519174041297 0.08141592920353982 0.04070796460176991
0 0.15221238938053097 0.36430678466076694 0.03893805309734513 0.06430678466076696
0 0.31887905604719763 0.37669616519174043 0.057227138643067846 0.0607669616519174
0 0.508259587020649 0.39705014749262535 0.05368731563421829 0.06135693215339233
0 0.6386430678466076 0.3070796460176991 0.07020648967551622 0.06784660766961652
0 0.7728613569321534 0.31622418879056047 0.04837758112094395 0.10501474926253687
0 0.8902654867256637 0.347787610619469 0.05545722713864307 0.15516224188790562
0 0.15545722713864307 0.48731563421828905 0.04542772861356932 0.07787610619469026
0 0.3079646017699115 0.484070796460177 0.035398230088495575 0.09498525073746313
0 0.4696165191740413 0.5292035398230088 0.06253687315634218 0.0743362831858407
0 0.6389380530973451 0.5351032448377581 0.05781710914454277 0.05545722713864307
0 0.7823008849557522 0.44837758112094395 0.0743362831858407 0.10619469026548672
0 0.8687315634218289 0.4678466076696165 0.07964601769911504 0.08259587020648967
0 0.13628318584070798 0.6182890855457227 0.03657817109144543 0.058997050147492625
0 0.3100294985250737 0.6327433628318584 0.05368731563421829 0.05132743362831858
0 0.45309734513274336 0.664306784660767 0.0696165191740413 0.04601769911504425
0 0.6368731563421829 0.6289085545722713 0.05604719764011799 0.10855457227138643
0 0.7893805309734513 0.6890855457227139 0.06017699115044248 0.1191740412979351
0 0.8775811209439528 0.6781710914454278 0.052507374631268436 0.06312684365781711
0 0.13805309734513274 0.7737463126843658 0.06843657817109144 0.07374631268436578
0 0.30117994100294987 0.7761061946902654 0.07256637168141593 0.05368731563421829
0 0.4766961651917404 0.7365781710914454 0.08259587020648967 0.05604719764011799
0 0.6545722713864307 0.8247787610619469 0.12566371681415928 0.05781710914454277
0 0.7545722713864307 0.8123893805309734 0.06135693215339233 0.04365781710914454
0 0.8825958702064897 0.7628318584070797 0.06607669616519174 0.0743362831858407
0 0.14778761061946902 0.8958702064896755 0.038348082595870206 0.04188790560471976
0 0.33126843657817107 0.9410029498525073 0.09852507374631268 0.04837758112094395
0 0.46578171091445425 0.8825958702064897 0.028908554572271386 0.03893805309734513
0 0.5929203539823009 0.9398230088495575 0.05545722713864307 0.05663716814159292
0 0.7460176991150442 0.948377581120944 0.07610619469026549 0.05014749262536873
0 0.8811209439528024 0.9427728613569322 0.0607669616519174 0.10501474926253687
