0 0.11887905604719765 0.07905604719764012 0.04542772861356932 0.07551622418879056
0 0.2622418879056047 0.06725663716814159 0.052507374631268436 0.07079646017699115
0 0.4061946902654867 0.07905604719764012 0.04070796460176991 0.06253687315634218
1 0.5371681415929204 0.13480825958702064 0.038348082595870206 0.038348082595870206
0 0.6938053097345133 0.07168141592920355 0.049557522123893805 0.061946902654867256
1 0.8563421828908554 0.09734513274336283 0.03716814159292035 0.029498525073746312
0 0.12536873156342182 0.25162241887905606 0.05958702064896755 0.06666666666666667
0 0.24808259587020648 0.20707964601769913 0.05486725663716814 0.058997050147492625
0 0.391740412979351 0.19557522123893806 0.09321533923303835 0.07610619469026549
0 0.5330383480825959 0.2663716814159292 0.03008849557522124 0.05486725663716814
1 0.7109144542772862 0.2398230088495575 0.044837758112094395 0.05368731563421829
1 0.8542772861356932 0.25722713864306784 0.05663716814159292 0.049557522123893805
0 0.12949852507374632 0.3339233038348083 0.04070796460176991 0.08731563421828908
0 0.22772861356932153 0.33480825958702065 0.04601769911504425 0.09970501474926254
0 0.36991150442477877 0.34572271386430675 0.0471976401179941 0.05663716814159292
0 0.5436578171091445 0.34041297935103243 0.06430678466076696 0.058997050147492625
0 0.6920353982300885 0.3852507374631268 0.04837758112094395 0.058997050147492625
1 0.868141592920354 0.3938053097345133 0.03952802359882006 0.04188790560471976
0 0.1383480825958702 0.5353982300884955 0.05368731563421829 0.07374631268436578
0 0.23097345132743363 0.556047197640118 0.052507374631268436 0.08908554572271386
0 0.3616519174041298 0.48200589970501473 0.04837758112094395 0.05073746312684366
0 0.5359882005899705 0.48289085545722715 0.05368731563421829 0.06312684365781711
0 0.6938053097345133 0.5286135693215339 0.03657817109144543 0.06843657817109144
0 0.8542772861356932 0.5253687315634218 0.04365781710914454 0.07728613569321534
0 0.11533923303834809 0.7135693215339233 0.03126843657817109 0.07374631268436578
0 0.22094395280235987 0.6938053097345133 0.038348082595870206 0.08613569321533923
0 0.36843657817109143 0.68023598820059 0.03952802359882006 0.06725663716814159
0 0.515339233038348 0.628023598820059 0.04424778761061947 0.06548672566371681
0 0.6858407079646017 0.6336283185840708 0.04660766961651917 0.06253687315634218
1 0.8501474926253687 0.6604719764011799 0.035398230088495575 0.02182890855457227
0 0.1398230088495575 0.8150442477876106 0.08259587020648967 0.038348082595870206
0 0.22890855457227138 0.8327433628318583 0.040117994100294985 0.09734513274336283
1 0.3672566371681416 0.799410029498525 0.033628318584070796 0.06489675516224189
0 0.503834808259587 0.7882005899705015 0.06843657817109144 0.05545722713864307
0 0.6852507374631268 0.8277286135693215 0.038348082595870206 0.07905604719764012
0 0.8498525073746312 0.8442477876106195 0.05014749262536873 0.05545722713864307
