1 0.1471976401179941 0.08643067846607669 0.038348082595870206 0.0359882005899705
1 0.3029498525073746 0.11740412979351032 0.03008849557522124 0.029498525073746312
1 0.4766961651917404 0.13864306784660768 0.030678466076696165 0.022418879056047197
0 0.6463126843657817 0.1687315634218289 0.02536873156342183 0.04129793510324484
1 0.8259587020648967 0.1870206489675516 0.024778761061946902 0.03185840707964602
1 0.9424778761061947 0.1486725663716814 0.028908554572271386 0.017699115044247787
1 0.12654867256637167 0.3041297935103245 0.03480825958702065 0.02182890855457227
0 0.33539823008849556 0.30442477876106194 0.018289085545722714 0.04365781710914454
0 0.456047197640118 0.2831858407079646 0.03657817109144543 0.024778761061946902
1 0.6256637168141593 0.3380530973451327 0.032448377581120944 0.030678466076696165
0 0.7828908554572271 0.3359882005899705 0.027138643067846607 0.038348082595870206
1 0.9339233038348083 0.32035398230088497 0.02831858407079646 0.03185840707964602
0 0.1392330383480826 0.4663716814159292 0.027138643067846607 0.03716814159292035
1 0.28938053097345134 0.4359882005899705 0.03126843657817109 0.027138643067846607
1 0.4504424778761062 0.44365781710914454 0.0359882005899705 0.022418879056047197
1 0.6300884955752213 0.459882005899705 0.02359882005899705 0.04070796460176991
1 0.7764011799410029 0.4345132743362832 0.020058997050147492 0.04424778761061947
1 0.9392330383480826 0.4551622418879056 0.022418879056047197 0.02536873156342183
0 0.1410029498525074 0.559882005899705 0.029498525073746312 0.04601769911504425
1 0.29705014749262537 0.6005899705014749 0.03126843657817109 0.03893805309734513
1 0.45250737463126844 0.5796460176991151 0.030678466076696165 0.02182890855457227
1 0.6064896755162241 0.5808259587020649 0.03657817109144543 0.023008849557522124
1 0.7513274336283186 0.5946902654867257 0.03008849557522124 0.02359882005899705
1 0.940117994100295 0.5935103244837758 0.027728613569321534 0.029498525073746312
1 0.13303834808259588 0.7058997050147493 0.02182890855457227 0.033628318584070796
1 0.2935103244837758 0.7132743362831858 0.032448377581120944 0.024778761061946902
0 0.4575221238938053 0.7085545722713864 0.033628318584070796 0.0471976401179941
1 0.612094395280236 0.7179941002949852 0.032448377581120944 0.02359882005899705
1 0.7412979351032448 0.6997050147492625 0.033628318584070796 0.024778761061946902
1 0.9247787610619469 0.7047197640117994 0.033628318584070796 0.0359882005899705
1 0.11061946902654868 0.8758112094395281 0.027728613569321534 0.033628318584070796
1 0.3014749262536873 0.8584070796460177 0.02359882005899705 0.03893805309734513
1 0.4539823008849557 0.8693215339233038 0.032448377581120944 0.03716814159292035
1 0.5899705014749262 0.8094395280235989 0.035398230088495575 0.03185840707964602
1 0.7451327433628319 0.8294985250737463 0.025958702064896755 0.04247787610619469
1 0.931268436578171 0.831858407079646 0.03716814159292035 0.03421828908554572
