1 0.10117994100294986 0.12861356932153392 0.028908554572271386 0.024778761061946902
1 0.2303834808259587 0.14513274336283186 0.03126843657817109 0.021238938053097345
1 0.38495575221238937 0.14690265486725662 0.02182890855457227 0.02831858407079646
1 0.5356932153392331 0.14513274336283186 0.030678466076696165 0.01887905604719764
1 0.6920353982300885 0.14660766961651917 0.02359882005899705 0.038348082595870206
1 0.8480825958702065 0.11976401179941003 0.03480825958702065 0.01887905604719764
1 0.09941002949852507 0.335693215339233 0.028908554572271386 0.01887905604719764
1 0.21622418879056046 0.32831858407079645 0.028908554572271386 0.02064896755162242
1 0.37374631268436576 0.32271386430678467 0.033628318584070796 0.020058997050147492
1 0.5150442477876106 0.3525073746312684 0.03303834808259587 0.019469026548672566
1 0.6808259587020649 0.3463126843657817 0.03893805309734513 0.02359882005899705
1 0.8424778761061946 0.36194690265486723 0.03421828908554572 0.019469026548672566
1 0.08879056047197639 0.4755162241887906 0.03126843657817109 0.021238938053097345
1 0.23539823008849559 0.4725663716814159 0.027138643067846607 0.01887905604719764
1 0.3828908554572271 0.5020648967551622 0.029498525073746312 0.020058997050147492
1 0.5365781710914455 0.5218289085545723 0.028908554572271386 0.02064896755162242
1 0.6893805309734513 0.512684365781711 0.032448377581120944 0.021238938053097345
1 0.8377581120943953 0.5144542772861357 0.035398230088495575 0.021238938053097345
1 0.09616519174041298 0.6168141592920354 0.03185840707964602 0.02182890855457227
1 0.24277286135693216 0.6244837758112094 0.028908554572271386 0.01710914454277286
1 0.38436578171091446 0.6383480825958702 0.03480825958702065 0.020058997050147492
1 0.5294985250737463 0.6262536873156342 0.032448377581120944 0.02064896755162242
1 0.6870206489675517 0.6283185840707964 0.033628318584070796 0.020058997050147492
1 0.8480825958702065 0.6330383480825958 0.038348082595870206 0.020058997050147492
1 0.10265486725663717 0.7631268436578171 0.03185840707964602 0.024188790560471976
1 0.243952802359882 0.7654867256637168 0.033628318584070796 0.02182890855457227
1 0.39764011799410026 0.7669616519174041 0.03893805309734513 0.022418879056047197
1 0.5507374631268437 0.7731563421828909 0.03716814159292035 0.023008849557522124
1 0.7056047197640118 0.7740412979351032 0.03421828908554572 0.024778761061946902
1 0.8507374631268436 0.7805309734513274 0.030678466076696165 0.03185840707964602
1 0.10442477876106195 0.9014749262536873 0.03185840707964602 0.02359882005899705
1 0.2657817109144543 0.9 0.03126843657817109 0.02182890855457227
1 0.4088495575221239 0.9112094395280236 0.030678466076696165 0.023008849557522124
1 0.563716814159292 0.9147492625368732 0.033628318584070796 0.023008849557522124
1 0.7091445427728613 0.9138643067846608 0.030678466076696165 0.025958702064896755
1 0.8654867256637168 0.9047197640117994 0.035398230088495575 0.019469026548672566
