0 0.22448377581120943 0.2 0.16814159292035397 0.058997050147492625
0 0.3466076696165192 0.21386430678466076 0.052507374631268436 0.07846607669616519
0 0.44277286135693217 0.16047197640117994 0.06430678466076696 0.10737463126843658
0 0.6179941002949852 0.15309734513274337 0.13628318584070798 0.11150442477876106
1 0.7457227138643068 0.16047197640117994 0.03303834808259587 0.021238938053097345
0 0.8923303834808259 0.17610619469026548 0.043067846607669616 0.09144542772861357
0 0.2294985250737463 0.3286135693215339 0.11799410029498525 0.10619469026548672
0 0.3153392330383481 0.3230088495575221 0.05132743362831858 0.05486725663716814
0 0.45722713864306785 0.3339233038348083 0.0743362831858407 0.071976401179941
0 0.5710914454277286 0.23569321533923304 0.1191740412979351 0.11622418879056047
0 0.7277286135693215 0.27168141592920353 0.03126843657817109 0.04660766961651917
0 0.8486725663716814 0.33244837758112095 0.03952802359882006 0.05132743362831858
0 0.22035398230088496 0.44542772861356933 0.033628318584070796 0.05663716814159292
0 0.3445427728613569 0.4271386430678466 0.12743362831858407 0.10383480825958702
0 0.46607669616519176 0.48023598820059 0.04601769911504425 0.044837758112094395
0 0.5896755162241888 0.39941002949852505 0.10914454277286136 0.08023598820058997
0 0.6967551622418879 0.3858407079646018 0.08259587020648967 0.15221238938053097
0 0.8513274336283185 0.40294985250737464 0.03657817109144543 0.044837758112094395
0 0.22448377581120943 0.5743362831858407 0.03716814159292035 0.03952802359882006
0 0.33303834808259586 0.5383480825958702 0.10206489675516224 0.05368731563421829
0 0.6176991150442478 0.5492625368731563 0.07315634218289085 0.14277286135693215
0 0.7348082595870207 0.5902654867256637 0.10088495575221239 0.06548672566371681
0 0.8938053097345132 0.5398230088495575 0.04601769911504425 0.04601769911504425
0 0.49616519174041296 0.6023598820058997 0.04837758112094395 0.0471976401179941
0 0.2112094395280236 0.7634218289085546 0.12861356932153392 0.05191740412979351
0 0.34188790560471977 0.740117994100295 0.08790560471976401 0.06430678466076696
1 0.49262536873156343 0.7206489675516224 0.020058997050147492 0.04070796460176991
0 0.6634218289085546 0.7321533923303835 0.07374631268436578 0.03421828908554572
1 0.7672566371681416 0.7330383480825958 0.052507374631268436 0.03126843657817109
0 0.8923303834808259 0.7271386430678466 0.05958702064896755 0.06666666666666667
0 0.23333333333333334 0.8353982300884956 0.06312684365781711 0.08141592920353982
0 0.36843657817109143 0.8578171091445428 0.07610619469026549 0.0967551622418879
0 0.5176991150442478 0.8643067846607669 0.1351032448377581 0.08377581120943953
0 0.6495575221238938 0.8905604719764012 0.035398230088495575 0.04660766961651917
0 0.7985250737463127 0.8407079646017699 0.07610619469026549 0.0967551622418879
0 0.8988200589970501 0.8825958702064897 0.04070796460176991 0.03421828908554572
