0 0.10176991150442477 0.1182890855457227 0.038348082595870206 0.028908554572271386
0 0.20324483775811208 0.15309734513274337 0.07610619469026549 0.08436578171091445
0 0.35221238938053095 0.10501474926253687 0.040117994100294985 0.0471976401179941
0 0.4831858407079646 0.13539823008849558 0.13215339233038348 0.07846607669616519
0 0.643952802359882 0.15781710914454278 0.05486725663716814 0.05486725663716814
0 0.7684365781710915 0.16902654867256636 0.06548672566371681 0.07728613569321534
0 0.10973451327433628 0.27227138643067844 0.058997050147492625 0.06666666666666667
1 0.22979351032448378 0.2657817109144543 0.052507374631268436 0.032448377581120944
1 0.34100294985250734 0.2672566371681416 0.07551622418879056 0.03775811209439528
1 0.49793510324483775 0.28023598820059 0.03303834808259587 0.03775811209439528
0 0.6666666666666666 0.2536873156342183 0.09085545722713864 0.06843657817109144
0 0.7855457227138642 0.23303834808259588 0.12566371681415928 0.04837758112094395
1 0.10619469026548672 0.45958702064896756 0.04247787610619469 0.04247787610619469
0 0.2663716814159292 0.40914454277286133 0.09970501474926254 0.06548672566371681
0 0.3817109144542773 0.45073746312684365 0.06489675516224189 0.13805309734513274
1 0.5041297935103245 0.39823008849557523 0.05132743362831858 0.04837758112094395
0 0.6657817109144543 0.4589970501474926 0.09852507374631268 0.05781710914454277
0 0.7781710914454277 0.42625368731563423 0.03775811209439528 0.03952802359882006
0 0.1480825958702065 0.5994100294985251 0.03657817109144543 0.04247787610619469
0 0.29970501474926253 0.6141592920353982 0.08023598820058997 0.15221238938053097
0 0.412094395280236 0.6047197640117994 0.11268436578171091 0.07669616519174041
0 0.5339233038348082 0.5194690265486726 0.0471976401179941 0.04188790560471976
0 0.5404129793510324 0.6646017699115044 0.06607669616519174 0.06430678466076696
0 0.6867256637168142 0.6749262536873156 0.04837758112094395 0.05073746312684366
0 0.771386430678466 0.6710914454277286 0.1079646017699115 0.09970501474926254
0 0.11091445427728613 0.8383480825958702 0.04365781710914454 0.11799410029498525
1 0.2533923303834808 0.8359882005899705 0.03126843657817109 0.020058997050147492
0 0.43156342182890856 0.7587020648967552 0.11740412979351032 0.11091445427728613
0 0.41238938053097346 0.8297935103244838 0.0696165191740413 0.07492625368731563
0 0.5533923303834808 0.8348082595870207 0.05545722713864307 0.10855457227138643
0 0.6542772861356932 0.7876106194690266 0.044837758112094395 0.0743362831858407
0 0.771386430678466 0.7988200589970501 0.16814159292035397 0.06253687315634218
0 0.7766961651917405 0.5519174041297935 0.04070796460176991 0.04896755162241888
0 0.6660766961651917 0.5654867256637168 0.14041297935103245 0.08790560471976401
0 0.2737463126843658 0.7277286135693215 0.02831858407079646 0.043067846607669616
1 0.1528023598820059 0.6669616519174041 0.03657817109144543 0.047787610619469026
