1 0.10235988200589971 0.12861356932153392 0.03126843657817109 0.025958702064896755
1 0.23156342182890854 0.14513274336283186 0.03480825958702065 0.024778761061946902
1 0.3864306784660767 0.14601769911504425 0.024778761061946902 0.03126843657817109
1 0.5368731563421829 0.14513274336283186 0.03303834808259587 0.022418879056047197
1 0.6926253687315634 0.14601769911504425 0.02359882005899705 0.03952802359882006
1 0.8504424778761062 0.11946902654867256 0.0359882005899705 0.02064896755162242
1 0.1 0.33539823008849556 0.028908554572271386 0.019469026548672566
1 0.215929203539823 0.3292035398230089 0.027138643067846607 0.021238938053097345
1 0.371976401179941 0.32359882005899704 0.032448377581120944 0.019469026548672566
1 0.5174041297935104 0.3519174041297935 0.035398230088495575 0.018289085545722714
1 0.6799410029498525 0.34572271386430675 0.0359882005899705 0.022418879056047197
1 0.8430678466076696 0.3616519174041298 0.03657817109144543 0.020058997050147492
1 0.0911504424778761 0.4749262536873156 0.03008849557522124 0.021238938053097345
1 0.23628318584070795 0.47168141592920354 0.028908554572271386 0.02182890855457227
1 0.3823008849557522 0.5023598820058996 0.03303834808259587 0.018289085545722714
1 0.5368731563421829 0.5221238938053098 0.03303834808259587 0.01887905604719764
1 0.6890855457227139 0.5129793510324484 0.03775811209439528 0.023008849557522124
1 0.8380530973451328 0.515339233038348 0.033628318584070796 0.018289085545722714
1 0.09616519174041298 0.6191740412979351 0.03421828908554572 0.018289085545722714
1 0.24218289085545722 0.6268436578171092 0.03008849557522124 0.018289085545722714
1 0.38672566371681416 0.640117994100295 0.028908554572271386 0.01887905604719764
1 0.5274336283185841 0.6241887905604719 0.03421828908554572 0.021238938053097345
1 0.6861356932153392 0.6294985250737463 0.03421828908554572 0.021238938053097345
1 0.8469026548672566 0.6333333333333333 0.028908554572271386 0.018289085545722714
1 0.10265486725663717 0.7640117994100295 0.025958702064896755 0.020058997050147492
1 0.24631268436578171 0.7672566371681416 0.03008849557522124 0.018289085545722714
1 0.3979351032448378 0.7672566371681416 0.032448377581120944 0.02064896755162242
1 0.551622418879056 0.7731563421828909 0.035398230088495575 0.019469026548672566
1 0.7079646017699115 0.7752212389380531 0.03421828908554572 0.025958702064896755
1 0.8519174041297934 0.7811209439528024 0.03775811209439528 0.03303834808259587
1 0.10648967551622418 0.9026548672566371 0.033628318584070796 0.02359882005899705
1 0.2669616519174041 0.9002949852507375 0.03008849557522124 0.022418879056047197
1 0.4085545722713864 0.912094395280236 0.032448377581120944 0.024778761061946902
1 0.5625368731563422 0.9135693215339233 0.028908554572271386 0.02182890855457227
1 0.7088495575221239 0.9147492625368732 0.03008849557522124 0.03008849557522124
1 0.8654867256637168 0.904424778761062 0.03421828908554572 0.020058997050147492
