1 0.11150442477876106 0.10412979351032448 0.03893805309734513 0.023008849557522124
1 0.2557522123893805 0.10471976401179942 0.033628318584070796 0.02182890855457227
1 0.3985250737463127 0.10914454277286136 0.033628318584070796 0.02359882005899705
1 0.5415929203539823 0.1079646017699115 0.03185840707964602 0.022418879056047197
1 0.7117994100294985 0.1182890855457227 0.0359882005899705 0.028908554572271386
1 0.8581120943952802 0.12566371681415928 0.038348082595870206 0.02359882005899705
1 0.1224188790560472 0.22920353982300884 0.033628318584070796 0.02536873156342183
1 0.24365781710914453 0.22861356932153393 0.030678466076696165 0.02064896755162242
1 0.39321533923303836 0.22861356932153393 0.032448377581120944 0.024188790560471976
1 0.5412979351032449 0.2303834808259587 0.038348082595870206 0.024188790560471976
1 0.7032448377581121 0.22772861356932153 0.04129793510324484 0.022418879056047197
1 0.8587020648967552 0.2359882005899705 0.033628318584070796 0.02831858407079646
1 0.12448377581120944 0.3696165191740413 0.030678466076696165 0.02536873156342183
1 0.23569321533923304 0.36224188790560474 0.033628318584070796 0.020058997050147492
1 0.36991150442477877 0.36991150442477877 0.035398230088495575 0.02359882005899705
1 0.5457227138643068 0.3705014749262537 0.03421828908554572 0.02359882005899705
1 0.691150442477876 0.363716814159292 0.038348082595870206 0.02064896755162242
1 0.8663716814159292 0.37787610619469025 0.038348082595870206 0.01592920353982301
1 0.1215339233038348 0.5268436578171092 0.02831858407079646 0.030678466076696165
1 0.2365781710914454 0.5247787610619469 0.03185840707964602 0.02182890855457227
1 0.3702064896755162 0.5076696165191741 0.033628318584070796 0.02182890855457227
1 0.5492625368731563 0.4994100294985251 0.035398230088495575 0.02536873156342183
1 0.6976401179941003 0.4943952802359882 0.033628318584070796 0.01887905604719764
1 0.8557522123893805 0.49085545722713864 0.03716814159292035 0.021238938053097345
1 0.11474926253687315 0.6619469026548672 0.03126843657817109 0.02359882005899705
1 0.2327433628318584 0.6660766961651917 0.03480825958702065 0.022418879056047197
1 0.36666666666666664 0.664306784660767 0.03716814159292035 0.025958702064896755
1 0.5292035398230088 0.6628318584070796 0.03185840707964602 0.02182890855457227
1 0.6917404129793511 0.6616519174041298 0.033628318584070796 0.02064896755162242
1 0.8533923303834808 0.6625368731563421 0.0359882005899705 0.021238938053097345
1 0.12212389380530973 0.8117994100294985 0.030678466076696165 0.02359882005899705
1 0.2365781710914454 0.8109144542772861 0.035398230088495575 0.02182890855457227
1 0.37256637168141593 0.815929203539823 0.03480825958702065 0.021238938053097345
1 0.5135693215339233 0.8147492625368732 0.03126843657817109 0.02359882005899705
1 0.6908554572271386 0.8056047197640118 0.035398230088495575 0.018289085545722714
1 0.8489675516224189 0.8117994100294985 0.03421828908554572 0.020058997050147492
