0 0.11946902654867256 0.05752212389380531 0.052507374631268436 0.10324483775811209
0 0.2448377581120944 0.03392330383480826 0.08023598820058997 0.061946902654867256
0 0.4020648967551622 0.04070796460176991 0.06902654867256637 0.05781710914454277
0 0.6663716814159292 0.05221238938053097 0.11504424778761062 0.038348082595870206
0 0.8510324483775811 0.0967551622418879 0.03952802359882006 0.03775811209439528
0 0.11651917404129794 0.23067846607669618 0.06430678466076696 0.05545722713864307
0 0.2377581120943953 0.18112094395280237 0.03657817109144543 0.03185840707964602
0 0.34188790560471977 0.1696165191740413 0.11386430678466077 0.07846607669616519
1 0.532448377581121 0.1191740412979351 0.033628318584070796 0.035398230088495575
0 0.12035398230088495 0.32182890855457225 0.05191740412979351 0.05604719764011799
0 0.20206489675516223 0.29380530973451324 0.07374631268436578 0.12035398230088495
0 0.5221238938053098 0.26253687315634217 0.08377581120943953 0.05781710914454277
0 0.6952802359882005 0.22300884955752212 0.06312684365781711 0.044837758112094395
0 0.8604719764011799 0.22418879056047197 0.06312684365781711 0.0696165191740413
0 0.3631268436578171 0.3743362831858407 0.057227138643067846 0.10206489675516224
1 0.5474926253687316 0.3374631268436578 0.0696165191740413 0.04247787610619469
0 0.6846607669616519 0.3530973451327434 0.03716814159292035 0.05486725663716814
1 0.8657817109144542 0.37964601769911505 0.04188790560471976 0.057227138643067846
0 0.35929203539823007 0.46519174041297934 0.05191740412979351 0.05132743362831858
0 0.5300884955752212 0.47109144542772863 0.052507374631268436 0.06312684365781711
0 0.6914454277286135 0.5144542772861357 0.03421828908554572 0.09085545722713864
0 0.12890855457227138 0.5286135693215339 0.07846607669616519 0.08967551622418879
0 0.20825958702064895 0.5539823008849557 0.07551622418879056 0.09911504424778761
0 0.8445427728613569 0.5123893805309735 0.04424778761061947 0.07138643067846608
0 0.484070796460177 0.6008849557522123 0.05486725663716814 0.057227138643067846
0 0.671386430678466 0.6271386430678466 0.03893805309734513 0.05545722713864307
0 0.8492625368731563 0.6200589970501474 0.033628318584070796 0.04247787610619469
0 0.0743362831858407 0.6539823008849558 0.12979351032448377 0.1433628318584071
0 0.22359882005899706 0.6852507374631268 0.04365781710914454 0.10442477876106195
0 0.3631268436578171 0.695575221238938 0.07610619469026549 0.06017699115044248
0 0.13569321533923304 0.8053097345132744 0.07787610619469026 0.044837758112094395
0 0.19646017699115043 0.8280235988200589 0.08377581120943953 0.08790560471976401
0 0.36902654867256635 0.7825958702064897 0.03716814159292035 0.09026548672566372
0 0.5073746312684366 0.7793510324483776 0.05781710914454277 0.05073746312684366
0 0.7061946902654868 0.8383480825958702 0.08259587020648967 0.06607669616519174
0 0.8457227138643068 0.8168141592920354 0.05486725663716814 0.05958702064896755
