0 0.1392330383480826 0.14365781710914455 0.10501474926253687 0.11386430678466077
0 0.3126843657817109 0.12949852507374632 0.13333333333333333 0.1480825958702065
0 0.5144542772861357 0.11445427728613569 0.07551622418879056 0.15457227138643068
0 0.6581120943952802 0.12418879056047197 0.061946902654867256 0.20825958702064895
0 0.8781710914454277 0.08761061946902654 0.1480825958702065 0.09852507374631268
0 0.1359882005899705 0.30855457227138644 0.06666666666666667 0.03657817109144543
0 0.30914454277286135 0.28230088495575223 0.03303834808259587 0.04188790560471976
0 0.5286135693215339 0.2814159292035398 0.15693215339233038 0.04601769911504425
0 0.615929203539823 0.24690265486725663 0.05663716814159292 0.06312684365781711
0 0.7887905604719764 0.2504424778761062 0.20530973451327433 0.07610619469026549
1 0.15427728613569322 0.40471976401179943 0.01710914454277286 0.035398230088495575
0 0.3309734513274336 0.42359882005899707 0.18761061946902655 0.07315634218289085
0 0.4702064896755162 0.4182890855457227 0.05073746312684366 0.03421828908554572
0 0.6041297935103245 0.3949852507374631 0.09321533923303835 0.19410029498525072
0 0.7660766961651917 0.40943952802359884 0.07610619469026549 0.04247787610619469
0 0.4109144542772861 0.46519174041297934 0.05368731563421829 0.11976401179941003
0 0.11061946902654868 0.5053097345132743 0.11858407079646018 0.0855457227138643
1 0.2448377581120944 0.5601769911504425 0.022418879056047197 0.03126843657817109
0 0.41710914454277287 0.5451327433628319 0.0943952802359882 0.12979351032448377
1 0.5150442477876106 0.5194690265486726 0.04601769911504425 0.02654867256637168
1 0.6746312684365782 0.5622418879056047 0.032448377581120944 0.027138643067846607
0 0.7737463126843658 0.5513274336283186 0.08436578171091445 0.03716814159292035
0 0.10412979351032448 0.6530973451327433 0.10324483775811209 0.1864306784660767
1 0.24867256637168142 0.6787610619469027 0.027728613569321534 0.03008849557522124
0 0.38259587020648966 0.6811209439528023 0.05132743362831858 0.08790560471976401
0 0.5415929203539823 0.6342182890855457 0.12035398230088495 0.04837758112094395
0 0.644542772861357 0.7194690265486725 0.07492625368731563 0.11622418879056047
0 0.7430678466076696 0.6985250737463127 0.04070796460176991 0.040117994100294985
0 0.7519174041297935 0.7430678466076696 0.06784660766961652 0.16342182890855456
0 0.09793510324483776 0.7802359882005899 0.0967551622418879 0.17758112094395279
0 0.20235988200589972 0.7970501474926254 0.08495575221238938 0.14985250737463127
1 0.328023598820059 0.8073746312684366 0.025958702064896755 0.027728613569321534
0 0.46106194690265484 0.8100294985250738 0.02536873156342183 0.08023598820058997
0 0.5749262536873156 0.7979351032448377 0.10442477876106195 0.12448377581120944
