0 0.140117994100295 0.1424778761061947 0.11504424778761062 0.10914454277286136
0 0.3100294985250737 0.10766961651917403 0.1374631268436578 0.11268436578171091
0 0.5103244837758112 0.1200589970501475 0.07905604719764012 0.1457227138643068
0 0.659882005899705 0.12477876106194691 0.06784660766961652 0.21061946902654866
0 0.8811209439528024 0.08672566371681416 0.14926253687315633 0.10501474926253687
0 0.15014749262536872 0.31710914454277284 0.09734513274336283 0.04424778761061947
0 0.3070796460176991 0.28023598820059 0.032448377581120944 0.04247787610619469
0 0.5292035398230088 0.2831858407079646 0.16519174041297935 0.03775811209439528
0 0.6194690265486725 0.24955752212389382 0.058997050147492625 0.0967551622418879
0 0.7887905604719764 0.25132743362831855 0.20294985250737463 0.071976401179941
1 0.15781710914454278 0.4026548672566372 0.019469026548672566 0.03952802359882006
0 0.33008849557522124 0.41415929203539825 0.1929203539823009 0.0920353982300885
0 0.4731563421828908 0.4191740412979351 0.05073746312684366 0.0359882005899705
0 0.6041297935103245 0.39410029498525073 0.08849557522123894 0.1935103244837758
0 0.7669616519174041 0.41327433628318583 0.07551622418879056 0.047787610619469026
0 0.12094395280235988 0.5064896755162241 0.11327433628318584 0.09144542772861357
1 0.24542772861356932 0.559882005899705 0.020058997050147492 0.03303834808259587
0 0.4126843657817109 0.4666666666666667 0.05604719764011799 0.12271386430678466
0 0.4176991150442478 0.5433628318584071 0.0943952802359882 0.13451327433628318
1 0.5138643067846608 0.5185840707964602 0.044837758112094395 0.025958702064896755
1 0.6743362831858407 0.559882005899705 0.03775811209439528 0.025958702064896755
0 0.7737463126843658 0.552212389380531 0.09380530973451327 0.03893805309734513
0 0.09734513274336283 0.663126843657817 0.11799410029498525 0.17463126843657817
1 0.24837758112094394 0.6778761061946903 0.025958702064896755 0.030678466076696165
0 0.38259587020648966 0.6604719764011799 0.04896755162241888 0.12920353982300886
0 0.5053097345132743 0.6383480825958702 0.1976401179941003 0.05781710914454277
0 0.631858407079646 0.6902654867256637 0.10383480825958702 0.17581120943952802
0 0.7442477876106195 0.6997050147492625 0.04424778761061947 0.035398230088495575
0 0.7421828908554572 0.7410029498525074 0.0743362831858407 0.16047197640117994
0 0.10294985250737462 0.7769911504424779 0.09734513274336283 0.18053097345132743
0 0.21061946902654866 0.8185840707964601 0.06371681415929203 0.1504424778761062
1 0.32772861356932154 0.8082595870206489 0.028908554572271386 0.027138643067846607
0 0.46283185840707963 0.8106194690265487 0.032448377581120944 0.08141592920353982
0 0.5705014749262537 0.7929203539823009 0.0967551622418879 0.1191740412979351
