1 0.06430678466076696 0.1448377581120944 0.03185840707964602 0.018289085545722714
1 0.24218289085545722 0.13864306784660768 0.02654867256637168 0.01887905604719764
1 0.3787610619469026 0.14188790560471976 0.030678466076696165 0.019469026548672566
1 0.5510324483775811 0.12212389380530973 0.03185840707964602 0.020058997050147492
1 0.7026548672566372 0.11740412979351032 0.030678466076696165 0.025958702064896755
1 0.8710914454277287 0.10530973451327433 0.02654867256637168 0.03008849557522124
1 0.0728613569321534 0.29970501474926253 0.03126843657817109 0.016519174041297935
1 0.24454277286135692 0.30029498525073745 0.028908554572271386 0.01887905604719764
1 0.3864306784660767 0.30383480825958703 0.03185840707964602 0.01887905604719764
1 0.547787610619469 0.2991150442477876 0.038348082595870206 0.020058997050147492
1 0.6991150442477876 0.28407079646017697 0.030678466076696165 0.02064896755162242
1 0.8787610619469026 0.27699115044247785 0.038348082595870206 0.02182890855457227
1 0.06519174041297934 0.45191740412979353 0.03008849557522124 0.021238938053097345
1 0.24129793510324482 0.4480825958702065 0.03185840707964602 0.02064896755162242
1 0.39144542772861357 0.44542772861356933 0.03126843657817109 0.01887905604719764
1 0.5519174041297935 0.44188790560471974 0.03008849557522124 0.024778761061946902
1 0.7135693215339233 0.4398230088495575 0.028908554572271386 0.018289085545722714
1 0.8769911504424779 0.4389380530973451 0.028908554572271386 0.020058997050147492
1 0.06342182890855458 0.5994100294985251 0.027728613569321534 0.020058997050147492
1 0.25073746312684364 0.5876106194690265 0.030678466076696165 0.017699115044247787
1 0.39233038348082594 0.5790560471976401 0.03303834808259587 0.02064896755162242
1 0.552212389380531 0.5778761061946902 0.030678466076696165 0.01710914454277286
1 0.7135693215339233 0.5778761061946902 0.028908554572271386 0.01710914454277286
1 0.8737463126843658 0.5825958702064896 0.02831858407079646 0.027728613569321534
1 0.06666666666666667 0.7200589970501475 0.03421828908554572 0.019469026548672566
1 0.24424778761061947 0.715929203539823 0.03185840707964602 0.02064896755162242
1 0.3952802359882006 0.7070796460176991 0.027138643067846607 0.02064896755162242
1 0.5519174041297935 0.7005899705014749 0.033628318584070796 0.023008849557522124
1 0.7073746312684366 0.7 0.03421828908554572 0.02182890855457227
1 0.8808259587020649 0.7135693215339233 0.03775811209439528 0.018289085545722714
1 0.06548672566371681 0.8336283185840708 0.035398230088495575 0.020058997050147492
1 0.24365781710914453 0.8436578171091446 0.03303834808259587 0.016519174041297935
1 0.39469026548672564 0.848377581120944 0.029498525073746312 0.01887905604719764
1 0.5566371681415929 0.8477876106194691 0.0359882005899705 0.01887905604719764
1 0.723598820058997 0.8563421828908554 0.032448377581120944 0.02182890855457227
1 0.8802359882005899 0.875221238938053 0.025958702064896755 0.02182890855457227
