0 0.10383480825958702 0.06578171091445428 0.04365781710914454 0.0359882005899705
0 0.20353982300884954 0.115929203539823 0.02831858407079646 0.05368731563421829
0 0.3495575221238938 0.11504424778761062 0.04070796460176991 0.049557522123893805
1 0.5212389380530973 0.07492625368731563 0.0359882005899705 0.03657817109144543
1 0.71976401179941 0.0728613569321534 0.05781710914454277 0.057227138643067846
1 0.8775811209439528 0.07728613569321534 0.04424778761061947 0.03657817109144543
1 0.08230088495575222 0.23215339233038348 0.028908554572271386 0.03952802359882006
1 0.2557522123893805 0.23805309734513275 0.03008849557522124 0.03716814159292035
0 0.38820058997050144 0.2345132743362832 0.03185840707964602 0.07728613569321534
0 0.5817109144542773 0.2519174041297935 0.03657817109144543 0.04247787610619469
0 0.7495575221238938 0.21622418879056046 0.047787610619469026 0.03952802359882006
1 0.8684365781710914 0.23244837758112094 0.03893805309734513 0.04601769911504425
0 0.03274336283185841 0.4215339233038348 0.038348082595870206 0.07138643067846608
1 0.2191740412979351 0.4088495575221239 0.03952802359882006 0.030678466076696165
1 0.3589970501474926 0.39882005899705014 0.04188790560471976 0.044837758112094395
1 0.5374631268436578 0.4463126843657817 0.054277286135693215 0.04542772861356932
1 0.7424778761061946 0.39233038348082594 0.04424778761061947 0.044837758112094395
1 0.8781710914454277 0.44896755162241886 0.06784660766961652 0.05073746312684366
1 0.06902654867256637 0.5858407079646017 0.035398230088495575 0.040117994100294985
0 0.22300884955752212 0.5864306784660767 0.040117994100294985 0.03775811209439528
1 0.3911504424778761 0.575811209439528 0.03657817109144543 0.03303834808259587
1 0.5430678466076696 0.6356932153392331 0.04896755162241888 0.03008849557522124
1 0.7430678466076696 0.5799410029498525 0.019469026548672566 0.03185840707964602
1 0.8982300884955752 0.5761061946902655 0.04424778761061947 0.04660766961651917
1 0.032448377581120944 0.7058997050147493 0.04247787610619469 0.04188790560471976
1 0.2622418879056047 0.7454277286135693 0.03480825958702065 0.03716814159292035
1 0.40176991150442476 0.7542772861356932 0.03185840707964602 0.028908554572271386
1 0.5784660766961652 0.7958702064896755 0.04542772861356932 0.04837758112094395
1 0.7466076696165191 0.7380530973451327 0.04542772861356932 0.054277286135693215
1 0.8967551622418879 0.7179941002949852 0.03303834808259587 0.022418879056047197
1 0.05221238938053097 0.8421828908554572 0.04424778761061947 0.03952802359882006
1 0.20589970501474925 0.8929203539823009 0.03657817109144543 0.038348082595870206
1 0.3858407079646018 0.891740412979351 0.05191740412979351 0.04424778761061947
1 0.5433628318584071 0.928023598820059 0.03893805309734513 0.03657817109144543
1 0.9123893805309734 0.9064896755162242 0.03008849557522124 0.04070796460176991
0 0.7436578171091446 0.9165191740412979 0.038348082595870206 0.05132743362831858
