0 0.1463126843657817 0.17345132743362832 0.13333333333333333 0.09321533923303835
0 0.3286135693215339 0.17138643067846607 0.08495575221238938 0.11740412979351032
0 0.5336283185840708 0.15575221238938053 0.1480825958702065 0.06725663716814159
0 0.6628318584070796 0.1368731563421829 0.05958702064896755 0.18525073746312684
0 0.768141592920354 0.11209439528023599 0.14985250737463127 0.10265486725663717
0 0.15545722713864307 0.31710914454277284 0.03952802359882006 0.09380530973451327
0 0.2628318584070796 0.25781710914454276 0.12094395280235988 0.06135693215339233
0 0.51976401179941 0.2814159292035398 0.15103244837758112 0.05191740412979351
0 0.6005899705014749 0.26017699115044246 0.10855457227138643 0.06489675516224189
0 0.715929203539823 0.26017699115044246 0.17640117994100296 0.06607669616519174
0 0.3123893805309734 0.3687315634218289 0.12802359882005898 0.15811209439528023
0 0.7383480825958701 0.35221238938053095 0.07020648967551622 0.03893805309734513
0 0.6061946902654867 0.39557522123893807 0.08790560471976401 0.1893805309734513
0 0.6705014749262537 0.5165191740412979 0.033628318584070796 0.06430678466076696
0 0.41386430678466074 0.4831858407079646 0.11268436578171091 0.07551622418879056
0 0.46106194690265484 0.4303834808259587 0.08908554572271386 0.04188790560471976
0 0.5120943952802359 0.49203539823008846 0.0967551622418879 0.08849557522123894
0 0.45722713864306785 0.5262536873156343 0.049557522123893805 0.054277286135693215
1 0.1056047197640118 0.5294985250737463 0.02831858407079646 0.02536873156342183
0 0.17610619469026548 0.5920353982300884 0.07256637168141593 0.11032448377581121
0 0.28702064896755164 0.5976401179941003 0.17050147492625367 0.1168141592920354
0 0.3873156342182891 0.6657817109144543 0.05014749262536873 0.12212389380530973
0 0.11740412979351032 0.6522123893805309 0.10265486725663717 0.1893805309734513
0 0.279646017699115 0.7150442477876107 0.09321533923303835 0.0696165191740413
0 0.5321533923303835 0.5902654867256637 0.1415929203539823 0.10442477876106195
0 0.6011799410029498 0.6008849557522123 0.16283185840707964 0.09852507374631268
0 0.7365781710914454 0.5988200589970502 0.06430678466076696 0.05781710914454277
0 0.7415929203539823 0.6510324483775811 0.08731563421828908 0.11386430678466077
0 0.13215339233038348 0.8212389380530973 0.1168141592920354 0.1392330383480826
0 0.2448377581120944 0.8230088495575221 0.10383480825958702 0.07551622418879056
1 0.3262536873156342 0.8032448377581121 0.025958702064896755 0.024188790560471976
0 0.46135693215339235 0.8067846607669616 0.029498525073746312 0.07728613569321534
0 0.5932153392330384 0.7988200589970501 0.15162241887905603 0.10855457227138643
0 0.6592920353982301 0.820353982300885 0.07964601769911504 0.16106194690265485
