0 0.12064896755162241 0.08112094395280237 0.04188790560471976 0.07728613569321534
0 0.2610619469026549 0.06814159292035399 0.047787610619469026 0.07492625368731563
0 0.40412979351032446 0.07994100294985251 0.04247787610619469 0.07020648967551622
1 0.5383480825958702 0.13303834808259588 0.03716814159292035 0.04188790560471976
0 0.6967551622418879 0.07168141592920355 0.06135693215339233 0.061946902654867256
0 0.8587020648967552 0.09941002949852507 0.0359882005899705 0.033628318584070796
0 0.12271386430678466 0.25162241887905606 0.05781710914454277 0.06666666666666667
0 0.24926253687315633 0.20707964601769913 0.05368731563421829 0.05663716814159292
0 0.39233038348082594 0.19616519174041297 0.08849557522123894 0.07610619469026549
0 0.5359882005899705 0.2640117994100295 0.03126843657817109 0.05486725663716814
1 0.7115044247787611 0.24188790560471976 0.03893805309734513 0.05309734513274336
1 0.855457227138643 0.2592920353982301 0.06017699115044248 0.04424778761061947
0 0.1303834808259587 0.3333333333333333 0.03657817109144543 0.08259587020648967
0 0.22831858407079647 0.3339233038348083 0.04129793510324484 0.0943952802359882
1 0.3705014749262537 0.3445427728613569 0.0471976401179941 0.054277286135693215
0 0.5463126843657817 0.3430678466076696 0.0696165191740413 0.05604719764011799
1 0.6917404129793511 0.38672566371681416 0.047787610619469026 0.05486725663716814
1 0.8737463126843658 0.39321533923303836 0.054277286135693215 0.04542772861356932
0 0.13716814159292035 0.5339233038348082 0.057227138643067846 0.07669616519174041
0 0.22861356932153393 0.5569321533923304 0.05014749262536873 0.08377581120943953
0 0.36224188790560474 0.48200589970501473 0.049557522123893805 0.04837758112094395
0 0.532448377581121 0.48289085545722715 0.05486725663716814 0.06666666666666667
0 0.6941002949852507 0.5271386430678466 0.03480825958702065 0.06666666666666667
0 0.8530973451327434 0.5250737463126843 0.04837758112094395 0.07905604719764012
0 0.12654867256637167 0.6914454277286135 0.05014749262536873 0.10855457227138643
0 0.22035398230088496 0.6935103244837758 0.03716814159292035 0.08672566371681416
1 0.368141592920354 0.6823008849557523 0.040117994100294985 0.06902654867256637
0 0.5150442477876106 0.6300884955752213 0.04247787610619469 0.06607669616519174
0 0.6837758112094395 0.6342182890855457 0.05309734513274336 0.06017699115044248
1 0.8533923303834808 0.6619469026548672 0.047787610619469026 0.03185840707964602
0 0.14041297935103245 0.8150442477876106 0.07905604719764012 0.038348082595870206
0 0.22979351032448378 0.8336283185840708 0.038348082595870206 0.08967551622418879
1 0.36843657817109143 0.8 0.03952802359882006 0.06017699115044248
0 0.503834808259587 0.787905604719764 0.07079646017699115 0.05604719764011799
0 0.6828908554572272 0.8277286135693215 0.043067846607669616 0.07551622418879056
0 0.8519174041297934 0.8424778761061946 0.04837758112094395 0.05663716814159292
