0 0.0952802359882006 0.0728613569321534 0.052507374631268436 0.06430678466076696
0 0.2584070796460177 0.07138643067846608 0.05781710914454277 0.07315634218289085
0 0.4 0.0831858407079646 0.0471976401179941 0.07315634218289085
1 0.5336283185840708 0.12890855457227138 0.04424778761061947 0.052507374631268436
0 0.6917404129793511 0.07020648967551622 0.05958702064896755 0.07315634218289085
1 0.8530973451327434 0.0967551622418879 0.05191740412979351 0.04129793510324484
0 0.11799410029498525 0.24542772861356932 0.05781710914454277 0.06253687315634218
0 0.2448377581120944 0.2056047197640118 0.054277286135693215 0.0584070796460177
0 0.38820058997050144 0.19705014749262537 0.09085545722713864 0.07551622418879056
0 0.5327433628318584 0.2628318584070796 0.044837758112094395 0.06548672566371681
1 0.7085545722713864 0.2398230088495575 0.05191740412979351 0.057227138643067846
0 0.8530973451327434 0.2528023598820059 0.06017699115044248 0.0584070796460177
0 0.13392330383480827 0.33952802359882006 0.04247787610619469 0.07728613569321534
0 0.23097345132743363 0.3398230088495575 0.04896755162241888 0.09321533923303835
0 0.36696165191740415 0.3433628318584071 0.05191740412979351 0.05781710914454277
0 0.5445427728613569 0.34129793510324485 0.07315634218289085 0.061946902654867256
1 0.6896755162241888 0.3811209439528024 0.05663716814159292 0.06135693215339233
1 0.8693215339233038 0.3811209439528024 0.052507374631268436 0.0471976401179941
0 0.1407079646017699 0.5404129793510324 0.05604719764011799 0.06017699115044248
0 0.22831858407079647 0.5519174041297935 0.0471976401179941 0.07728613569321534
0 0.3607669616519174 0.48200589970501473 0.05014749262536873 0.054277286135693215
0 0.5380530973451327 0.47876106194690266 0.06253687315634218 0.06430678466076696
0 0.6985250737463127 0.5200589970501475 0.044837758112094395 0.07020648967551622
0 0.8530973451327434 0.5209439528023598 0.05309734513274336 0.07315634218289085
0 0.11858407079646018 0.6920353982300885 0.049557522123893805 0.0967551622418879
0 0.22566371681415928 0.6932153392330384 0.032448377581120944 0.08023598820058997
1 0.368141592920354 0.679646017699115 0.03893805309734513 0.06371681415929203
0 0.515339233038348 0.6277286135693215 0.043067846607669616 0.07315634218289085
0 0.6867256637168142 0.6327433628318584 0.05309734513274336 0.0584070796460177
1 0.8578171091445428 0.6601769911504425 0.05545722713864307 0.040117994100294985
0 0.12772861356932153 0.8227138643067846 0.08790560471976401 0.038348082595870206
0 0.23215339233038348 0.8333333333333334 0.04188790560471976 0.09262536873156342
1 0.37079646017699114 0.7997050147492625 0.03952802359882006 0.06312684365781711
0 0.5029498525073747 0.7864306784660767 0.06430678466076696 0.058997050147492625
0 0.6941002949852507 0.8227138643067846 0.04424778761061947 0.06666666666666667
0 0.8530973451327434 0.8351032448377581 0.05545722713864307 0.0584070796460177
