1 0.12271386430678466 0.10973451327433628 0.02831858407079646 0.021238938053097345
1 0.2982300884955752 0.1182890855457227 0.028908554572271386 0.023008849557522124
1 0.45014749262536874 0.12566371681415928 0.030678466076696165 0.024778761061946902
1 0.6224188790560472 0.1448377581120944 0.030678466076696165 0.023008849557522124
1 0.7628318584070797 0.14778761061946902 0.030678466076696165 0.02536873156342183
1 0.9371681415929204 0.1433628318584071 0.03126843657817109 0.016519174041297935
1 0.12064896755162241 0.2749262536873156 0.03480825958702065 0.021238938053097345
1 0.3005899705014749 0.2808259587020649 0.03126843657817109 0.024778761061946902
1 0.4542772861356932 0.30117994100294987 0.03421828908554572 0.02182890855457227
1 0.6141592920353982 0.30206489675516224 0.03303834808259587 0.021238938053097345
1 0.7545722713864307 0.29705014749262537 0.025958702064896755 0.02182890855457227
1 0.928023598820059 0.3005899705014749 0.02831858407079646 0.014749262536873156
1 0.12536873156342182 0.4392330383480826 0.03008849557522124 0.019469026548672566
1 0.2855457227138643 0.4392330383480826 0.030678466076696165 0.01592920353982301
1 0.4486725663716814 0.4421828908554572 0.028908554572271386 0.02064896755162242
1 0.6085545722713864 0.4469026548672566 0.03008849557522124 0.023008849557522124
1 0.7584070796460177 0.44601769911504424 0.028908554572271386 0.021238938053097345
1 0.9353982300884955 0.4510324483775811 0.028908554572271386 0.01710914454277286
1 0.12418879056047197 0.5820058997050147 0.027728613569321534 0.023008849557522124
1 0.28584070796460176 0.5787610619469027 0.03126843657817109 0.02359882005899705
1 0.4492625368731563 0.5781710914454277 0.028908554572271386 0.022418879056047197
1 0.6044247787610619 0.5793510324483776 0.03126843657817109 0.01887905604719764
1 0.7495575221238938 0.5867256637168141 0.032448377581120944 0.023008849557522124
1 0.9339233038348083 0.5943952802359882 0.03303834808259587 0.03008849557522124
1 0.13421828908554573 0.7050147492625368 0.02064896755162242 0.03421828908554572
1 0.29174041297935105 0.7008849557522123 0.028908554572271386 0.022418879056047197
1 0.45014749262536874 0.7029498525073746 0.029498525073746312 0.02064896755162242
1 0.6056047197640118 0.7070796460176991 0.032448377581120944 0.018289085545722714
1 0.7545722713864307 0.720353982300885 0.029498525073746312 0.025958702064896755
1 0.9348082595870206 0.7209439528023599 0.0359882005899705 0.027138643067846607
1 0.13156342182890857 0.8696165191740413 0.021238938053097345 0.03185840707964602
1 0.27551622418879057 0.835693215339233 0.030678466076696165 0.02536873156342183
1 0.44424778761061945 0.8451327433628318 0.03185840707964602 0.019469026548672566
1 0.5949852507374631 0.8315634218289085 0.027728613569321534 0.023008849557522124
1 0.7660766961651917 0.8330383480825958 0.03126843657817109 0.017699115044247787
1 0.9368731563421828 0.8348082595870207 0.03657817109144543 0.02831858407079646
