0 0.10501474926253687 0.12035398230088495 0.04247787610619469 0.040117994100294985
0 0.2056047197640118 0.15811209439528023 0.07256637168141593 0.11091445427728613
0 0.3528023598820059 0.10855457227138643 0.04601769911504425 0.04365781710914454
0 0.47787610619469023 0.13569321533923304 0.1415929203539823 0.09085545722713864
0 0.636283185840708 0.13864306784660768 0.11268436578171091 0.06607669616519174
0 0.7640117994100295 0.17669616519174042 0.06135693215339233 0.08200589970501475
0 0.12212389380530973 0.28053097345132744 0.05191740412979351 0.08672566371681416
1 0.23539823008849559 0.2696165191740413 0.054277286135693215 0.03775811209439528
0 0.33657817109144544 0.2628318584070796 0.08436578171091445 0.03716814159292035
1 0.503834808259587 0.2808259587020649 0.04365781710914454 0.03893805309734513
0 0.6551622418879056 0.2569321533923304 0.09498525073746313 0.07374631268436578
0 0.7693215339233038 0.24336283185840707 0.11091445427728613 0.05368731563421829
1 0.11032448377581121 0.46342182890855455 0.049557522123893805 0.043067846607669616
0 0.27168141592920353 0.4176991150442478 0.09262536873156342 0.08259587020648967
0 0.376401179941003 0.45545722713864306 0.07905604719764012 0.14985250737463127
1 0.5076696165191741 0.3949852507374631 0.06312684365781711 0.043067846607669616
0 0.6702064896755162 0.4589970501474926 0.11445427728613569 0.05781710914454277
0 0.7823008849557522 0.4271386430678466 0.04247787610619469 0.04601769911504425
0 0.1504424778761062 0.5876106194690265 0.03775811209439528 0.05309734513274336
0 0.32418879056047195 0.6174041297935103 0.07138643067846608 0.1504424778761062
0 0.4253687315634218 0.603834808259587 0.11327433628318584 0.07846607669616519
0 0.5424778761061947 0.6640117994100295 0.07374631268436578 0.0808259587020649
0 0.6887905604719764 0.6755162241887905 0.05486725663716814 0.05663716814159292
0 0.7737463126843658 0.6699115044247788 0.11976401179941003 0.1056047197640118
1 0.16814159292035397 0.6882005899705015 0.04247787610619469 0.05132743362831858
1 0.2734513274336283 0.728023598820059 0.0359882005899705 0.03893805309734513
1 0.2713864306784661 0.771386430678466 0.03421828908554572 0.04424778761061947
0 0.11946902654867256 0.8106194690265487 0.06666666666666667 0.0743362831858407
1 0.5356932153392331 0.5188790560471976 0.04601769911504425 0.04896755162241888
0 0.4359882005899705 0.7569321533923303 0.13451327433628318 0.11327433628318584
0 0.39144542772861357 0.8474926253687316 0.12566371681415928 0.12566371681415928
0 0.5457227138643068 0.8395280235988201 0.08023598820058997 0.13215339233038348
0 0.6519174041297935 0.7831858407079646 0.049557522123893805 0.08200589970501475
0 0.7675516224188791 0.7799410029498525 0.17699115044247787 0.06607669616519174
0 0.7837758112094395 0.5554572271386431 0.04424778761061947 0.057227138643067846
0 0.663126843657817 0.552212389380531 0.10973451327433628 0.11445427728613569
