0 0.16194690265486725 0.171976401179941 0.04542772861356932 0.052507374631268436
0 0.296165191740413 0.16194690265486725 0.08495575221238938 0.061946902654867256
0 0.49911504424778763 0.22654867256637168 0.0696165191740413 0.06253687315634218
0 0.6345132743362831 0.21769911504424777 0.03952802359882006 0.071976401179941
0 0.771386430678466 0.17404129793510326 0.0359882005899705 0.10383480825958702
0 0.8572271386430679 0.19793510324483776 0.0920353982300885 0.03716814159292035
0 0.1486725663716814 0.3654867256637168 0.049557522123893805 0.04424778761061947
0 0.3182890855457227 0.38082595870206487 0.05014749262536873 0.06548672566371681
0 0.4855457227138643 0.3893805309734513 0.044837758112094395 0.06253687315634218
0 0.6300884955752213 0.3233038348082596 0.044837758112094395 0.08613569321533923
0 0.7870206489675516 0.3153392330383481 0.05663716814159292 0.10324483775811209
0 0.8746312684365781 0.31710914454277284 0.047787610619469026 0.13628318584070798
0 0.14778761061946902 0.48731563421828905 0.04660766961651917 0.08377581120943953
0 0.30678466076696165 0.4861356932153392 0.040117994100294985 0.08141592920353982
0 0.4702064896755162 0.5294985250737463 0.054277286135693215 0.07138643067846608
0 0.6395280235988201 0.5365781710914455 0.05191740412979351 0.04542772861356932
0 0.7737463126843658 0.4463126843657817 0.05958702064896755 0.09734513274336283
0 0.8646017699115044 0.46814159292035395 0.061946902654867256 0.07374631268436578
0 0.3123893805309734 0.6241887905604719 0.052507374631268436 0.06017699115044248
0 0.456047197640118 0.671976401179941 0.06607669616519174 0.05663716814159292
0 0.6374631268436578 0.6557522123893805 0.05958702064896755 0.06784660766961652
0 0.772566371681416 0.6876106194690266 0.05132743362831858 0.10442477876106195
0 0.8702064896755162 0.687905604719764 0.035398230088495575 0.08849557522123894
0 0.4654867256637168 0.7495575221238938 0.0471976401179941 0.06548672566371681
0 0.6174041297935103 0.8206489675516224 0.11386430678466077 0.07079646017699115
1 0.13716814159292035 0.6141592920353982 0.038348082595870206 0.05073746312684366
0 0.7563421828908554 0.8179941002949852 0.05545722713864307 0.05604719764011799
1 0.14749262536873156 0.7581120943952803 0.04365781710914454 0.049557522123893805
1 0.29380530973451324 0.7710914454277286 0.04365781710914454 0.054277286135693215
0 0.8778761061946903 0.7625368731563422 0.06017699115044248 0.08672566371681416
0 0.1430678466076696 0.9221238938053097 0.03716814159292035 0.04247787610619469
0 0.31976401179941005 0.9336283185840708 0.11445427728613569 0.05368731563421829
1 0.4672566371681416 0.8781710914454277 0.03893805309734513 0.0359882005899705
0 0.6 0.9339233038348083 0.054277286135693215 0.08023598820058997
0 0.7407079646017699 0.9448377581120944 0.0584070796460177 0.07610619469026549
0 0.8858407079646018 0.9424778761061947 0.061946902654867256 0.09498525073746313
