1 0.11120943952802359 0.10501474926253687 0.032448377581120944 0.01887905604719764
1 0.2551622418879056 0.10324483775811209 0.033628318584070796 0.017699115044247787
1 0.3997050147492625 0.10678466076696165 0.032448377581120944 0.016519174041297935
1 0.5436578171091445 0.10884955752212389 0.032448377581120944 0.02064896755162242
1 0.7141592920353982 0.11533923303834809 0.033628318584070796 0.019469026548672566
1 0.8572271386430679 0.12448377581120944 0.03303834808259587 0.021238938053097345
1 0.1215339233038348 0.22920353982300884 0.03421828908554572 0.02064896755162242
1 0.24454277286135692 0.22979351032448378 0.03008849557522124 0.019469026548672566
1 0.39469026548672564 0.22861356932153393 0.029498525073746312 0.02064896755162242
1 0.5424778761061947 0.23156342182890854 0.033628318584070796 0.019469026548672566
1 0.7047197640117994 0.22920353982300884 0.038348082595870206 0.02182890855457227
1 0.859882005899705 0.2345132743362832 0.032448377581120944 0.018289085545722714
1 0.12418879056047197 0.3678466076696165 0.03008849557522124 0.02064896755162242
1 0.2368731563421829 0.36106194690265486 0.033628318584070796 0.022418879056047197
1 0.37492625368731564 0.36902654867256635 0.04070796460176991 0.019469026548672566
1 0.5471976401179941 0.3696165191740413 0.03480825958702065 0.019469026548672566
1 0.6905604719764011 0.3648967551622419 0.03480825958702065 0.02064896755162242
1 0.8660766961651918 0.37610619469026546 0.035398230088495575 0.019469026548672566
1 0.12035398230088495 0.5262536873156343 0.025958702064896755 0.030678466076696165
1 0.2359882005899705 0.5250737463126843 0.029498525073746312 0.020058997050147492
1 0.37079646017699114 0.5056047197640118 0.033628318584070796 0.02359882005899705
1 0.5492625368731563 0.4994100294985251 0.035398230088495575 0.027728613569321534
1 0.6991150442477876 0.49557522123893805 0.035398230088495575 0.025958702064896755
1 0.8560471976401179 0.49085545722713864 0.035398230088495575 0.020058997050147492
1 0.11474926253687315 0.6637168141592921 0.03126843657817109 0.01887905604719764
1 0.2312684365781711 0.6672566371681415 0.03185840707964602 0.01887905604719764
1 0.36578171091445427 0.6640117994100295 0.03185840707964602 0.02064896755162242
1 0.5294985250737463 0.6595870206489676 0.032448377581120944 0.020058997050147492
1 0.6896755162241888 0.6601769911504425 0.03303834808259587 0.021238938053097345
1 0.8530973451327434 0.6616519174041298 0.03893805309734513 0.019469026548672566
1 0.12123893805309735 0.8097345132743363 0.03008849557522124 0.01710914454277286
1 0.2383480825958702 0.8103244837758112 0.03421828908554572 0.01592920353982301
1 0.37256637168141593 0.8150442477876106 0.03480825958702065 0.018289085545722714
1 0.5141592920353982 0.8147492625368732 0.033628318584070796 0.01887905604719764
1 0.6914454277286135 0.8047197640117993 0.03303834808259587 0.01887905604719764
1 0.8486725663716814 0.8109144542772861 0.0359882005899705 0.01710914454277286
