1 0.11179941002949853 0.10530973451327433 0.03716814159292035 0.01710914454277286
1 0.25486725663716814 0.10383480825958702 0.03421828908554572 0.017699115044247787
1 0.3979351032448378 0.1079646017699115 0.032448377581120944 0.017699115044247787
1 0.5436578171091445 0.10825958702064897 0.03480825958702065 0.018289085545722714
1 0.7123893805309734 0.11563421828908554 0.033628318584070796 0.020058997050147492
1 0.8572271386430679 0.12507374631268436 0.03421828908554572 0.021238938053097345
1 0.12300884955752212 0.22861356932153393 0.032448377581120944 0.02064896755162242
1 0.24601769911504423 0.22890855457227138 0.02831858407079646 0.017699115044247787
1 0.3958702064896755 0.2303834808259587 0.029498525073746312 0.023008849557522124
1 0.5421828908554572 0.2336283185840708 0.03303834808259587 0.020058997050147492
1 0.7035398230088495 0.22890855457227138 0.0359882005899705 0.017699115044247787
1 0.8589970501474926 0.2351032448377581 0.035398230088495575 0.01710914454277286
1 0.12389380530973451 0.36902654867256635 0.029498525073746312 0.02064896755162242
1 0.23569321533923304 0.3607669616519174 0.03126843657817109 0.019469026548672566
1 0.37138643067846605 0.36902654867256635 0.033628318584070796 0.019469026548672566
1 0.5457227138643068 0.37138643067846605 0.03185840707964602 0.019469026548672566
1 0.6902654867256637 0.3648967551622419 0.03421828908554572 0.019469026548672566
1 0.8646017699115044 0.3769911504424779 0.03716814159292035 0.017699115044247787
1 0.12123893805309735 0.5259587020648967 0.02536873156342183 0.02536873156342183
1 0.23480825958702065 0.5259587020648967 0.03303834808259587 0.02064896755162242
1 0.3705014749262537 0.5061946902654867 0.03421828908554572 0.021238938053097345
1 0.5501474926253688 0.49852507374631266 0.03480825958702065 0.025958702064896755
1 0.7011799410029499 0.4952802359882006 0.04070796460176991 0.02182890855457227
1 0.8551622418879056 0.49262536873156343 0.03716814159292035 0.022418879056047197
1 0.11533923303834809 0.6634218289085546 0.03126843657817109 0.018289085545722714
1 0.23303834808259588 0.6696165191740413 0.030678466076696165 0.01887905604719764
1 0.36578171091445427 0.6637168141592921 0.03421828908554572 0.020058997050147492
1 0.5277286135693215 0.6601769911504425 0.032448377581120944 0.01887905604719764
1 0.6914454277286135 0.6601769911504425 0.03657817109144543 0.021238938053097345
1 0.8545722713864307 0.6619469026548672 0.04188790560471976 0.021238938053097345
1 0.12271386430678466 0.8088495575221238 0.030678466076696165 0.01887905604719764
1 0.2368731563421829 0.8106194690265487 0.033628318584070796 0.020058997050147492
1 0.371976401179941 0.8156342182890856 0.0359882005899705 0.019469026548672566
1 0.5144542772861357 0.8153392330383481 0.035398230088495575 0.024778761061946902
1 0.6914454277286135 0.8032448377581121 0.03657817109144543 0.019469026548672566
1 0.8489675516224189 0.8106194690265487 0.040117994100294985 0.01887905604719764
