0 0.11858407079646018 0.05752212389380531 0.058997050147492625 0.09734513274336283
0 0.25958702064896755 0.05486725663716814 0.05545722713864307 0.06371681415929203
0 0.40117994100294985 0.0687315634218289 0.040117994100294985 0.07492625368731563
1 0.5368731563421829 0.1215339233038348 0.029498525073746312 0.03421828908554572
0 0.6775811209439528 0.06371681415929203 0.11386430678466077 0.05073746312684366
1 0.8525073746312685 0.09026548672566372 0.035398230088495575 0.025958702064896755
0 0.1191740412979351 0.2368731563421829 0.05781710914454277 0.08200589970501475
0 0.24277286135693216 0.18053097345132743 0.047787610619469026 0.05781710914454277
0 0.376401179941003 0.18112094395280237 0.12507374631268436 0.0471976401179941
0 0.5327433628318584 0.2575221238938053 0.03775811209439528 0.057227138643067846
1 0.7079646017699115 0.22684365781710913 0.04247787610619469 0.05014749262536873
1 0.852212389380531 0.22448377581120943 0.04188790560471976 0.03126843657817109
0 0.12861356932153392 0.30737463126843656 0.040117994100294985 0.07079646017699115
0 0.22861356932153393 0.31150442477876106 0.04896755162241888 0.1215339233038348
0 0.36755162241887906 0.36194690265486723 0.05309734513274336 0.09498525073746313
0 0.5466076696165192 0.32448377581120946 0.06784660766961652 0.05781710914454277
1 0.6887905604719764 0.3734513274336283 0.04660766961651917 0.05663716814159292
1 0.8669616519174042 0.3823008849557522 0.03716814159292035 0.05073746312684366
1 0.35929203539823007 0.46607669616519176 0.05073746312684366 0.04837758112094395
0 0.5283185840707965 0.4696165191740413 0.05486725663716814 0.06725663716814159
0 0.6920353982300885 0.5168141592920354 0.03303834808259587 0.08259587020648967
0 0.8466076696165191 0.5117994100294985 0.03657817109144543 0.08200589970501475
0 0.13539823008849558 0.5348082595870206 0.06430678466076696 0.07374631268436578
0 0.22330383480825958 0.5498525073746312 0.05368731563421829 0.10029498525073746
0 0.5135693215339233 0.6056047197640118 0.04188790560471976 0.057227138643067846
0 0.6828908554572272 0.6221238938053097 0.04070796460176991 0.057227138643067846
0 0.848377581120944 0.6321533923303835 0.03893805309734513 0.04188790560471976
0 0.12389380530973451 0.6778761061946903 0.04365781710914454 0.15339233038348082
0 0.2126843657817109 0.6893805309734513 0.0607669616519174 0.10088495575221239
0 0.3710914454277286 0.6769911504424778 0.04365781710914454 0.0855457227138643
0 0.1457227138643068 0.8020648967551622 0.0967551622418879 0.043067846607669616
0 0.22684365781710913 0.8256637168141593 0.033628318584070796 0.10088495575221239
0 0.36666666666666664 0.7873156342182891 0.033628318584070796 0.07492625368731563
0 0.5058997050147492 0.7734513274336283 0.06548672566371681 0.06371681415929203
0 0.703834808259587 0.8389380530973451 0.08259587020648967 0.0696165191740413
0 0.8463126843657817 0.8280235988200589 0.057227138643067846 0.07138643067846608
