0 0.1215339233038348 0.13126843657817108 0.06725663716814159 0.03952802359882006
1 0.27551622418879057 0.10353982300884956 0.029498525073746312 0.03480825958702065
0 0.35575221238938054 0.16342182890855456 0.027138643067846607 0.03421828908554572
0 0.512684365781711 0.12448377581120944 0.03775811209439528 0.025958702064896755
0 0.7206489675516224 0.15575221238938053 0.03126843657817109 0.04247787610619469
0 0.8501474926253687 0.1480825958702065 0.04601769911504425 0.03893805309734513
0 0.15191740412979352 0.2383480825958702 0.05132743362831858 0.04837758112094395
0 0.26843657817109146 0.26607669616519175 0.040117994100294985 0.030678466076696165
1 0.51976401179941 0.25781710914454276 0.058997050147492625 0.03303834808259587
0 0.7067846607669617 0.2935103244837758 0.06017699115044248 0.043067846607669616
0 0.8215339233038348 0.29557522123893804 0.06548672566371681 0.05191740412979351
0 0.17050147492625367 0.38141592920353984 0.07551622418879056 0.05014749262536873
0 0.2943952802359882 0.3722713864306785 0.0696165191740413 0.04365781710914454
0 0.39557522123893807 0.32123893805309733 0.06902654867256637 0.05604719764011799
0 0.4743362831858407 0.3710914454277286 0.0471976401179941 0.071976401179941
0 0.5949852507374631 0.40825958702064896 0.0808259587020649 0.08377581120943953
0 0.7091445427728613 0.412094395280236 0.049557522123893805 0.047787610619469026
0 0.8528023598820059 0.4392330383480826 0.033628318584070796 0.04070796460176991
1 0.15988200589970503 0.49793510324483775 0.04129793510324484 0.04837758112094395
0 0.29321533923303833 0.5203539823008849 0.0471976401179941 0.04129793510324484
0 0.4194690265486726 0.5424778761061947 0.07787610619469026 0.06548672566371681
0 0.5587020648967551 0.5365781710914455 0.05309734513274336 0.03716814159292035
1 0.6820058997050147 0.547787610619469 0.05545722713864307 0.05132743362831858
0 0.8359882005899705 0.5823008849557522 0.05309734513274336 0.05781710914454277
0 0.15486725663716813 0.6563421828908554 0.04424778761061947 0.05368731563421829
0 0.2342182890855457 0.659882005899705 0.04601769911504425 0.0584070796460177
0 0.45014749262536874 0.6887905604719764 0.05663716814159292 0.09498525073746313
0 0.5572271386430678 0.6958702064896755 0.04424778761061947 0.05604719764011799
1 0.6628318584070796 0.7353982300884956 0.05604719764011799 0.04070796460176991
1 0.7595870206489675 0.7368731563421829 0.047787610619469026 0.06607669616519174
0 0.1799410029498525 0.7887905604719764 0.044837758112094395 0.035398230088495575
1 0.39410029498525073 0.7702064896755162 0.07787610619469026 0.04188790560471976
0 0.396165191740413 0.8407079646017699 0.05014749262536873 0.06843657817109144
0 0.5908554572271386 0.8640117994100295 0.0359882005899705 0.03716814159292035
0 0.7421828908554572 0.8144542772861357 0.06607669616519174 0.04660766961651917
0 0.8619469026548673 0.823598820058997 0.06135693215339233 0.05309734513274336
