1 0.140117994100295 0.09174041297935104 0.04070796460176991 0.03008849557522124
1 0.3017699115044248 0.11946902654867256 0.033628318584070796 0.03126843657817109
1 0.4772861356932153 0.1424778761061947 0.03893805309734513 0.02536873156342183
1 0.6345132743362831 0.1584070796460177 0.028908554572271386 0.04070796460176991
1 0.8168141592920354 0.1831858407079646 0.03126843657817109 0.032448377581120944
1 0.93952802359882 0.1471976401179941 0.03480825958702065 0.018289085545722714
1 0.12625368731563422 0.3056047197640118 0.03657817109144543 0.02359882005899705
0 0.33628318584070793 0.3056047197640118 0.024778761061946902 0.044837758112094395
1 0.45486725663716815 0.2887905604719764 0.03657817109144543 0.028908554572271386
1 0.6274336283185841 0.33716814159292036 0.032448377581120944 0.018289085545722714
1 0.7755162241887905 0.3321533923303835 0.03008849557522124 0.03893805309734513
1 0.9348082595870206 0.3106194690265487 0.02654867256637168 0.027728613569321534
1 0.13716814159292035 0.46430678466076697 0.03008849557522124 0.03657817109144543
1 0.28908554572271383 0.43805309734513276 0.035398230088495575 0.02064896755162242
1 0.4510324483775811 0.44365781710914454 0.028908554572271386 0.021238938053097345
1 0.6306784660766962 0.46106194690265484 0.02359882005899705 0.038348082595870206
1 0.7705014749262536 0.43569321533923305 0.027138643067846607 0.03952802359882006
1 0.9362831858407079 0.4584070796460177 0.02831858407079646 0.024778761061946902
1 0.1407079646017699 0.5581120943952802 0.028908554572271386 0.03775811209439528
1 0.2926253687315634 0.5961651917404129 0.03185840707964602 0.043067846607669616
1 0.4504424778761062 0.5778761061946902 0.032448377581120944 0.02182890855457227
1 0.608259587020649 0.5823008849557522 0.03421828908554572 0.02359882005899705
1 0.7525073746312684 0.5911504424778761 0.028908554572271386 0.024778761061946902
1 0.9415929203539823 0.5911504424778761 0.03185840707964602 0.022418879056047197
1 0.13392330383480827 0.7056047197640118 0.021238938053097345 0.03657817109144543
1 0.2935103244837758 0.7017699115044248 0.03008849557522124 0.024188790560471976
0 0.4433628318584071 0.663126843657817 0.03716814159292035 0.035398230088495575
1 0.6008849557522123 0.736283185840708 0.03952802359882006 0.024778761061946902
1 0.7415929203539823 0.6973451327433628 0.030678466076696165 0.022418879056047197
1 0.9233038348082596 0.708259587020649 0.03893805309734513 0.023008849557522124
1 0.11445427728613569 0.8746312684365781 0.02359882005899705 0.03126843657817109
1 0.30442477876106194 0.8595870206489675 0.02359882005899705 0.03775811209439528
1 0.45309734513274336 0.8657817109144542 0.035398230088495575 0.03952802359882006
1 0.5861356932153392 0.8085545722713864 0.033628318584070796 0.027728613569321534
1 0.743952802359882 0.8212389380530973 0.024778761061946902 0.03421828908554572
1 0.9321533923303835 0.8342182890855457 0.03421828908554572 0.03893805309734513
