0 0.11976401179941003 0.05663716814159292 0.05781710914454277 0.10501474926253687
0 0.25958702064896755 0.05545722713864307 0.06017699115044248 0.06253687315634218
0 0.40235988200589967 0.07138643067846608 0.03775811209439528 0.07079646017699115
0 0.5365781710914455 0.12064896755162241 0.032448377581120944 0.03126843657817109
0 0.6772861356932154 0.06224188790560472 0.10973451327433628 0.047787610619469026
0 0.8536873156342183 0.09292035398230089 0.03775811209439528 0.023008849557522124
0 0.12182890855457226 0.23805309734513275 0.061946902654867256 0.07492625368731563
0 0.24749262536873157 0.18171091445427728 0.05368731563421829 0.05545722713864307
0 0.3740412979351032 0.18171091445427728 0.12625368731563422 0.04365781710914454
0 0.5306784660766961 0.25132743362831855 0.05486725663716814 0.06489675516224189
0 0.708259587020649 0.22595870206489677 0.04424778761061947 0.05191740412979351
0 0.8601769911504424 0.2294985250737463 0.05663716814159292 0.049557522123893805
0 0.12772861356932153 0.3088495575221239 0.03480825958702065 0.06312684365781711
0 0.22477876106194689 0.30501474926253686 0.04601769911504425 0.12625368731563422
0 0.36902654867256635 0.36194690265486723 0.05014749262536873 0.10206489675516224
0 0.5469026548672566 0.3262536873156342 0.06843657817109144 0.05781710914454277
0 0.6887905604719764 0.37315634218289084 0.04542772861356932 0.0607669616519174
1 0.8672566371681416 0.3799410029498525 0.040117994100294985 0.058997050147492625
0 0.13451327433628318 0.5353982300884955 0.06489675516224189 0.07374631268436578
0 0.22418879056047197 0.5533923303834808 0.05663716814159292 0.10383480825958702
1 0.35870206489675516 0.4631268436578171 0.05073746312684366 0.05191740412979351
0 0.5300884955752212 0.46932153392330384 0.052507374631268436 0.06548672566371681
0 0.6929203539823009 0.5132743362831859 0.033628318584070796 0.08613569321533923
0 0.8474926253687316 0.5106194690265486 0.04070796460176991 0.0808259587020649
0 0.12654867256637167 0.6766961651917404 0.04188790560471976 0.1486725663716814
0 0.2126843657817109 0.6905604719764011 0.05958702064896755 0.10678466076696165
0 0.3696165191740413 0.6799410029498525 0.04542772861356932 0.09144542772861357
0 0.5141592920353982 0.6041297935103245 0.03952802359882006 0.05663716814159292
0 0.6814159292035398 0.6215339233038348 0.04129793510324484 0.05132743362831858
1 0.8474926253687316 0.6342182890855457 0.03480825958702065 0.05073746312684366
0 0.13805309734513274 0.8029498525073746 0.08377581120943953 0.044837758112094395
0 0.22654867256637168 0.8294985250737463 0.035398230088495575 0.10737463126843658
0 0.36991150442477877 0.7846607669616519 0.03893805309734513 0.08259587020648967
0 0.503834808259587 0.771386430678466 0.06253687315634218 0.06312684365781711
0 0.7041297935103245 0.8392330383480826 0.07846607669616519 0.06784660766961652
1 0.8427728613569322 0.8168141592920354 0.05132743362831858 0.05486725663716814
