0 0.12182890855457226 0.143952802359882 0.06430678466076696 0.10029498525073746
0 0.28997050147492626 0.12389380530973451 0.10442477876106195 0.054277286135693215
0 0.5094395280235988 0.1182890855457227 0.0808259587020649 0.1410029498525074
0 0.6595870206489676 0.1392330383480826 0.05545722713864307 0.17345132743362832
0 0.8672566371681416 0.08112094395280237 0.13097345132743363 0.10678466076696165
0 0.1528023598820059 0.31622418879056047 0.08731563421828908 0.04247787610619469
0 0.31032448377581123 0.28230088495575223 0.03185840707964602 0.03952802359882006
0 0.5283185840707965 0.28702064896755164 0.16106194690265485 0.04070796460176991
0 0.6182890855457227 0.25073746312684364 0.05781710914454277 0.08967551622418879
0 0.7746312684365781 0.24513274336283186 0.16991150442477876 0.09498525073746313
1 0.15693215339233038 0.40176991150442476 0.016519174041297935 0.035398230088495575
0 0.33126843657817107 0.41563421828908553 0.18584070796460178 0.0855457227138643
0 0.41150442477876104 0.4672566371681416 0.05014749262536873 0.12271386430678466
0 0.4743362831858407 0.4206489675516224 0.04365781710914454 0.025958702064896755
1 0.5132743362831859 0.5191740412979351 0.04365781710914454 0.02359882005899705
0 0.6061946902654867 0.39557522123893807 0.09026548672566372 0.1905604719764012
0 0.7705014749262536 0.41150442477876104 0.06725663716814159 0.04070796460176991
1 0.6731563421828909 0.5584070796460177 0.03303834808259587 0.01710914454277286
0 0.7690265486725664 0.5519174041297935 0.08908554572271386 0.03716814159292035
0 0.1215339233038348 0.5067846607669616 0.11209439528023599 0.08259587020648967
1 0.24660766961651917 0.5587020648967551 0.021238938053097345 0.030678466076696165
0 0.41150442477876104 0.5424778761061947 0.05368731563421829 0.11740412979351032
0 0.5144542772861357 0.6374631268436578 0.17345132743362832 0.052507374631268436
0 0.10707964601769912 0.6563421828908554 0.0831858407079646 0.17640117994100296
0 0.10471976401179942 0.7790560471976401 0.0831858407079646 0.17286135693215338
1 0.24808259587020648 0.6778761061946903 0.02536873156342183 0.027138643067846607
0 0.2079646017699115 0.81976401179941 0.06902654867256637 0.12802359882005898
1 0.32831858407079645 0.8056047197640118 0.02536873156342183 0.02536873156342183
0 0.3828908554572271 0.6619469026548672 0.0471976401179941 0.1215339233038348
0 0.4646017699115044 0.8085545722713864 0.032448377581120944 0.07728613569321534
0 0.571976401179941 0.792330383480826 0.09970501474926254 0.12861356932153392
0 0.6321533923303835 0.6876106194690266 0.09144542772861357 0.16578171091445426
0 0.7286135693215339 0.7480825958702064 0.06607669616519174 0.1710914454277286
0 0.7442477876106195 0.6982300884955752 0.03952802359882006 0.033628318584070796
