0 0.1392330383480826 0.14129793510324484 0.10737463126843658 0.1079646017699115
0 0.3056047197640118 0.11563421828908554 0.13451327433628318 0.12743362831858407
0 0.5123893805309735 0.11386430678466077 0.07492625368731563 0.15339233038348082
0 0.6578171091445427 0.12536873156342182 0.06371681415929203 0.21297935103244836
0 0.8755162241887906 0.08584070796460178 0.15103244837758112 0.10088495575221239
0 0.14896755162241887 0.3174041297935103 0.09380530973451327 0.044837758112094395
0 0.30678466076696165 0.2814159292035398 0.03185840707964602 0.03775811209439528
0 0.5262536873156343 0.28407079646017697 0.1592920353982301 0.04896755162241888
0 0.61976401179941 0.24955752212389382 0.06312684365781711 0.0920353982300885
0 0.7867256637168142 0.25162241887905606 0.2 0.07728613569321534
1 0.15663716814159293 0.4008849557522124 0.01710914454277286 0.04188790560471976
0 0.32890855457227136 0.4126843657817109 0.1905604719764012 0.08908554572271386
0 0.41061946902654867 0.46519174041297934 0.05309734513274336 0.12684365781710916
0 0.4743362831858407 0.41887905604719766 0.05309734513274336 0.03185840707964602
0 0.6035398230088496 0.3952802359882006 0.08731563421828908 0.19233038348082596
0 0.7666666666666666 0.41061946902654867 0.07138643067846608 0.04247787610619469
0 0.1135693215339233 0.5067846607669616 0.11858407079646018 0.08495575221238938
1 0.24542772861356932 0.5587020648967551 0.024778761061946902 0.02831858407079646
0 0.4174041297935103 0.5454277286135694 0.09026548672566372 0.13628318584070798
1 0.5132743362831859 0.5191740412979351 0.04129793510324484 0.022418879056047197
1 0.6734513274336283 0.56047197640118 0.03480825958702065 0.022418879056047197
0 0.7716814159292036 0.552212389380531 0.08613569321533923 0.03657817109144543
0 0.10619469026548672 0.6554572271386431 0.09557522123893805 0.1864306784660767
1 0.24808259587020648 0.6784660766961652 0.027728613569321534 0.025958702064896755
0 0.3823008849557522 0.6607669616519174 0.04601769911504425 0.12743362831858407
0 0.5041297935103245 0.6392330383480825 0.19174041297935102 0.05604719764011799
0 0.6300884955752213 0.6896755162241888 0.09793510324483776 0.17227138643067846
0 0.7454277286135693 0.6997050147492625 0.043067846607669616 0.035398230088495575
0 0.751622418879056 0.744542772861357 0.06371681415929203 0.1592920353982301
0 0.09852507374631268 0.7793510324483776 0.0967551622418879 0.17935103244837758
0 0.20029498525073747 0.800589970501475 0.0808259587020649 0.1486725663716814
1 0.3286135693215339 0.8070796460176991 0.030678466076696165 0.027138643067846607
0 0.46135693215339235 0.8106194690265487 0.027138643067846607 0.07787610619469026
0 0.5687315634218288 0.7941002949852507 0.09085545722713864 0.1215339233038348
