1 0.11061946902654868 0.1056047197640118 0.04188790560471976 0.017699115044247787
1 0.25545722713864305 0.10501474926253687 0.03303834808259587 0.020058997050147492
1 0.3991150442477876 0.10884955752212389 0.033628318584070796 0.019469026548672566
1 0.5442477876106194 0.1079646017699115 0.03480825958702065 0.01887905604719764
1 0.7132743362831858 0.11651917404129794 0.03421828908554572 0.02064896755162242
1 0.8575221238938053 0.12566371681415928 0.032448377581120944 0.021238938053097345
1 0.12330383480825959 0.22979351032448378 0.03303834808259587 0.02182890855457227
1 0.2448377581120944 0.23008849557522124 0.029498525073746312 0.020058997050147492
1 0.39410029498525073 0.23008849557522124 0.03185840707964602 0.021238938053097345
1 0.5424778761061947 0.23244837758112094 0.032448377581120944 0.020058997050147492
1 0.703834808259587 0.22920353982300884 0.035398230088495575 0.018289085545722714
1 0.8595870206489675 0.23539823008849559 0.03421828908554572 0.017699115044247787
1 0.12389380530973451 0.3702064896755162 0.029498525073746312 0.02064896755162242
1 0.23628318584070795 0.3625368731563422 0.03126843657817109 0.02064896755162242
1 0.371976401179941 0.36991150442477877 0.03480825958702065 0.01887905604719764
1 0.5471976401179941 0.3722713864306785 0.032448377581120944 0.01887905604719764
1 0.6920353982300885 0.36578171091445427 0.035398230088495575 0.020058997050147492
1 0.8657817109144542 0.37846607669616517 0.0359882005899705 0.018289085545722714
1 0.12182890855457226 0.5256637168141592 0.02536873156342183 0.027138643067846607
1 0.23628318584070795 0.5268436578171092 0.032448377581120944 0.022418879056047197
1 0.3702064896755162 0.5070796460176991 0.032448377581120944 0.02182890855457227
1 0.5489675516224188 0.5014749262536873 0.03126843657817109 0.02359882005899705
1 0.6979351032448378 0.49675516224188787 0.03421828908554572 0.020058997050147492
1 0.8551622418879056 0.49321533923303834 0.0359882005899705 0.020058997050147492
1 0.11622418879056047 0.6634218289085546 0.030678466076696165 0.019469026548672566
1 0.2336283185840708 0.6693215339233038 0.029498525073746312 0.019469026548672566
1 0.36607669616519173 0.664306784660767 0.03126843657817109 0.02359882005899705
1 0.5277286135693215 0.6619469026548672 0.027728613569321534 0.01887905604719764
1 0.692330383480826 0.6607669616519174 0.03480825958702065 0.020058997050147492
1 0.8530973451327434 0.6625368731563421 0.03775811209439528 0.021238938053097345
1 0.12212389380530973 0.8103244837758112 0.030678466076696165 0.01710914454277286
1 0.23805309734513275 0.8112094395280236 0.03126843657817109 0.020058997050147492
1 0.37168141592920356 0.815929203539823 0.03185840707964602 0.020058997050147492
1 0.5144542772861357 0.8153392330383481 0.03303834808259587 0.01887905604719764
1 0.6917404129793511 0.803834808259587 0.03126843657817109 0.01710914454277286
1 0.8495575221238938 0.8112094395280236 0.030678466076696165 0.020058997050147492
