0 0.10176991150442477 0.11740412979351032 0.03716814159292035 0.03185840707964602
0 0.20412979351032448 0.15752212389380532 0.071976401179941 0.10265486725663717
0 0.3525073746312684 0.10855457227138643 0.04070796460176991 0.04601769911504425
0 0.4814159292035398 0.13775811209439529 0.13097345132743363 0.07964601769911504
0 0.6342182890855457 0.1415929203539823 0.10619469026548672 0.06489675516224189
0 0.7657817109144542 0.17699115044247787 0.06135693215339233 0.08259587020648967
0 0.779646017699115 0.23067846607669618 0.12212389380530973 0.06371681415929203
0 0.6572271386430678 0.2575221238938053 0.09321533923303835 0.06666666666666667
1 0.49970501474926254 0.2799410029498525 0.035398230088495575 0.03480825958702065
0 0.3380530973451327 0.2654867256637168 0.071976401179941 0.03421828908554572
1 0.23392330383480825 0.2687315634218289 0.05014749262536873 0.032448377581120944
0 0.12035398230088495 0.275811209439528 0.040117994100294985 0.07138643067846608
0 0.10973451327433628 0.4625368731563422 0.04837758112094395 0.03657817109144543
0 0.268141592920354 0.41150442477876104 0.09852507374631268 0.06666666666666667
0 0.37964601769911505 0.4528023598820059 0.06548672566371681 0.1410029498525074
0 0.504424778761062 0.3967551622418879 0.05191740412979351 0.04188790560471976
0 0.6740412979351033 0.4625368731563422 0.10442477876106195 0.05545722713864307
0 0.7790560471976401 0.4259587020648967 0.038348082595870206 0.03775811209439528
0 0.14837758112094396 0.6011799410029498 0.033628318584070796 0.054277286135693215
0 0.3309734513274336 0.6138643067846608 0.07787610619469026 0.1480825958702065
0 0.4200589970501475 0.6026548672566372 0.1168141592920354 0.07492625368731563
0 0.5342182890855457 0.5194690265486726 0.04660766961651917 0.04070796460176991
0 0.6625368731563421 0.5625368731563422 0.10501474926253687 0.12566371681415928
0 0.7802359882005899 0.5548672566371682 0.03480825958702065 0.05368731563421829
1 0.16814159292035397 0.6920353982300885 0.044837758112094395 0.04129793510324484
0 0.2743362831858407 0.7289085545722713 0.03303834808259587 0.04070796460176991
1 0.27168141592920353 0.7710914454277286 0.03008849557522124 0.040117994100294985
0 0.11091445427728613 0.8218289085545722 0.044837758112094395 0.08849557522123894
0 0.4324483775811209 0.7634218289085546 0.11799410029498525 0.11445427728613569
0 0.38908554572271387 0.8498525073746312 0.12330383480825959 0.12684365781710916
0 0.5463126843657817 0.8351032448377581 0.08023598820058997 0.12920353982300886
0 0.543952802359882 0.667551622418879 0.071976401179941 0.06666666666666667
0 0.6876106194690266 0.6781710914454278 0.05368731563421829 0.05132743362831858
0 0.7731563421828909 0.6707964601769911 0.12094395280235988 0.09793510324483776
0 0.6533923303834808 0.7843657817109144 0.047787610619469026 0.07374631268436578
0 0.7687315634218289 0.7831858407079646 0.1687315634218289 0.06666666666666667
