0 0.10176991150442477 0.1191740412979351 0.03716814159292035 0.03185840707964602
0 0.20412979351032448 0.15811209439528023 0.0743362831858407 0.08967551622418879
0 0.3495575221238938 0.1079646017699115 0.0359882005899705 0.049557522123893805
0 0.48289085545722715 0.13775811209439529 0.12684365781710916 0.07610619469026549
0 0.6315634218289086 0.1424778761061947 0.06902654867256637 0.09380530973451327
0 0.7675516224188791 0.17020648967551621 0.06135693215339233 0.07374631268436578
0 0.11032448377581121 0.2743362831858407 0.05545722713864307 0.0696165191740413
1 0.23303834808259588 0.268141592920354 0.049557522123893805 0.032448377581120944
0 0.33952802359882006 0.2669616519174041 0.06902654867256637 0.032448377581120944
1 0.49734513274336284 0.279646017699115 0.035398230088495575 0.03775811209439528
0 0.6657817109144543 0.2557522123893805 0.0808259587020649 0.06784660766961652
0 0.7873156342182891 0.23539823008849559 0.12566371681415928 0.044837758112094395
1 0.10766961651917403 0.45870206489675514 0.03952802359882006 0.03952802359882006
0 0.2654867256637168 0.4103244837758112 0.0967551622418879 0.061946902654867256
0 0.3805309734513274 0.45191740412979353 0.06371681415929203 0.13569321533923304
1 0.5053097345132743 0.3973451327433628 0.04542772861356932 0.04070796460176991
0 0.6654867256637168 0.4607669616519174 0.10029498525073746 0.05545722713864307
0 0.7764011799410029 0.4265486725663717 0.035398230088495575 0.035398230088495575
0 0.14896755162241887 0.5976401179941003 0.0359882005899705 0.040117994100294985
0 0.3035398230088496 0.6150442477876106 0.07964601769911504 0.14690265486725662
0 0.4109144542772861 0.6032448377581121 0.10914454277286136 0.07256637168141593
0 0.5359882005899705 0.51976401179941 0.04188790560471976 0.03893805309734513
0 0.6548672566371682 0.5678466076696165 0.1168141592920354 0.09262536873156342
0 0.7784660766961652 0.5536873156342182 0.038348082595870206 0.05014749262536873
1 0.15191740412979352 0.6684365781710915 0.03716814159292035 0.0471976401179941
0 0.27315634218289087 0.727433628318584 0.030678466076696165 0.04129793510324484
0 0.4300884955752212 0.7648967551622419 0.11327433628318584 0.11386430678466077
0 0.543952802359882 0.6651917404129793 0.0696165191740413 0.0584070796460177
0 0.6873156342182891 0.6766961651917404 0.04837758112094395 0.049557522123893805
0 0.771976401179941 0.6728613569321534 0.11268436578171091 0.09852507374631268
0 0.1168141592920354 0.8230088495575221 0.05073746312684366 0.08377581120943953
1 0.25309734513274335 0.8383480825958702 0.03421828908554572 0.021238938053097345
0 0.3828908554572271 0.8471976401179941 0.12507374631268436 0.10501474926253687
0 0.5569321533923304 0.8395280235988201 0.05663716814159292 0.10619469026548672
0 0.6513274336283186 0.7873156342182891 0.04365781710914454 0.07138643067846608
0 0.7740412979351032 0.8 0.15575221238938053 0.05781710914454277
