0 0.140117994100295 0.1424778761061947 0.11504424778761062 0.10914454277286136
0 0.30678466076696165 0.11622418879056047 0.13569321533923304 0.12979351032448377
0 0.5117994100294985 0.11238938053097344 0.07610619469026549 0.15162241887905603
0 0.6572271386430678 0.12536873156342182 0.06253687315634218 0.21061946902654866
0 0.876401179941003 0.08613569321533923 0.1504424778761062 0.0967551622418879
0 0.15014749262536872 0.31710914454277284 0.09734513274336283 0.04424778761061947
0 0.3070796460176991 0.28023598820059 0.032448377581120944 0.04247787610619469
0 0.5297935103244837 0.2808259587020649 0.1640117994100295 0.04601769911504425
0 0.6194690265486725 0.24955752212389382 0.058997050147492625 0.0967551622418879
0 0.784070796460177 0.2504424778761062 0.19469026548672566 0.07964601769911504
1 0.15781710914454278 0.4026548672566372 0.019469026548672566 0.03952802359882006
0 0.33008849557522124 0.41415929203539825 0.1929203539823009 0.0920353982300885
0 0.4731563421828908 0.4191740412979351 0.05073746312684366 0.0359882005899705
0 0.6041297935103245 0.39410029498525073 0.08849557522123894 0.1935103244837758
0 0.7663716814159292 0.41061946902654867 0.07669616519174041 0.04247787610619469
0 0.11209439528023599 0.5073746312684366 0.11799410029498525 0.08259587020648967
1 0.24542772861356932 0.559882005899705 0.020058997050147492 0.03303834808259587
0 0.4126843657817109 0.4666666666666667 0.05604719764011799 0.12271386430678466
0 0.4176991150442478 0.5433628318584071 0.0943952802359882 0.13451327433628318
1 0.5138643067846608 0.5185840707964602 0.044837758112094395 0.025958702064896755
1 0.6743362831858407 0.559882005899705 0.03775811209439528 0.025958702064896755
0 0.7737463126843658 0.552212389380531 0.09380530973451327 0.03893805309734513
0 0.10471976401179942 0.6501474926253688 0.10206489675516224 0.17581120943952802
1 0.24837758112094394 0.6778761061946903 0.025958702064896755 0.030678466076696165
0 0.38259587020648966 0.6604719764011799 0.04896755162241888 0.12920353982300886
0 0.5053097345132743 0.6383480825958702 0.1976401179941003 0.05781710914454277
0 0.631858407079646 0.6902654867256637 0.10383480825958702 0.17581120943952802
0 0.7442477876106195 0.6997050147492625 0.04424778761061947 0.035398230088495575
0 0.7525073746312684 0.7442477876106195 0.06312684365781711 0.15988200589970503
0 0.09793510324483776 0.7793510324483776 0.10147492625368731 0.17581120943952802
0 0.19882005899705013 0.7997050147492625 0.07551622418879056 0.1504424778761062
1 0.32772861356932154 0.8082595870206489 0.028908554572271386 0.027138643067846607
0 0.46283185840707963 0.8109144542772861 0.02654867256637168 0.07492625368731563
0 0.5672566371681416 0.7943952802359882 0.09026548672566372 0.12212389380530973
