0 0.24188790560471976 0.17640117994100296 0.07551622418879056 0.08495575221238938
0 0.3566371681415929 0.1327433628318584 0.1056047197640118 0.06371681415929203
0 0.5209439528023598 0.13451327433628318 0.13097345132743363 0.0920353982300885
0 0.6469026548672566 0.11769911504424779 0.04188790560471976 0.04188790560471976
0 0.7938053097345132 0.15781710914454278 0.06548672566371681 0.10914454277286136
0 0.9053097345132743 0.1135693215339233 0.043067846607669616 0.038348082595870206
0 0.231858407079646 0.23244837758112094 0.11209439528023599 0.05191740412979351
0 0.3430678466076696 0.25604719764011796 0.09026548672566372 0.06725663716814159
1 0.5070796460176991 0.2855457227138643 0.04660766961651917 0.03185840707964602
0 0.6678466076696166 0.2837758112094395 0.07787610619469026 0.03185840707964602
0 0.7802359882005899 0.26135693215339234 0.027728613569321534 0.03303834808259587
0 0.8740412979351032 0.2799410029498525 0.05014749262536873 0.07846607669616519
0 0.2191740412979351 0.42920353982300885 0.03716814159292035 0.04424778761061947
0 0.33716814159292036 0.46106194690265484 0.11976401179941003 0.05486725663716814
1 0.49321533923303834 0.3949852507374631 0.05073746312684366 0.04188790560471976
0 0.6286135693215339 0.4607669616519174 0.07964601769911504 0.1392330383480826
0 0.7415929203539823 0.40294985250737464 0.08613569321533923 0.08377581120943953
1 0.8902654867256637 0.463716814159292 0.04365781710914454 0.040117994100294985
0 0.21946902654867256 0.5539823008849557 0.03303834808259587 0.04837758112094395
0 0.33126843657817107 0.5498525073746312 0.11386430678466077 0.11091445427728613
1 0.46342182890855455 0.5203539823008849 0.04424778761061947 0.04129793510324484
0 0.6182890855457227 0.5935103244837758 0.07079646017699115 0.07787610619469026
0 0.6734513274336283 0.615339233038348 0.07374631268436578 0.15221238938053097
0 0.8418879056047197 0.5772861356932153 0.05191740412979351 0.0607669616519174
0 0.231858407079646 0.6707964601769911 0.08495575221238938 0.11563421828908554
0 0.3135693215339233 0.6743362831858407 0.04896755162241888 0.05073746312684366
0 0.45368731563421827 0.6722713864306784 0.08849557522123894 0.06902654867256637
0 0.5764011799410029 0.7563421828908554 0.10973451327433628 0.12271386430678466
0 0.7250737463126844 0.7168141592920354 0.03303834808259587 0.02831858407079646
1 0.7244837758112095 0.799410029498525 0.035398230088495575 0.027138643067846607
1 0.8280235988200589 0.6920353982300885 0.033628318584070796 0.03303834808259587
0 0.8893805309734513 0.7973451327433628 0.05014749262536873 0.06430678466076696
0 0.2365781710914454 0.7861356932153393 0.184070796460177 0.05014749262536873
0 0.34690265486725663 0.7805309734513274 0.05191740412979351 0.08023598820058997
0 0.45368731563421827 0.8407079646017699 0.07669616519174041 0.13333333333333333
0 0.608259587020649 0.8471976401179941 0.12271386430678466 0.13215339233038348
