1 0.11858407079646018 0.12654867256637167 0.02831858407079646 0.024188790560471976
1 0.27817109144542773 0.1430678466076696 0.03008849557522124 0.02064896755162242
1 0.4457227138643068 0.15221238938053097 0.033628318584070796 0.020058997050147492
1 0.6047197640117994 0.15309734513274337 0.029498525073746312 0.01710914454277286
1 0.7578171091445428 0.15693215339233038 0.032448377581120944 0.017699115044247787
1 0.9353982300884955 0.16666666666666666 0.033628318584070796 0.018289085545722714
1 0.12035398230088495 0.2873156342182891 0.03421828908554572 0.016519174041297935
1 0.2929203539823009 0.3005899705014749 0.03126843657817109 0.02064896755162242
1 0.4480825958702065 0.30206489675516224 0.03008849557522124 0.021238938053097345
1 0.6056047197640118 0.2935103244837758 0.03008849557522124 0.02064896755162242
1 0.756047197640118 0.28289085545722714 0.028908554572271386 0.023008849557522124
1 0.9348082595870206 0.28023598820059 0.032448377581120944 0.017699115044247787
1 0.12654867256637167 0.41799410029498524 0.028908554572271386 0.02536873156342183
1 0.2867256637168142 0.4230088495575221 0.030678466076696165 0.020058997050147492
1 0.44837758112094395 0.42389380530973453 0.029498525073746312 0.018289085545722714
1 0.6053097345132743 0.4224188790560472 0.030678466076696165 0.01887905604719764
1 0.7489675516224189 0.412094395280236 0.027728613569321534 0.01710914454277286
1 0.9353982300884955 0.4008849557522124 0.028908554572271386 0.018289085545722714
1 0.12448377581120944 0.5610619469026549 0.03185840707964602 0.01887905604719764
1 0.2855457227138643 0.5607669616519174 0.030678466076696165 0.018289085545722714
1 0.4486725663716814 0.5569321533923304 0.027728613569321534 0.020058997050147492
1 0.6094395280235988 0.556047197640118 0.030678466076696165 0.019469026548672566
1 0.7584070796460177 0.5530973451327433 0.03008849557522124 0.01710914454277286
1 0.9342182890855457 0.5495575221238937 0.027728613569321534 0.01710914454277286
1 0.12123893805309735 0.7233038348082595 0.033628318584070796 0.021238938053097345
1 0.3008849557522124 0.715929203539823 0.03185840707964602 0.019469026548672566
1 0.4533923303834808 0.7008849557522123 0.033628318584070796 0.01887905604719764
1 0.6147492625368731 0.6967551622418879 0.03421828908554572 0.01887905604719764
1 0.7551622418879056 0.7002949852507374 0.029498525073746312 0.01887905604719764
1 0.9286135693215339 0.7 0.03421828908554572 0.01592920353982301
1 0.12949852507374632 0.8952802359882006 0.02536873156342183 0.02654867256637168
1 0.29852507374631265 0.8840707964601769 0.029498525073746312 0.023008849557522124
1 0.44955752212389377 0.8781710914454277 0.029498525073746312 0.02064896755162242
1 0.6227138643067847 0.8584070796460177 0.032448377581120944 0.01887905604719764
1 0.7578171091445428 0.8625368731563422 0.027728613569321534 0.01887905604719764
1 0.9368731563421828 0.856637168141593 0.027138643067846607 0.016519174041297935
