0 0.10294985250737462 0.11799410029498525 0.03716814159292035 0.03185840707964602
0 0.20471976401179942 0.15870206489675515 0.0743362831858407 0.10029498525073746
0 0.3513274336283186 0.10737463126843658 0.038348082595870206 0.04837758112094395
0 0.4808259587020649 0.13539823008849558 0.12861356932153392 0.07610619469026549
0 0.6353982300884956 0.140117994100295 0.10501474926253687 0.06666666666666667
0 0.7672566371681416 0.17610619469026548 0.05958702064896755 0.07846607669616519
0 0.7799410029498525 0.23008849557522124 0.1168141592920354 0.06253687315634218
0 0.6557522123893805 0.2575221238938053 0.09026548672566372 0.06784660766961652
1 0.49911504424778763 0.2799410029498525 0.03657817109144543 0.03480825958702065
0 0.3386430678466077 0.26755162241887903 0.071976401179941 0.03480825958702065
1 0.2345132743362832 0.2687315634218289 0.05132743362831858 0.032448377581120944
0 0.11799410029498525 0.27463126843657815 0.03893805309734513 0.06548672566371681
1 0.10707964601769912 0.46017699115044247 0.043067846607669616 0.03893805309734513
0 0.26489675516224187 0.412094395280236 0.09557522123893805 0.06548672566371681
0 0.3781710914454277 0.4539823008849557 0.06725663716814159 0.14454277286135692
1 0.5050147492625369 0.3979351032448378 0.05073746312684366 0.043067846607669616
0 0.6728613569321534 0.4607669616519174 0.10324483775811209 0.05545722713864307
0 0.7778761061946903 0.42625368731563423 0.038348082595870206 0.03716814159292035
0 0.14837758112094396 0.5973451327433629 0.033628318584070796 0.05014749262536873
0 0.33244837758112095 0.6126843657817109 0.08200589970501475 0.1504424778761062
0 0.4191740412979351 0.6029498525073747 0.11504424778761062 0.07551622418879056
0 0.5348082595870206 0.5191740412979351 0.04660766961651917 0.04129793510324484
0 0.6646017699115044 0.564306784660767 0.10324483775811209 0.12802359882005898
0 0.7802359882005899 0.5542772861356932 0.03480825958702065 0.05368731563421829
1 0.1672566371681416 0.692330383480826 0.04188790560471976 0.043067846607669616
0 0.2734513274336283 0.7292035398230088 0.03126843657817109 0.04129793510324484
1 0.27256637168141595 0.772566371681416 0.02831858407079646 0.04070796460176991
0 0.11209439528023599 0.8230088495575221 0.0471976401179941 0.08967551622418879
0 0.43067846607669613 0.7631268436578171 0.11799410029498525 0.11740412979351032
0 0.38849557522123895 0.851622418879056 0.12330383480825959 0.12330383480825959
0 0.5463126843657817 0.835693215339233 0.07905604719764012 0.1303834808259587
0 0.5436578171091445 0.6705014749262537 0.07256637168141593 0.06312684365781711
0 0.6864306784660766 0.6764011799410029 0.05132743362831858 0.047787610619469026
0 0.6530973451327433 0.7846607669616519 0.04601769911504425 0.07079646017699115
0 0.772566371681416 0.783480825958702 0.16932153392330385 0.06843657817109144
0 0.7737463126843658 0.6731563421828909 0.11976401179941003 0.09911504424778761
