0 0.11563421828908554 0.07846607669616519 0.03775811209439528 0.07787610619469026
1 0.8495575221238938 0.6587020648967552 0.040117994100294985 0.01592920353982301
0 0.2604719764011799 0.07020648967551622 0.043067846607669616 0.07669616519174041
0 0.4032448377581121 0.08171091445427728 0.03716814159292035 0.07492625368731563
0 0.5380530973451327 0.1359882005899705 0.02831858407079646 0.033628318584070796
0 0.6884955752212389 0.07699115044247787 0.06135693215339233 0.05368731563421829
0 0.856637168141593 0.09734513274336283 0.035398230088495575 0.03185840707964602
0 0.12477876106194691 0.2536873156342183 0.05486725663716814 0.06607669616519174
0 0.24867256637168142 0.20029498525073747 0.052507374631268436 0.05132743362831858
0 0.39144542772861357 0.19616519174041297 0.09380530973451327 0.07610619469026549
0 0.5333333333333333 0.2693215339233038 0.03421828908554572 0.052507374631268436
1 0.7097345132743362 0.24129793510324482 0.04129793510324484 0.0471976401179941
0 0.856637168141593 0.26135693215339234 0.04837758112094395 0.04365781710914454
0 0.12802359882005898 0.3327433628318584 0.03421828908554572 0.08259587020648967
0 0.22890855457227138 0.33244837758112095 0.040117994100294985 0.09970501474926254
0 0.3702064896755162 0.34926253687315634 0.047787610619469026 0.04837758112094395
0 0.5448377581120943 0.34100294985250734 0.0607669616519174 0.05545722713864307
0 0.6890855457227139 0.3873156342182891 0.04837758112094395 0.0584070796460177
1 0.8660766961651918 0.39233038348082594 0.03303834808259587 0.040117994100294985
0 0.13628318584070798 0.5365781710914455 0.05781710914454277 0.07256637168141593
0 0.22831858407079647 0.5587020648967551 0.049557522123893805 0.08731563421828908
0 0.3631268436578171 0.4814159292035398 0.043067846607669616 0.04601769911504425
0 0.5312684365781711 0.484070796460177 0.05014749262536873 0.06430678466076696
0 0.6929203539823009 0.5297935103244837 0.032448377581120944 0.071976401179941
0 0.8501474926253687 0.5259587020648967 0.040117994100294985 0.07728613569321534
0 0.12772861356932153 0.695575221238938 0.04542772861356932 0.1191740412979351
0 0.2215339233038348 0.695575221238938 0.04424778761061947 0.08495575221238938
0 0.36843657817109143 0.6811209439528023 0.03952802359882006 0.06784660766961652
0 0.5147492625368731 0.6244837758112094 0.03952802359882006 0.05958702064896755
0 0.684070796460177 0.6353982300884956 0.04070796460176991 0.058997050147492625
0 0.1392330383480826 0.8144542772861357 0.08495575221238938 0.033628318584070796
0 0.22890855457227138 0.8351032448377581 0.03657817109144543 0.09144542772861357
0 0.36755162241887906 0.7973451327433628 0.03421828908554572 0.061946902654867256
0 0.5026548672566371 0.7884955752212389 0.06135693215339233 0.057227138643067846
0 0.6834808259587021 0.8309734513274336 0.0359882005899705 0.07728613569321534
0 0.8460176991150442 0.8433628318584071 0.040117994100294985 0.057227138643067846
