1 0.11150442477876106 0.10619469026548672 0.03775811209439528 0.017699115044247787
1 0.25604719764011796 0.10412979351032448 0.03421828908554572 0.019469026548672566
1 0.39941002949852505 0.10884955752212389 0.03303834808259587 0.018289085545722714
1 0.5445427728613569 0.10884955752212389 0.03421828908554572 0.019469026548672566
1 0.7135693215339233 0.115929203539823 0.033628318584070796 0.019469026548672566
1 0.8578171091445428 0.12507374631268436 0.03421828908554572 0.020058997050147492
1 0.12359882005899706 0.22979351032448378 0.03126843657817109 0.02064896755162242
1 0.24542772861356932 0.23067846607669618 0.02831858407079646 0.015339233038348082
1 0.39557522123893807 0.22890855457227138 0.03480825958702065 0.022418879056047197
1 0.5427728613569321 0.23215339233038348 0.03303834808259587 0.02064896755162242
1 0.7044247787610619 0.22979351032448378 0.035398230088495575 0.019469026548672566
1 0.8587020648967552 0.2345132743362832 0.0359882005899705 0.018289085545722714
1 0.12330383480825959 0.3687315634218289 0.030678466076696165 0.022418879056047197
1 0.23569321533923304 0.3616519174041298 0.03126843657817109 0.01887905604719764
1 0.37138643067846605 0.3702064896755162 0.032448377581120944 0.023008849557522124
1 0.5469026548672566 0.371976401179941 0.03303834808259587 0.02064896755162242
1 0.6908554572271386 0.36430678466076694 0.03303834808259587 0.019469026548672566
1 0.8654867256637168 0.37728613569321534 0.03657817109144543 0.01710914454277286
1 0.12064896755162241 0.5268436578171092 0.02536873156342183 0.025958702064896755
1 0.2365781710914454 0.5262536873156343 0.030678466076696165 0.020058997050147492
1 0.3705014749262537 0.5073746312684366 0.03185840707964602 0.022418879056047197
1 0.547787610619469 0.5 0.03126843657817109 0.02182890855457227
1 0.6985250737463127 0.4964601769911504 0.03421828908554572 0.018289085545722714
1 0.855457227138643 0.49203539823008846 0.035398230088495575 0.020058997050147492
1 0.11504424778761062 0.6646017699115044 0.02831858407079646 0.018289085545722714
1 0.23215339233038348 0.6687315634218289 0.03008849557522124 0.01710914454277286
1 0.36578171091445427 0.664306784660767 0.030678466076696165 0.021238938053097345
1 0.5300884955752212 0.6616519174041298 0.03126843657817109 0.018289085545722714
1 0.6917404129793511 0.6613569321533923 0.033628318584070796 0.021238938053097345
1 0.8533923303834808 0.6628318584070796 0.03716814159292035 0.02182890855457227
1 0.12300884955752212 0.8100294985250738 0.03008849557522124 0.01887905604719764
1 0.23716814159292035 0.8106194690265487 0.029498525073746312 0.01415929203539823
1 0.3728613569321534 0.8171091445427728 0.03303834808259587 0.01887905604719764
1 0.5156342182890855 0.815929203539823 0.03421828908554572 0.01887905604719764
1 0.6926253687315634 0.8044247787610619 0.03303834808259587 0.018289085545722714
1 0.8498525073746312 0.8126843657817109 0.03126843657817109 0.018289085545722714
