0 0.10058997050147492 0.11858407079646018 0.0359882005899705 0.03185840707964602
0 0.21238938053097345 0.12477876106194691 0.0943952802359882 0.08436578171091445
0 0.3495575221238938 0.10766961651917403 0.032448377581120944 0.04896755162241888
0 0.5032448377581121 0.1398230088495575 0.06843657817109144 0.13805309734513274
0 0.6315634218289086 0.1415929203539823 0.07138643067846608 0.09557522123893805
0 0.7687315634218289 0.1696165191740413 0.06017699115044248 0.07374631268436578
0 0.10825958702064897 0.27315634218289087 0.0584070796460177 0.06843657817109144
1 0.2327433628318584 0.2672566371681416 0.047787610619469026 0.03303834808259587
0 0.38200589970501475 0.22212389380530972 0.03126843657817109 0.06548672566371681
1 0.49793510324483775 0.2799410029498525 0.035398230088495575 0.03716814159292035
0 0.6917404129793511 0.31209439528023597 0.09380530973451327 0.07315634218289085
0 0.796165191740413 0.2814159292035398 0.04188790560471976 0.12271386430678466
0 0.10442477876106195 0.4303834808259587 0.044837758112094395 0.057227138643067846
0 0.2646017699115044 0.4112094395280236 0.09852507374631268 0.06253687315634218
0 0.3793510324483776 0.4542772861356932 0.06607669616519174 0.1392330383480826
1 0.5053097345132743 0.39764011799410026 0.04542772861356932 0.040117994100294985
0 0.692330383480826 0.4398230088495575 0.10324483775811209 0.09144542772861357
0 0.7876106194690266 0.42743362831858406 0.035398230088495575 0.038348082595870206
0 0.12330383480825959 0.6047197640117994 0.03657817109144543 0.035398230088495575
0 0.27404129793510323 0.6191740412979351 0.09380530973451327 0.1480825958702065
0 0.41238938053097346 0.6029498525073747 0.10855457227138643 0.07551622418879056
0 0.5359882005899705 0.5194690265486726 0.04542772861356932 0.04070796460176991
0 0.656047197640118 0.5587020648967551 0.12507374631268436 0.0743362831858407
0 0.7766961651917405 0.5536873156342182 0.03952802359882006 0.04896755162241888
0 0.5427728613569321 0.6646017699115044 0.0696165191740413 0.057227138643067846
0 0.6861356932153392 0.6769911504424778 0.049557522123893805 0.05014749262536873
0 0.7716814159292036 0.6728613569321534 0.11209439528023599 0.09734513274336283
1 0.09852507374631268 0.7218289085545723 0.0471976401179941 0.03126843657817109
0 0.2640117994100295 0.7412979351032448 0.028908554572271386 0.033628318584070796
0 0.42920353982300885 0.7628318584070797 0.10914454277286136 0.11209439528023599
0 0.10884955752212389 0.8424778761061946 0.03952802359882006 0.1215339233038348
1 0.2528023598820059 0.8377581120943953 0.03480825958702065 0.02359882005899705
0 0.38259587020648966 0.8474926253687316 0.12802359882005898 0.1056047197640118
0 0.5557522123893806 0.8380530973451328 0.05309734513274336 0.10678466076696165
0 0.651622418879056 0.7861356932153393 0.04542772861356932 0.07020648967551622
0 0.7769911504424779 0.8011799410029499 0.1616519174041298 0.058997050147492625
