0 0.1383480825958702 0.1430678466076696 0.10442477876106195 0.1056047197640118
0 0.30973451327433627 0.13244837758112094 0.12743362831858407 0.1480825958702065
0 0.5106194690265486 0.10176991150442477 0.07138643067846608 0.15516224188790562
0 0.6710914454277286 0.11710914454277285 0.047787610619469026 0.21061946902654866
0 0.8699115044247787 0.09705014749262536 0.13628318584070798 0.09026548672566372
0 0.15014749262536872 0.31504424778761064 0.09026548672566372 0.04365781710914454
0 0.3058997050147493 0.2784660766961652 0.028908554572271386 0.03893805309734513
0 0.524188790560472 0.28053097345132744 0.15516224188790562 0.052507374631268436
0 0.6188790560471976 0.24955752212389382 0.05663716814159292 0.0920353982300885
0 0.7846607669616519 0.23539823008849559 0.1911504424778761 0.0943952802359882
1 0.15398230088495574 0.3991150442477876 0.015339233038348082 0.03480825958702065
0 0.3247787610619469 0.41563421828908553 0.1799410029498525 0.09616519174041298
0 0.4097345132743363 0.46578171091445425 0.05014749262536873 0.12094395280235988
0 0.47345132743362833 0.41887905604719766 0.052507374631268436 0.035398230088495575
1 0.5135693215339233 0.5185840707964602 0.04424778761061947 0.02359882005899705
0 0.6056047197640118 0.39882005899705014 0.08672566371681416 0.18997050147492625
0 0.7687315634218289 0.4020648967551622 0.07079646017699115 0.033628318584070796
0 0.11179941002949853 0.5032448377581121 0.1079646017699115 0.08259587020648967
0 0.25486725663716814 0.563716814159292 0.03303834808259587 0.04070796460176991
0 0.41386430678466074 0.5433628318584071 0.08436578171091445 0.12979351032448377
0 0.6728613569321534 0.5743362831858407 0.032448377581120944 0.047787610619469026
0 0.7746312684365781 0.5525073746312684 0.07669616519174041 0.03480825958702065
0 0.10235988200589971 0.6584070796460177 0.1056047197640118 0.18761061946902655
1 0.24778761061946902 0.6781710914454278 0.02359882005899705 0.02536873156342183
0 0.38200589970501475 0.6575221238938053 0.04424778761061947 0.11740412979351032
0 0.5005899705014749 0.6392330383480825 0.18584070796460178 0.0584070796460177
0 0.6271386430678466 0.6873156342182891 0.0967551622418879 0.1710914454277286
0 0.7457227138643068 0.7020648967551623 0.03657817109144543 0.03893805309734513
0 0.7321533923303835 0.7448377581120944 0.08141592920353982 0.16106194690265485
0 0.1 0.784070796460177 0.09616519174041298 0.1663716814159292
0 0.2088495575221239 0.7849557522123893 0.10501474926253687 0.12094395280235988
1 0.328023598820059 0.807669616519174 0.027138643067846607 0.025958702064896755
0 0.46017699115044247 0.807669616519174 0.022418879056047197 0.07787610619469026
0 0.6002949852507374 0.8147492625368732 0.1504424778761062 0.09793510324483776
