1 0.11120943952802359 0.1056047197640118 0.0359882005899705 0.01887905604719764
1 0.2557522123893805 0.10471976401179942 0.033628318584070796 0.019469026548672566
1 0.3991150442477876 0.10884955752212389 0.032448377581120944 0.019469026548672566
1 0.5433628318584071 0.10914454277286136 0.03303834808259587 0.020058997050147492
1 0.7129793510324484 0.11563421828908554 0.033628318584070796 0.020058997050147492
1 0.8572271386430679 0.12595870206489676 0.035398230088495575 0.02064896755162242
1 0.12359882005899706 0.22861356932153393 0.03126843657817109 0.019469026548672566
1 0.2448377581120944 0.23067846607669618 0.030678466076696165 0.017699115044247787
1 0.3952802359882006 0.22920353982300884 0.03185840707964602 0.018289085545722714
1 0.5410029498525074 0.231858407079646 0.035398230088495575 0.01887905604719764
1 0.7035398230088495 0.22861356932153393 0.0359882005899705 0.018289085545722714
1 0.8595870206489675 0.23539823008849559 0.035398230088495575 0.017699115044247787
1 0.12330383480825959 0.3687315634218289 0.030678466076696165 0.021238938053097345
1 0.2359882005899705 0.3616519174041298 0.03185840707964602 0.017699115044247787
1 0.37079646017699114 0.36991150442477877 0.032448377581120944 0.021238938053097345
1 0.5463126843657817 0.37168141592920356 0.03303834808259587 0.020058997050147492
1 0.691150442477876 0.36519174041297936 0.033628318584070796 0.01887905604719764
1 0.8660766961651918 0.3775811209439528 0.035398230088495575 0.016519174041297935
1 0.12094395280235988 0.5262536873156343 0.024778761061946902 0.027138643067846607
1 0.2359882005899705 0.5259587020648967 0.030678466076696165 0.019469026548672566
1 0.3705014749262537 0.5070796460176991 0.03185840707964602 0.02182890855457227
1 0.5474926253687316 0.49970501474926254 0.03303834808259587 0.02359882005899705
1 0.6973451327433628 0.49675516224188787 0.03421828908554572 0.01887905604719764
1 0.8563421828908554 0.49144542772861355 0.03480825958702065 0.01887905604719764
1 0.11474926253687315 0.6628318584070796 0.03008849557522124 0.018289085545722714
1 0.23215339233038348 0.6684365781710915 0.03126843657817109 0.017699115044247787
1 0.36607669616519173 0.6646017699115044 0.03126843657817109 0.02182890855457227
1 0.5289085545722714 0.6610619469026549 0.03008849557522124 0.018289085545722714
1 0.691150442477876 0.6604719764011799 0.033628318584070796 0.02064896755162242
1 0.8539823008849557 0.6619469026548672 0.038348082595870206 0.022418879056047197
1 0.1224188790560472 0.8088495575221238 0.028908554572271386 0.017699115044247787
1 0.23805309734513275 0.8112094395280236 0.03480825958702065 0.016519174041297935
1 0.37168141592920356 0.8150442477876106 0.03421828908554572 0.018289085545722714
1 0.5144542772861357 0.8144542772861357 0.035398230088495575 0.02064896755162242
1 0.6932153392330384 0.8041297935103244 0.03303834808259587 0.017699115044247787
1 0.8501474926253687 0.8103244837758112 0.035398230088495575 0.01710914454277286
