1 0.06401179941002949 0.14454277286135692 0.027728613569321534 0.016519174041297935
1 0.2415929203539823 0.1383480825958702 0.028908554572271386 0.019469026548672566
1 0.37787610619469025 0.1410029498525074 0.03126843657817109 0.01887905604719764
1 0.5504424778761062 0.1224188790560472 0.029498525073746312 0.02064896755162242
1 0.7020648967551623 0.11799410029498525 0.02831858407079646 0.022418879056047197
1 0.8716814159292036 0.10501474926253687 0.02654867256637168 0.027138643067846607
1 0.07227138643067846 0.3008849557522124 0.03008849557522124 0.015339233038348082
1 0.2448377581120944 0.3005899705014749 0.027138643067846607 0.01710914454277286
1 0.3852507374631268 0.3041297935103245 0.03185840707964602 0.018289085545722714
1 0.547787610619469 0.3 0.03480825958702065 0.018289085545722714
1 0.699410029498525 0.28525073746312685 0.03008849557522124 0.019469026548672566
1 0.879646017699115 0.27728613569321536 0.035398230088495575 0.01887905604719764
1 0.06430678466076696 0.451622418879056 0.02831858407079646 0.018289085545722714
1 0.24218289085545722 0.4480825958702065 0.03126843657817109 0.018289085545722714
1 0.39233038348082594 0.443952802359882 0.029498525073746312 0.02064896755162242
1 0.552212389380531 0.4424778761061947 0.02831858407079646 0.020058997050147492
1 0.7135693215339233 0.4398230088495575 0.028908554572271386 0.01592920353982301
1 0.875221238938053 0.4398230088495575 0.028908554572271386 0.02064896755162242
1 0.06430678466076696 0.6 0.027138643067846607 0.020058997050147492
1 0.2510324483775811 0.5887905604719764 0.03008849557522124 0.017699115044247787
1 0.3952802359882006 0.5799410029498525 0.029498525073746312 0.01887905604719764
1 0.5519174041297935 0.5778761061946902 0.027728613569321534 0.018289085545722714
1 0.7138643067846607 0.5778761061946902 0.027138643067846607 0.01710914454277286
1 0.8746312684365781 0.5834808259587021 0.02654867256637168 0.025958702064896755
1 0.06519174041297934 0.720353982300885 0.032448377581120944 0.016519174041297935
1 0.24454277286135692 0.7182890855457227 0.028908554572271386 0.02064896755162242
1 0.3949852507374631 0.7088495575221239 0.028908554572271386 0.019469026548672566
1 0.5525073746312684 0.6997050147492625 0.03126843657817109 0.021238938053097345
1 0.7085545722713864 0.7008849557522123 0.030678466076696165 0.01887905604719764
1 0.8811209439528024 0.7138643067846607 0.03480825958702065 0.01887905604719764
1 0.06696165191740414 0.8348082595870207 0.03480825958702065 0.01887905604719764
1 0.2415929203539823 0.8436578171091446 0.03008849557522124 0.01887905604719764
1 0.39646017699115044 0.8489675516224189 0.030678466076696165 0.015339233038348082
1 0.556047197640118 0.8480825958702065 0.03008849557522124 0.01592920353982301
1 0.7224188790560472 0.8572271386430679 0.03126843657817109 0.021238938053097345
1 0.8831858407079646 0.8749262536873156 0.02831858407079646 0.02359882005899705
