0 0.2345132743362832 0.17551622418879056 0.05958702064896755 0.07964601769911504
0 0.363716814159292 0.140117994100295 0.1079646017699115 0.06666666666666667
0 0.5188790560471976 0.13775811209439529 0.13156342182890857 0.08200589970501475
0 0.6483775811209439 0.10766961651917403 0.04129793510324484 0.04542772861356932
0 0.7946902654867256 0.15899705014749263 0.071976401179941 0.1079646017699115
1 0.8979351032448377 0.1191740412979351 0.03657817109144543 0.035398230088495575
0 0.22212389380530972 0.23067846607669618 0.12094395280235988 0.06371681415929203
0 0.3448377581120944 0.25663716814159293 0.09262536873156342 0.06607669616519174
1 0.49911504424778763 0.2808259587020649 0.03775811209439528 0.03421828908554572
0 0.6616519174041298 0.26430678466076696 0.07256637168141593 0.03185840707964602
1 0.7663716814159292 0.2687315634218289 0.05191740412979351 0.03008849557522124
0 0.8790560471976401 0.27817109144542773 0.04247787610619469 0.07728613569321534
0 0.2215339233038348 0.4247787610619469 0.03716814159292035 0.035398230088495575
0 0.3233038348082596 0.4607669616519174 0.10619469026548672 0.054277286135693215
1 0.4958702064896755 0.39823008849557523 0.05132743362831858 0.04365781710914454
0 0.6238938053097345 0.4551622418879056 0.07374631268436578 0.1480825958702065
0 0.7306784660766962 0.4109144542772861 0.10088495575221239 0.06548672566371681
0 0.8893805309734513 0.46430678466076697 0.05014749262536873 0.035398230088495575
0 0.2191740412979351 0.5545722713864307 0.033628318584070796 0.05073746312684366
0 0.33657817109144544 0.5613569321533923 0.10678466076696165 0.12448377581120944
0 0.46519174041297934 0.5188790560471976 0.04542772861356932 0.04188790560471976
0 0.5787610619469027 0.6032448377581121 0.11799410029498525 0.07492625368731563
0 0.671386430678466 0.6135693215339233 0.06725663716814159 0.15103244837758112
0 0.8533923303834808 0.6005899705014749 0.033628318584070796 0.05309734513274336
0 0.22625368731563422 0.6707964601769911 0.12094395280235988 0.09911504424778761
0 0.31327433628318585 0.6772861356932154 0.05191740412979351 0.05191740412979351
0 0.45722713864306785 0.6654867256637168 0.06843657817109144 0.07079646017699115
0 0.5663716814159292 0.7616519174041297 0.1191740412979351 0.1191740412979351
0 0.7268436578171091 0.7292035398230088 0.03185840707964602 0.04129793510324484
1 0.7286135693215339 0.771386430678466 0.027138643067846607 0.038348082595870206
1 0.8312684365781711 0.6917404129793511 0.04129793510324484 0.04070796460176991
0 0.8882005899705014 0.8218289085545722 0.04542772861356932 0.08849557522123894
0 0.23156342182890854 0.7825958702064897 0.17050147492625367 0.06430678466076696
0 0.34690265486725663 0.7823008849557522 0.05073746312684366 0.07315634218289085
0 0.45486725663716815 0.8371681415929203 0.08023598820058997 0.13097345132743363
0 0.6117994100294986 0.851622418879056 0.12271386430678466 0.12566371681415928
