0 0.11327433628318584 0.06017699115044248 0.054277286135693215 0.08377581120943953
0 0.2604719764011799 0.056342182890855456 0.04542772861356932 0.07374631268436578
0 0.4014749262536873 0.06784660766961652 0.038348082595870206 0.07551622418879056
0 0.5365781710914455 0.11976401179941003 0.03008849557522124 0.03303834808259587
1 0.8504424778761062 0.24100294985250736 0.03716814159292035 0.03008849557522124
0 0.6790560471976401 0.06548672566371681 0.09793510324483776 0.05191740412979351
0 0.855457227138643 0.07787610619469026 0.035398230088495575 0.040117994100294985
0 0.11946902654867256 0.24100294985250736 0.05368731563421829 0.07728613569321534
0 0.24660766961651917 0.18141592920353983 0.05073746312684366 0.05486725663716814
0 0.37787610619469025 0.17522123893805308 0.11386430678466077 0.06017699115044248
0 0.5327433628318584 0.2569321533923304 0.03421828908554572 0.052507374631268436
1 0.7088495575221239 0.228023598820059 0.03952802359882006 0.04896755162241888
0 0.12477876106194691 0.3141592920353982 0.03716814159292035 0.08436578171091445
0 0.22920353982300884 0.31386430678466076 0.04896755162241888 0.10855457227138643
0 0.3640117994100295 0.34601769911504426 0.05545722713864307 0.05486725663716814
0 0.5469026548672566 0.32654867256637166 0.06725663716814159 0.05604719764011799
0 0.6884955752212389 0.3743362831858407 0.04601769911504425 0.05958702064896755
1 0.8651917404129793 0.38200589970501475 0.03716814159292035 0.047787610619469026
0 0.13628318584070798 0.5294985250737463 0.058997050147492625 0.07492625368731563
0 0.22330383480825958 0.551622418879056 0.05368731563421829 0.09793510324483776
0 0.35929203539823007 0.4666666666666667 0.049557522123893805 0.04837758112094395
0 0.5286135693215339 0.4690265486725664 0.05073746312684366 0.06725663716814159
0 0.6920353982300885 0.5165191740412979 0.035398230088495575 0.08200589970501475
0 0.8486725663716814 0.5117994100294985 0.038348082595870206 0.0831858407079646
0 0.12536873156342182 0.6820058997050147 0.04424778761061947 0.14277286135693215
0 0.21150442477876105 0.6876106194690266 0.04896755162241888 0.09734513274336283
0 0.3702064896755162 0.6740412979351033 0.04424778761061947 0.0855457227138643
0 0.515929203539823 0.6079646017699115 0.04188790560471976 0.05604719764011799
0 0.6831858407079646 0.6224188790560472 0.04129793510324484 0.06135693215339233
0 0.8501474926253687 0.636283185840708 0.040117994100294985 0.038348082595870206
0 0.1410029498525074 0.8014749262536873 0.08967551622418879 0.03716814159292035
0 0.2271386430678466 0.8244837758112095 0.03303834808259587 0.09852507374631268
0 0.3672566371681416 0.784070796460177 0.03480825958702065 0.0696165191740413
0 0.503834808259587 0.7746312684365781 0.06253687315634218 0.06135693215339233
0 0.7029498525073746 0.8398230088495575 0.07846607669616519 0.0607669616519174
0 0.8404129793510324 0.8262536873156342 0.04542772861356932 0.05958702064896755
