1 0.10088495575221239 0.12802359882005898 0.027138643067846607 0.020058997050147492
1 0.2303834808259587 0.14513274336283186 0.027728613569321534 0.021238938053097345
1 0.38613569321533925 0.14749262536873156 0.024188790560471976 0.027138643067846607
1 0.5374631268436578 0.14513274336283186 0.03421828908554572 0.021238938053097345
1 0.6914454277286135 0.14601769911504425 0.020058997050147492 0.038348082595870206
1 0.8477876106194691 0.11946902654867256 0.03421828908554572 0.01710914454277286
1 0.09882005899705015 0.3359882005899705 0.027728613569321534 0.02064896755162242
1 0.21563421828908555 0.32949852507374633 0.02654867256637168 0.02182890855457227
1 0.3752212389380531 0.32418879056047195 0.03303834808259587 0.019469026548672566
1 0.5176991150442478 0.3525073746312684 0.03008849557522124 0.02064896755162242
1 0.6799410029498525 0.34601769911504426 0.033628318584070796 0.02182890855457227
1 0.8427728613569322 0.3631268436578171 0.032448377581120944 0.019469026548672566
1 0.08790560471976401 0.4743362831858407 0.027138643067846607 0.020058997050147492
1 0.2374631268436578 0.4725663716814159 0.028908554572271386 0.020058997050147492
1 0.38259587020648966 0.5014749262536873 0.028908554572271386 0.020058997050147492
1 0.536283185840708 0.5221238938053098 0.029498525073746312 0.020058997050147492
1 0.687905604719764 0.5123893805309735 0.03185840707964602 0.019469026548672566
1 0.8389380530973451 0.515339233038348 0.03185840707964602 0.018289085545722714
1 0.09557522123893805 0.6188790560471976 0.027138643067846607 0.017699115044247787
1 0.24218289085545722 0.6256637168141593 0.02654867256637168 0.018289085545722714
1 0.38613569321533925 0.6374631268436578 0.032448377581120944 0.01710914454277286
1 0.5297935103244837 0.6265486725663717 0.03185840707964602 0.022418879056047197
1 0.6876106194690266 0.6277286135693215 0.027728613569321534 0.021238938053097345
1 0.8474926253687316 0.6330383480825958 0.033628318584070796 0.017699115044247787
1 0.10383480825958702 0.7640117994100295 0.029498525073746312 0.020058997050147492
1 0.24631268436578171 0.7660766961651917 0.033628318584070796 0.01710914454277286
1 0.396165191740413 0.7672566371681416 0.03480825958702065 0.019469026548672566
1 0.5513274336283186 0.7740412979351032 0.03480825958702065 0.01887905604719764
1 0.7067846607669617 0.7746312684365781 0.03421828908554572 0.025958702064896755
1 0.851622418879056 0.7817109144542773 0.03008849557522124 0.027138643067846607
1 0.10589970501474927 0.9017699115044248 0.03008849557522124 0.018289085545722714
1 0.26607669616519175 0.9005899705014749 0.029498525073746312 0.02064896755162242
1 0.4070796460176991 0.9117994100294985 0.029498525073746312 0.02536873156342183
1 0.5631268436578171 0.9144542772861357 0.027728613569321534 0.021238938053097345
1 0.7097345132743362 0.915929203539823 0.029498525073746312 0.028908554572271386
1 0.8660766961651918 0.9058997050147493 0.03303834808259587 0.019469026548672566
