1 0.11032448377581121 0.10589970501474927 0.03775811209439528 0.018289085545722714
1 0.25545722713864305 0.10442477876106195 0.03303834808259587 0.01887905604719764
1 0.3991150442477876 0.1079646017699115 0.033628318584070796 0.01887905604719764
1 0.5424778761061947 0.10855457227138643 0.033628318584070796 0.01887905604719764
1 0.7123893805309734 0.11622418879056047 0.03126843657817109 0.020058997050147492
1 0.8581120943952802 0.12507374631268436 0.03480825958702065 0.021238938053097345
1 0.12300884955752212 0.22861356932153393 0.03008849557522124 0.02064896755162242
1 0.24454277286135692 0.23008849557522124 0.028908554572271386 0.01887905604719764
1 0.396165191740413 0.22920353982300884 0.032448377581120944 0.02064896755162242
1 0.5415929203539823 0.231858407079646 0.03185840707964602 0.021238938053097345
1 0.703834808259587 0.22861356932153393 0.035398230088495575 0.019469026548672566
1 0.8601769911504424 0.2351032448377581 0.03303834808259587 0.018289085545722714
1 0.12271386430678466 0.36843657817109143 0.02831858407079646 0.02182890855457227
1 0.2351032448377581 0.3613569321533923 0.03126843657817109 0.01710914454277286
1 0.37079646017699114 0.3696165191740413 0.03480825958702065 0.023008849557522124
1 0.5460176991150443 0.371976401179941 0.032448377581120944 0.018289085545722714
1 0.6908554572271386 0.3648967551622419 0.03303834808259587 0.02182890855457227
1 0.8660766961651918 0.37669616519174043 0.035398230088495575 0.018289085545722714
1 0.12094395280235988 0.5250737463126843 0.024778761061946902 0.027138643067846607
1 0.2365781710914454 0.5271386430678466 0.03185840707964602 0.02182890855457227
1 0.3710914454277286 0.5067846607669616 0.03303834808259587 0.021238938053097345
1 0.547787610619469 0.5 0.03008849557522124 0.023008849557522124
1 0.6976401179941003 0.4952802359882006 0.032448377581120944 0.018289085545722714
1 0.8551622418879056 0.491740412979351 0.03480825958702065 0.02182890855457227
1 0.11386430678466077 0.6625368731563421 0.030678466076696165 0.020058997050147492
1 0.2327433628318584 0.668141592920354 0.028908554572271386 0.02064896755162242
1 0.36578171091445427 0.6648967551622419 0.03303834808259587 0.024778761061946902
1 0.5300884955752212 0.6625368731563421 0.03126843657817109 0.01887905604719764
1 0.691150442477876 0.6616519174041298 0.033628318584070796 0.019469026548672566
1 0.8530973451327434 0.6622418879056047 0.03775811209439528 0.019469026548672566
1 0.1215339233038348 0.8097345132743363 0.029498525073746312 0.01710914454277286
1 0.2377581120943953 0.8103244837758112 0.03421828908554572 0.01710914454277286
1 0.3722713864306785 0.815929203539823 0.035398230088495575 0.017699115044247787
1 0.5144542772861357 0.8138643067846607 0.03303834808259587 0.02182890855457227
1 0.6914454277286135 0.8050147492625369 0.03303834808259587 0.01710914454277286
1 0.8492625368731563 0.8117994100294985 0.032448377581120944 0.017699115044247787
