1 0.06047197640117994 0.1480825958702065 0.02654867256637168 0.016519174041297935
0 0.18289085545722714 0.18672566371681415 0.025958702064896755 0.033628318584070796
0 0.36843657817109143 0.1625368731563422 0.03008849557522124 0.038348082595870206
1 0.5206489675516224 0.1424778761061947 0.028908554572271386 0.028908554572271386
1 0.6973451327433628 0.11858407079646018 0.027138643067846607 0.027138643067846607
1 0.8587020648967552 0.09233038348082595 0.03716814159292035 0.03126843657817109
0 0.06578171091445428 0.308259587020649 0.02536873156342183 0.02064896755162242
0 0.22684365781710913 0.32654867256637166 0.027728613569321534 0.03480825958702065
0 0.37374631268436576 0.3445427728613569 0.032448377581120944 0.03421828908554572
0 0.5442477876106194 0.28525073746312685 0.0359882005899705 0.027728613569321534
0 0.667551622418879 0.30383480825958703 0.023008849557522124 0.04247787610619469
0 0.8725663716814159 0.3047197640117994 0.03185840707964602 0.02536873156342183
1 0.06224188790560472 0.4584070796460177 0.024188790560471976 0.025958702064896755
0 0.23893805309734512 0.4383480825958702 0.03303834808259587 0.035398230088495575
0 0.3710914454277286 0.463716814159292 0.021238938053097345 0.03893805309734513
1 0.5498525073746312 0.4433628318584071 0.029498525073746312 0.023008849557522124
1 0.7123893805309734 0.4368731563421829 0.028908554572271386 0.02064896755162242
0 0.8628318584070797 0.4648967551622419 0.02654867256637168 0.03421828908554572
0 0.058997050147492625 0.5932153392330384 0.029498525073746312 0.032448377581120944
1 0.24926253687315633 0.5905604719764012 0.02654867256637168 0.02359882005899705
1 0.3935103244837758 0.5814159292035398 0.03185840707964602 0.01592920353982301
1 0.5513274336283186 0.5778761061946902 0.03126843657817109 0.018289085545722714
1 0.7070796460176991 0.5967551622418878 0.028908554572271386 0.04070796460176991
0 0.8589970501474926 0.5589970501474926 0.02831858407079646 0.0359882005899705
0 0.07699115044247787 0.7020648967551623 0.03126843657817109 0.03185840707964602
0 0.25899705014749264 0.6938053097345133 0.030678466076696165 0.027138643067846607
0 0.39882005899705014 0.7398230088495575 0.02831858407079646 0.030678466076696165
0 0.556047197640118 0.6660766961651917 0.03008849557522124 0.03303834808259587
0 0.707669616519174 0.6997050147492625 0.03126843657817109 0.022418879056047197
0 0.8666666666666667 0.7050147492625368 0.021238938053097345 0.03421828908554572
0 0.06991150442477875 0.8348082595870207 0.02536873156342183 0.03421828908554572
0 0.2575221238938053 0.8233038348082595 0.0359882005899705 0.03008849557522124
0 0.4109144542772861 0.8112094395280236 0.03126843657817109 0.03303834808259587
0 0.5469026548672566 0.8690265486725663 0.03185840707964602 0.035398230088495575
0 0.695575221238938 0.8601769911504424 0.022418879056047197 0.03893805309734513
0 0.8902654867256637 0.8769911504424779 0.027138643067846607 0.03126843657817109
