0 0.12359882005899706 0.12920353982300886 0.06548672566371681 0.03421828908554572
1 0.27817109144542773 0.09793510324483776 0.03126843657817109 0.03185840707964602
0 0.35516224188790557 0.10737463126843658 0.029498525073746312 0.02831858407079646
0 0.5053097345132743 0.11858407079646018 0.028908554572271386 0.025958702064896755
0 0.7218289085545723 0.10855457227138643 0.03716814159292035 0.03893805309734513
0 0.8495575221238938 0.14660766961651917 0.04129793510324484 0.03716814159292035
0 0.15221238938053097 0.2365781710914454 0.05073746312684366 0.044837758112094395
0 0.26607669616519175 0.2607669616519174 0.03893805309734513 0.035398230088495575
0 0.39646017699115044 0.2519174041297935 0.05309734513274336 0.05663716814159292
1 0.5215339233038347 0.259882005899705 0.05545722713864307 0.03480825958702065
0 0.7209439528023599 0.2271386430678466 0.04247787610619469 0.03893805309734513
0 0.828613569321534 0.2920353982300885 0.07256637168141593 0.049557522123893805
0 0.12979351032448377 0.44660766961651915 0.03893805309734513 0.07079646017699115
0 0.3008849557522124 0.36991150442477877 0.07551622418879056 0.06725663716814159
0 0.47522123893805307 0.37256637168141593 0.04896755162241888 0.07138643067846608
0 0.5949852507374631 0.4088495575221239 0.0808259587020649 0.07905604719764012
1 0.7100294985250737 0.41297935103244837 0.047787610619469026 0.04601769911504425
0 0.8551622418879056 0.4684365781710914 0.03480825958702065 0.02831858407079646
1 0.11740412979351032 0.5539823008849557 0.04601769911504425 0.03893805309734513
0 0.271976401179941 0.5775811209439528 0.030678466076696165 0.03303834808259587
0 0.4182890855457227 0.5410029498525074 0.06843657817109144 0.05781710914454277
0 0.5607669616519174 0.5351032448377581 0.043067846607669616 0.03775811209439528
1 0.68023598820059 0.5492625368731563 0.04837758112094395 0.04247787610619469
0 0.8486725663716814 0.5846607669616519 0.0607669616519174 0.054277286135693215
0 0.11799410029498525 0.6896755162241888 0.029498525073746312 0.04601769911504425
0 0.20206489675516223 0.6941002949852507 0.032448377581120944 0.07256637168141593
0 0.4433628318584071 0.6914454277286135 0.06666666666666667 0.08731563421828908
0 0.5581120943952802 0.6943952802359882 0.03657817109144543 0.049557522123893805
1 0.6607669616519174 0.7353982300884956 0.0471976401179941 0.03716814159292035
0 0.8383480825958702 0.7014749262536873 0.08141592920353982 0.06489675516224189
0 0.10737463126843658 0.823598820058997 0.03303834808259587 0.04365781710914454
0 0.2952802359882006 0.8575221238938053 0.0359882005899705 0.07256637168141593
0 0.3687315634218289 0.823598820058997 0.03185840707964602 0.09321533923303835
1 0.5902654867256637 0.8646017699115044 0.0359882005899705 0.033628318584070796
0 0.7327433628318584 0.8073746312684366 0.05191740412979351 0.04424778761061947
0 0.8312684365781711 0.8784660766961652 0.06607669616519174 0.044837758112094395
