0 0.15014749262536872 0.09410029498525074 0.03480825958702065 0.03008849557522124
0 0.30678466076696165 0.06784660766961652 0.049557522123893805 0.06135693215339233
0 0.4663716814159292 0.13333333333333333 0.03008849557522124 0.03303834808259587
0 0.6011799410029498 0.08053097345132743 0.03893805309734513 0.07610619469026549
0 0.7398230088495575 0.0710914454277286 0.049557522123893805 0.07610619469026549
0 0.903244837758112 0.07227138643067846 0.044837758112094395 0.05958702064896755
0 0.1463126843657817 0.2536873156342183 0.04601769911504425 0.04365781710914454
1 0.29410029498525075 0.23864306784660766 0.03952802359882006 0.047787610619469026
0 0.4687315634218289 0.2672566371681416 0.032448377581120944 0.05309734513274336
0 0.608259587020649 0.19970501474926253 0.08731563421828908 0.07256637168141593
0 0.7551622418879056 0.20855457227138643 0.054277286135693215 0.05368731563421829
0 0.8793510324483775 0.24601769911504423 0.0584070796460177 0.058997050147492625
1 0.13628318584070798 0.38495575221238937 0.03421828908554572 0.03126843657817109
0 0.3117994100294985 0.3831858407079646 0.04660766961651917 0.05486725663716814
0 0.456047197640118 0.33952802359882006 0.06253687315634218 0.05486725663716814
0 0.6324483775811209 0.34572271386430675 0.04601769911504425 0.05781710914454277
0 0.771976401179941 0.3383480825958702 0.04070796460176991 0.09262536873156342
0 0.8699115044247787 0.3398230088495575 0.04542772861356932 0.07551622418879056
0 0.14926253687315633 0.5200589970501475 0.04247787610619469 0.07256637168141593
0 0.3058997050147493 0.523598820058997 0.03480825958702065 0.06312684365781711
0 0.46342182890855455 0.48289085545722715 0.05604719764011799 0.061946902654867256
0 0.6395280235988201 0.48112094395280236 0.04129793510324484 0.04660766961651917
0 0.7710914454277286 0.5542772861356932 0.05191740412979351 0.07846607669616519
0 0.859882005899705 0.5415929203539823 0.05368731563421829 0.06017699115044248
1 0.14896755162241887 0.6575221238938053 0.038348082595870206 0.023008849557522124
0 0.31504424778761064 0.6333333333333333 0.04129793510324484 0.0584070796460177
0 0.4846607669616519 0.6233038348082596 0.03952802359882006 0.061946902654867256
0 0.6333333333333333 0.6817109144542772 0.0359882005899705 0.0607669616519174
0 0.7746312684365781 0.6917404129793511 0.03657817109144543 0.07846607669616519
0 0.8861356932153392 0.6938053097345133 0.0471976401179941 0.0967551622418879
0 0.15191740412979352 0.8365781710914454 0.03952802359882006 0.054277286135693215
0 0.31091445427728615 0.8238938053097346 0.03421828908554572 0.06548672566371681
0 0.4958702064896755 0.7873156342182891 0.061946902654867256 0.05368731563421829
0 0.6315634218289086 0.799410029498525 0.033628318584070796 0.05545722713864307
0 0.7678466076696165 0.8339233038348083 0.03480825958702065 0.09144542772861357
0 0.8707964601769911 0.8215339233038348 0.08259587020648967 0.03716814159292035
