1 0.10147492625368731 0.11887905604719765 0.03657817109144543 0.033628318584070796
0 0.20324483775811208 0.16017699115044248 0.07492625368731563 0.09852507374631268
0 0.35044247787610616 0.10737463126843658 0.040117994100294985 0.049557522123893805
0 0.4831858407079646 0.13628318584070798 0.13097345132743363 0.08023598820058997
0 0.6321533923303835 0.14277286135693215 0.07256637168141593 0.0967551622418879
0 0.7657817109144542 0.17256637168141592 0.06489675516224189 0.07256637168141593
0 0.11858407079646018 0.275811209439528 0.03893805309734513 0.07020648967551622
1 0.231858407079646 0.2687315634218289 0.049557522123893805 0.032448377581120944
0 0.33893805309734515 0.2672566371681416 0.07138643067846608 0.03303834808259587
1 0.4994100294985251 0.279646017699115 0.033628318584070796 0.03893805309734513
0 0.6551622418879056 0.2584070796460177 0.09026548672566372 0.06253687315634218
0 0.7870206489675516 0.2342182890855457 0.12861356932153392 0.04365781710914454
0 0.10884955752212389 0.4622418879056047 0.047787610619469026 0.03716814159292035
0 0.2657817109144543 0.4097345132743363 0.09852507374631268 0.06548672566371681
0 0.3787610619469026 0.4510324483775811 0.06607669616519174 0.1433628318584071
1 0.5050147492625369 0.39705014749262535 0.05191740412979351 0.04129793510324484
0 0.6746312684365782 0.4607669616519174 0.10206489675516224 0.05545722713864307
0 0.7764011799410029 0.42625368731563423 0.03657817109144543 0.0359882005899705
0 0.5345132743362832 0.51976401179941 0.04601769911504425 0.04247787610619469
0 0.14660766961651917 0.5970501474926253 0.0359882005899705 0.044837758112094395
0 0.3070796460176991 0.6126843657817109 0.0831858407079646 0.15634218289085544
0 0.41474926253687316 0.6023598820058997 0.10855457227138643 0.07315634218289085
0 0.6554572271386431 0.5716814159292035 0.1168141592920354 0.10147492625368731
0 0.779646017699115 0.5542772861356932 0.03126843657817109 0.04896755162241888
1 0.15132743362831858 0.668141592920354 0.03480825958702065 0.047787610619469026
0 0.2728613569321534 0.7283185840707964 0.033628318584070796 0.043067846607669616
0 0.43067846607669613 0.7654867256637168 0.11445427728613569 0.11504424778761062
0 0.5433628318584071 0.6684365781710915 0.06843657817109144 0.06371681415929203
0 0.6864306784660766 0.6764011799410029 0.05014749262536873 0.04896755162241888
0 0.7716814159292036 0.671976401179941 0.11327433628318584 0.09911504424778761
0 0.11091445427728613 0.823598820058997 0.04247787610619469 0.08849557522123894
1 0.25398230088495577 0.8412979351032448 0.032448377581120944 0.02359882005899705
0 0.38259587020648966 0.848377581120944 0.12920353982300886 0.11209439528023599
0 0.5551622418879056 0.8442477876106195 0.05781710914454277 0.10383480825958702
0 0.651622418879056 0.7849557522123893 0.04542772861356932 0.07020648967551622
0 0.771386430678466 0.800589970501475 0.16106194690265485 0.058997050147492625
