0 0.26017699115044246 0.2575221238938053 0.07669616519174041 0.16224188790560473
0 0.25781710914454276 0.30117994100294987 0.040117994100294985 0.03480825958702065
0 0.3693215339233038 0.3112094395280236 0.0967551622418879 0.16696165191740414
0 0.4277286135693215 0.20412979351032448 0.09911504424778761 0.11563421828908554
0 0.5383480825958702 0.18997050147492625 0.027728613569321534 0.07669616519174041
1 0.6737463126843658 0.1943952802359882 0.027138643067846607 0.027728613569321534
0 0.7893805309734513 0.17817109144542773 0.06253687315634218 0.13451327433628318
0 0.8982300884955752 0.22094395280235987 0.09262536873156342 0.1799410029498525
0 0.9029498525073746 0.34277286135693213 0.11504424778761062 0.17935103244837758
1 0.7530973451327434 0.3230088495575221 0.027728613569321534 0.027728613569321534
0 0.6188790560471976 0.340117994100295 0.0471976401179941 0.12802359882005898
0 0.49616519174041296 0.36194690265486723 0.1935103244837758 0.057227138643067846
0 0.23008849557522124 0.4463126843657817 0.09085545722713864 0.038348082595870206
1 0.3271386430678466 0.44011799410029495 0.03480825958702065 0.024778761061946902
1 0.4870206489675516 0.48200589970501473 0.04070796460176991 0.02359882005899705
0 0.5831858407079646 0.45634218289085543 0.08790560471976401 0.1327433628318584
1 0.7533923303834809 0.4415929203539823 0.02359882005899705 0.03126843657817109
0 0.8808259587020649 0.4941002949852507 0.11563421828908554 0.08436578171091445
0 0.6699115044247788 0.5864306784660767 0.1905604719764012 0.08495575221238938
0 0.5893805309734513 0.532448377581121 0.05191740412979351 0.12566371681415928
1 0.843952802359882 0.5997050147492625 0.01592920353982301 0.0359882005899705
0 0.5277286135693215 0.5808259587020649 0.047787610619469026 0.032448377581120944
0 0.39646017699115044 0.6058997050147492 0.08967551622418879 0.1935103244837758
0 0.23392330383480825 0.5849557522123894 0.07256637168141593 0.043067846607669616
0 0.21533923303834807 0.7486725663716814 0.1935103244837758 0.07315634218289085
0 0.38200589970501475 0.7510324483775811 0.05958702064896755 0.0943952802359882
0 0.47227138643067845 0.716519174041298 0.15988200589970503 0.047787610619469026
0 0.6941002949852507 0.71976401179941 0.03008849557522124 0.03893805309734513
0 0.8510324483775811 0.6828908554572272 0.09616519174041298 0.04188790560471976
0 0.12448377581120944 0.9171091445427728 0.14749262536873156 0.09734513274336283
0 0.33539823008849556 0.8743362831858407 0.07138643067846608 0.20648967551622419
0 0.49085545722713864 0.8805309734513275 0.07787610619469026 0.1410029498525074
0 0.6938053097345133 0.8914454277286136 0.13097345132743363 0.10619469026548672
0 0.8584070796460177 0.8575221238938053 0.11091445427728613 0.11150442477876106
