1 0.11268436578171091 0.10589970501474927 0.035398230088495575 0.01710914454277286
1 0.2563421828908555 0.10412979351032448 0.03126843657817109 0.019469026548672566
1 0.3997050147492625 0.10943952802359883 0.03126843657817109 0.02064896755162242
1 0.543952802359882 0.10825958702064897 0.03303834808259587 0.019469026548672566
1 0.7132743362831858 0.115929203539823 0.03303834808259587 0.019469026548672566
1 0.8581120943952802 0.12566371681415928 0.03480825958702065 0.021238938053097345
1 0.12300884955752212 0.22920353982300884 0.03008849557522124 0.02064896755162242
1 0.24454277286135692 0.23067846607669618 0.027728613569321534 0.016519174041297935
1 0.39646017699115044 0.22920353982300884 0.03185840707964602 0.02064896755162242
1 0.5436578171091445 0.23303834808259588 0.033628318584070796 0.021238938053097345
1 0.7041297935103245 0.23008849557522124 0.0359882005899705 0.01887905604719764
1 0.8595870206489675 0.23569321533923304 0.03421828908554572 0.018289085545722714
1 0.12389380530973451 0.3696165191740413 0.029498525073746312 0.02182890855457227
1 0.23628318584070795 0.3616519174041298 0.03126843657817109 0.017699115044247787
1 0.37138643067846605 0.3702064896755162 0.03480825958702065 0.019469026548672566
1 0.5460176991150443 0.37168141592920356 0.032448377581120944 0.01887905604719764
1 0.6905604719764011 0.36519174041297936 0.032448377581120944 0.021238938053097345
1 0.8672566371681416 0.37728613569321534 0.03657817109144543 0.018289085545722714
1 0.12182890855457226 0.5271386430678466 0.024188790560471976 0.027728613569321534
1 0.2365781710914454 0.5268436578171092 0.03185840707964602 0.021238938053097345
1 0.37079646017699114 0.5067846607669616 0.033628318584070796 0.022418879056047197
1 0.5492625368731563 0.49970501474926254 0.03185840707964602 0.02359882005899705
1 0.6979351032448378 0.4958702064896755 0.03421828908554572 0.019469026548672566
1 0.8551622418879056 0.491740412979351 0.0359882005899705 0.019469026548672566
1 0.115929203539823 0.6628318584070796 0.028908554572271386 0.019469026548672566
1 0.23215339233038348 0.6690265486725664 0.03008849557522124 0.020058997050147492
1 0.3663716814159292 0.6646017699115044 0.03185840707964602 0.023008849557522124
1 0.528023598820059 0.6616519174041298 0.02831858407079646 0.018289085545722714
1 0.6920353982300885 0.6616519174041298 0.03303834808259587 0.019469026548672566
1 0.8545722713864307 0.6622418879056047 0.03716814159292035 0.02064896755162242
1 0.12271386430678466 0.8100294985250738 0.027138643067846607 0.016519174041297935
1 0.2377581120943953 0.8112094395280236 0.03775811209439528 0.017699115044247787
1 0.3710914454277286 0.8162241887905605 0.03421828908554572 0.018289085545722714
1 0.5147492625368731 0.8153392330383481 0.033628318584070796 0.020058997050147492
1 0.692330383480826 0.8047197640117993 0.032448377581120944 0.016519174041297935
1 0.8495575221238938 0.8117994100294985 0.03185840707964602 0.020058997050147492
