1 0.11209439528023599 0.1056047197640118 0.03421828908554572 0.01887905604719764
1 0.2551622418879056 0.10530973451327433 0.033628318584070796 0.01710914454277286
1 0.3997050147492625 0.10914454277286136 0.03126843657817109 0.01887905604719764
1 0.5430678466076696 0.10855457227138643 0.033628318584070796 0.017699115044247787
1 0.7126843657817109 0.115929203539823 0.03185840707964602 0.019469026548672566
1 0.8587020648967552 0.12536873156342182 0.033628318584070796 0.018289085545722714
1 0.12389380530973451 0.22920353982300884 0.029498525073746312 0.019469026548672566
1 0.2448377581120944 0.2312684365781711 0.02831858407079646 0.015339233038348082
1 0.3949852507374631 0.22979351032448378 0.03126843657817109 0.02064896755162242
1 0.5424778761061947 0.23244837758112094 0.033628318584070796 0.017699115044247787
1 0.7044247787610619 0.22920353982300884 0.03421828908554572 0.018289085545722714
1 0.8595870206489675 0.23569321533923304 0.035398230088495575 0.019469026548672566
1 0.12389380530973451 0.3693215339233038 0.029498525073746312 0.021238938053097345
1 0.23628318584070795 0.3616519174041298 0.032448377581120944 0.01887905604719764
1 0.37138643067846605 0.3710914454277286 0.03480825958702065 0.01887905604719764
1 0.5463126843657817 0.37168141592920356 0.030678466076696165 0.017699115044247787
1 0.6902654867256637 0.36578171091445427 0.03421828908554572 0.020058997050147492
1 0.8660766961651918 0.3775811209439528 0.03421828908554572 0.01887905604719764
1 0.12064896755162241 0.5271386430678466 0.024188790560471976 0.02654867256637168
1 0.2365781710914454 0.5262536873156343 0.03303834808259587 0.020058997050147492
1 0.37079646017699114 0.5070796460176991 0.032448377581120944 0.023008849557522124
1 0.5469026548672566 0.5002949852507375 0.030678466076696165 0.02359882005899705
1 0.6973451327433628 0.49675516224188787 0.035398230088495575 0.017699115044247787
1 0.8548672566371681 0.49203539823008846 0.035398230088495575 0.020058997050147492
1 0.11474926253687315 0.664306784660767 0.03126843657817109 0.020058997050147492
1 0.23333333333333334 0.6702064896755162 0.033628318584070796 0.01887905604719764
1 0.36607669616519173 0.6640117994100295 0.032448377581120944 0.02182890855457227
1 0.5274336283185841 0.6616519174041298 0.029498525073746312 0.01592920353982301
1 0.6914454277286135 0.6607669616519174 0.03303834808259587 0.020058997050147492
1 0.8533923303834808 0.663126843657817 0.0359882005899705 0.01887905604719764
1 0.1224188790560472 0.8103244837758112 0.028908554572271386 0.01710914454277286
1 0.23716814159292035 0.8109144542772861 0.03421828908554572 0.01710914454277286
1 0.37256637168141593 0.8168141592920354 0.033628318584070796 0.018289085545722714
1 0.5144542772861357 0.8153392330383481 0.03303834808259587 0.020058997050147492
1 0.6914454277286135 0.8047197640117993 0.03185840707964602 0.01887905604719764
1 0.8498525073746312 0.8115044247787611 0.033628318584070796 0.019469026548672566
