0 0.11887905604719765 0.05486725663716814 0.052507374631268436 0.08731563421828908
0 0.2575221238938053 0.05929203539823009 0.06312684365781711 0.043067846607669616
0 0.4008849557522124 0.06784660766961652 0.038348082595870206 0.05191740412979351
1 0.5368731563421829 0.11946902654867256 0.029498525073746312 0.032448377581120944
0 0.6749262536873156 0.059882005899705014 0.11445427728613569 0.04542772861356932
0 0.8533923303834808 0.10265486725663717 0.03716814159292035 0.03657817109144543
0 0.1215339233038348 0.2398230088495575 0.05545722713864307 0.07728613569321534
0 0.2471976401179941 0.1831858407079646 0.05309734513274336 0.052507374631268436
0 0.3578171091445428 0.18289085545722714 0.12566371681415928 0.03893805309734513
0 0.528023598820059 0.2610619469026549 0.06607669616519174 0.05958702064896755
0 0.6991150442477876 0.22684365781710913 0.05309734513274336 0.04896755162241888
0 0.8501474926253687 0.22418879056047197 0.03421828908554572 0.05663716814159292
0 0.12684365781710916 0.31209439528023597 0.03303834808259587 0.06371681415929203
0 0.21533923303834807 0.3079646017699115 0.04837758112094395 0.12035398230088495
0 0.36430678466076694 0.3663716814159292 0.05132743362831858 0.10973451327433628
0 0.5469026548672566 0.3271386430678466 0.06725663716814159 0.05486725663716814
0 0.6867256637168142 0.3817109144542773 0.04247787610619469 0.03185840707964602
0 0.8646017699115044 0.3823008849557522 0.033628318584070796 0.05309734513274336
0 0.1368731563421829 0.5336283185840708 0.06135693215339233 0.07846607669616519
0 0.22330383480825958 0.5539823008849557 0.057227138643067846 0.10501474926253687
0 0.35929203539823007 0.463716814159292 0.05191740412979351 0.04601769911504425
0 0.5292035398230088 0.4672566371681416 0.05191740412979351 0.06489675516224189
0 0.6941002949852507 0.5165191740412979 0.03480825958702065 0.0855457227138643
0 0.8469026548672566 0.5132743362831859 0.03716814159292035 0.07905604719764012
0 0.5041297935103245 0.6014749262536873 0.03952802359882006 0.057227138643067846
0 0.679646017699115 0.6300884955752213 0.0471976401179941 0.04247787610619469
0 0.8492625368731563 0.6327433628318584 0.038348082595870206 0.05368731563421829
0 0.13716814159292035 0.667551622418879 0.057227138643067846 0.16696165191740414
0 0.21533923303834807 0.691150442477876 0.054277286135693215 0.10324483775811209
0 0.36283185840707965 0.695575221238938 0.06489675516224189 0.05781710914454277
0 0.13952802359882005 0.8047197640117993 0.08436578171091445 0.04365781710914454
0 0.21858407079646017 0.8292035398230089 0.04660766961651917 0.10324483775811209
0 0.36843657817109143 0.7825958702064897 0.0359882005899705 0.07964601769911504
0 0.5061946902654867 0.7702064896755162 0.058997050147492625 0.06430678466076696
0 0.703834808259587 0.8395280235988201 0.07905604719764012 0.06607669616519174
1 0.8445427728613569 0.8165191740412979 0.05368731563421829 0.05191740412979351
