1 0.06165191740412979 0.1433628318584071 0.028908554572271386 0.02359882005899705
1 0.071976401179941 0.2991150442477876 0.02831858407079646 0.021238938053097345
1 0.061946902654867256 0.4486725663716814 0.024778761061946902 0.018289085545722714
1 0.06460176991150443 0.5970501474926253 0.03008849557522124 0.02359882005899705
1 0.06696165191740414 0.7100294985250737 0.03126843657817109 0.03008849557522124
1 0.2336283185840708 0.8351032448377581 0.03421828908554572 0.03126843657817109
1 0.0743362831858407 0.8374631268436578 0.02359882005899705 0.027728613569321534
1 0.24778761061946902 0.7147492625368731 0.025958702064896755 0.033628318584070796
1 0.4044247787610619 0.820353982300885 0.03008849557522124 0.02182890855457227
1 0.5486725663716814 0.8477876106194691 0.03303834808259587 0.024778761061946902
1 0.7233038348082595 0.8407079646017699 0.03657817109144543 0.029498525073746312
1 0.8731563421828908 0.8728613569321534 0.02359882005899705 0.038348082595870206
1 0.8678466076696165 0.7094395280235988 0.02359882005899705 0.04188790560471976
1 0.7056047197640118 0.699410029498525 0.024778761061946902 0.028908554572271386
1 0.5557522123893806 0.6905604719764011 0.025958702064896755 0.03008849557522124
1 0.39557522123893807 0.7141592920353982 0.028908554572271386 0.027728613569321534
1 0.24955752212389382 0.5876106194690265 0.027138643067846607 0.01887905604719764
1 0.391740412979351 0.5814159292035398 0.03421828908554572 0.028908554572271386
1 0.5489675516224188 0.5793510324483776 0.028908554572271386 0.024778761061946902
1 0.7150442477876107 0.5814159292035398 0.03303834808259587 0.028908554572271386
1 0.8743362831858407 0.5858407079646017 0.03657817109144543 0.03775811209439528
1 0.2424778761061947 0.1421828908554572 0.025958702064896755 0.03657817109144543
1 0.24336283185840707 0.296165191740413 0.03008849557522124 0.024778761061946902
1 0.24041297935103245 0.443952802359882 0.027728613569321534 0.027728613569321534
1 0.3926253687315634 0.4469026548672566 0.02536873156342183 0.03008849557522124
1 0.384070796460177 0.3017699115044248 0.03185840707964602 0.02654867256637168
1 0.37669616519174043 0.13333333333333333 0.027728613569321534 0.022418879056047197
1 0.5504424778761062 0.12625368731563422 0.03185840707964602 0.03421828908554572
1 0.5471976401179941 0.2952802359882006 0.038348082595870206 0.028908554572271386
1 0.5486725663716814 0.43952802359882004 0.027138643067846607 0.029498525073746312
1 0.7176991150442478 0.4421828908554572 0.03480825958702065 0.028908554572271386
1 0.7005899705014749 0.28230088495575223 0.032448377581120944 0.03126843657817109
1 0.8814159292035398 0.2790560471976401 0.03775811209439528 0.027138643067846607
1 0.8758112094395281 0.4421828908554572 0.028908554572271386 0.028908554572271386
1 0.8781710914454277 0.10707964601769912 0.03126843657817109 0.03008849557522124
1 0.7017699115044248 0.11622418879056047 0.03008849557522124 0.024778761061946902
