0 0.14778761061946902 0.10294985250737462 0.0359882005899705 0.0359882005899705
0 0.33067846607669615 0.06135693215339233 0.11268436578171091 0.04365781710914454
1 0.46607669616519176 0.1191740412979351 0.029498525073746312 0.03421828908554572
0 0.5911504424778761 0.06017699115044248 0.05309734513274336 0.06371681415929203
0 0.747787610619469 0.056342182890855456 0.06548672566371681 0.03716814159292035
0 0.8793510324483775 0.05870206489675516 0.05368731563421829 0.10442477876106195
0 0.13952802359882005 0.22300884955752212 0.0607669616519174 0.06725663716814159
0 0.3112094395280236 0.22271386430678466 0.07492625368731563 0.04542772861356932
0 0.47345132743362833 0.26135693215339234 0.07728613569321534 0.054277286135693215
0 0.6548672566371682 0.17256637168141592 0.11563421828908554 0.0607669616519174
0 0.7522123893805309 0.18672566371681415 0.05663716814159292 0.047787610619469026
0 0.8823008849557522 0.2368731563421829 0.06666666666666667 0.06902654867256637
0 0.7896755162241887 0.308259587020649 0.05368731563421829 0.11504424778761062
0 0.8784660766961652 0.3209439528023599 0.044837758112094395 0.05781710914454277
0 0.6345132743362831 0.3740412979351032 0.05604719764011799 0.10029498525073746
0 0.4533923303834808 0.3339233038348083 0.06666666666666667 0.04601769911504425
0 0.3126843657817109 0.36755162241887906 0.04601769911504425 0.0471976401179941
0 0.13480825958702064 0.3823008849557522 0.03716814159292035 0.05663716814159292
0 0.15545722713864307 0.5132743362831859 0.03716814159292035 0.0743362831858407
0 0.30737463126843656 0.515929203539823 0.035398230088495575 0.09262536873156342
0 0.46932153392330384 0.47168141592920354 0.05132743362831858 0.06666666666666667
0 0.6395280235988201 0.46607669616519176 0.05073746312684366 0.05073746312684366
0 0.7823008849557522 0.5492625368731563 0.0696165191740413 0.10619469026548672
0 0.8696165191740413 0.5312684365781711 0.07669616519174041 0.0808259587020649
0 0.15221238938053097 0.6324483775811209 0.035398230088495575 0.05663716814159292
0 0.31976401179941005 0.6253687315634218 0.049557522123893805 0.05663716814159292
0 0.5073746312684366 0.6023598820058997 0.04837758112094395 0.05191740412979351
0 0.6383480825958702 0.6952802359882005 0.06725663716814159 0.05958702064896755
0 0.7737463126843658 0.6828908554572272 0.047787610619469026 0.10206489675516224
0 0.8896755162241887 0.6548672566371682 0.05309734513274336 0.14749262536873156
0 0.15693215339233038 0.8176991150442477 0.054277286135693215 0.05545722713864307
0 0.2976401179941003 0.8404129793510324 0.07964601769911504 0.06548672566371681
0 0.49262536873156343 0.7755162241887905 0.058997050147492625 0.0584070796460177
0 0.6321533923303835 0.784070796460177 0.038348082595870206 0.08495575221238938
0 0.7932153392330383 0.8345132743362832 0.06548672566371681 0.09616519174041298
0 0.8651917404129793 0.8026548672566372 0.07846607669616519 0.047787610619469026
