1 0.06342182890855458 0.1448377581120944 0.028908554572271386 0.01710914454277286
1 0.24100294985250736 0.1383480825958702 0.028908554572271386 0.018289085545722714
1 0.3775811209439528 0.1424778761061947 0.030678466076696165 0.019469026548672566
1 0.5519174041297935 0.1224188790560472 0.028908554572271386 0.018289085545722714
1 0.7020648967551623 0.11740412979351032 0.02831858407079646 0.022418879056047197
1 0.8710914454277287 0.10530973451327433 0.027728613569321534 0.028908554572271386
1 0.07079646017699115 0.3017699115044248 0.030678466076696165 0.01592920353982301
1 0.24454277286135692 0.3005899705014749 0.02654867256637168 0.018289085545722714
1 0.38613569321533925 0.3035398230088496 0.033628318584070796 0.019469026548672566
1 0.547787610619469 0.29970501474926253 0.03480825958702065 0.01887905604719764
1 0.6997050147492625 0.2849557522123894 0.03185840707964602 0.017699115044247787
1 0.8793510324483775 0.2775811209439528 0.03480825958702065 0.019469026548672566
1 0.06430678466076696 0.45132743362831856 0.027138643067846607 0.017699115044247787
1 0.24188790560471976 0.44837758112094395 0.03185840707964602 0.016519174041297935
1 0.3926253687315634 0.4451327433628319 0.028908554572271386 0.018289085545722714
1 0.5525073746312684 0.4424778761061947 0.028908554572271386 0.020058997050147492
1 0.7126843657817109 0.43952802359882004 0.029498525073746312 0.016519174041297935
1 0.876401179941003 0.4398230088495575 0.03008849557522124 0.018289085545722714
1 0.06430678466076696 0.5988200589970502 0.027138643067846607 0.01887905604719764
1 0.25162241887905606 0.5890855457227139 0.027728613569321534 0.018289085545722714
1 0.3943952802359882 0.5790560471976401 0.03008849557522124 0.018289085545722714
1 0.5528023598820059 0.5775811209439528 0.030678466076696165 0.017699115044247787
1 0.7138643067846607 0.5775811209439528 0.02831858407079646 0.017699115044247787
1 0.876401179941003 0.5817109144542773 0.028908554572271386 0.024778761061946902
1 0.06548672566371681 0.71976401179941 0.03185840707964602 0.016519174041297935
1 0.2448377581120944 0.7174041297935103 0.02831858407079646 0.020058997050147492
1 0.39557522123893807 0.7070796460176991 0.028908554572271386 0.018289085545722714
1 0.552212389380531 0.699410029498525 0.029498525073746312 0.02182890855457227
1 0.708259587020649 0.699410029498525 0.03126843657817109 0.018289085545722714
1 0.8802359882005899 0.7126843657817109 0.03421828908554572 0.017699115044247787
1 0.06607669616519174 0.8333333333333334 0.03185840707964602 0.01592920353982301
1 0.2424778761061947 0.8433628318584071 0.03303834808259587 0.01710914454277286
1 0.39646017699115044 0.848377581120944 0.030678466076696165 0.015339233038348082
1 0.5554572271386431 0.8471976401179941 0.03126843657817109 0.01887905604719764
1 0.7227138643067846 0.8569321533923304 0.03185840707964602 0.018289085545722714
1 0.8825958702064897 0.8758112094395281 0.02831858407079646 0.023008849557522124
