1 0.1407079646017699 0.0935103244837758 0.03716814159292035 0.028908554572271386
1 0.30117994100294987 0.1191740412979351 0.027728613569321534 0.025958702064896755
1 0.4784660766961652 0.1433628318584071 0.03185840707964602 0.02831858407079646
0 0.6297935103244837 0.15958702064896754 0.032448377581120944 0.03952802359882006
1 0.8129793510324483 0.18377581120943953 0.029498525073746312 0.032448377581120944
1 0.9407079646017699 0.14749262536873156 0.027728613569321534 0.015339233038348082
1 0.1271386430678466 0.30265486725663715 0.033628318584070796 0.024778761061946902
0 0.3309734513274336 0.30206489675516224 0.027138643067846607 0.03893805309734513
0 0.45309734513274336 0.28348082595870205 0.03893805309734513 0.02654867256637168
0 0.6256637168141593 0.3430678466076696 0.03126843657817109 0.03126843657817109
0 0.7728613569321534 0.32271386430678467 0.027138643067846607 0.030678466076696165
1 0.9330383480825959 0.308259587020649 0.028908554572271386 0.02064896755162242
0 0.13716814159292035 0.4646017699115044 0.02536873156342183 0.032448377581120944
1 0.2873156342182891 0.4377581120943953 0.024778761061946902 0.01887905604719764
1 0.4504424778761062 0.44424778761061945 0.027728613569321534 0.021238938053097345
1 0.6309734513274337 0.46430678466076697 0.02064896755162242 0.03303834808259587
1 0.7616519174041297 0.43952802359882004 0.03185840707964602 0.035398230088495575
1 0.9383480825958702 0.4584070796460177 0.024188790560471976 0.021238938053097345
0 0.140117994100295 0.5584070796460177 0.027728613569321534 0.03716814159292035
1 0.2926253687315634 0.5952802359882006 0.029498525073746312 0.040117994100294985
1 0.44955752212389377 0.5796460176991151 0.027138643067846607 0.018289085545722714
1 0.608259587020649 0.5814159292035398 0.030678466076696165 0.018289085545722714
1 0.7513274336283186 0.5902654867256637 0.02536873156342183 0.023008849557522124
0 0.9421828908554573 0.5908554572271386 0.027138643067846607 0.033628318584070796
1 0.13421828908554573 0.7064896755162242 0.02064896755162242 0.03126843657817109
1 0.2911504424778761 0.7005899705014749 0.03008849557522124 0.019469026548672566
0 0.4469026548672566 0.6660766961651917 0.03126843657817109 0.03421828908554572
1 0.6020648967551623 0.7424778761061946 0.027728613569321534 0.03008849557522124
0 0.7398230088495575 0.692330383480826 0.03421828908554572 0.03126843657817109
0 0.9230088495575222 0.7026548672566372 0.032448377581120944 0.03303834808259587
0 0.10825958702064897 0.8766961651917404 0.03126843657817109 0.03185840707964602
0 0.30619469026548674 0.859882005899705 0.024778761061946902 0.03480825958702065
0 0.451622418879056 0.8696165191740413 0.03126843657817109 0.03657817109144543
0 0.5896755162241888 0.8091445427728613 0.03126843657817109 0.02536873156342183
0 0.747197640117994 0.824188790560472 0.03126843657817109 0.027138643067846607
0 0.932448377581121 0.8362831858407079 0.02064896755162242 0.032448377581120944
