1 0.11268436578171091 0.10265486725663717 0.03893805309734513 0.021238938053097345
1 0.25545722713864305 0.10501474926253687 0.02831858407079646 0.02359882005899705
1 0.4 0.10619469026548672 0.03657817109144543 0.02359882005899705
1 0.5421828908554572 0.10766961651917403 0.03775811209439528 0.02654867256637168
1 0.7112094395280236 0.11563421828908554 0.032448377581120944 0.02359882005899705
1 0.8542772861356932 0.12359882005899706 0.035398230088495575 0.023008849557522124
1 0.8613569321533923 0.2345132743362832 0.03421828908554572 0.032448377581120944
1 0.7044247787610619 0.228023598820059 0.035398230088495575 0.019469026548672566
1 0.5427728613569321 0.22890855457227138 0.03185840707964602 0.024778761061946902
1 0.3952802359882006 0.22890855457227138 0.03775811209439528 0.022418879056047197
1 0.24513274336283186 0.2271386430678466 0.03126843657817109 0.025958702064896755
1 0.12300884955752212 0.22831858407079647 0.028908554572271386 0.02359882005899705
1 0.1224188790560472 0.3663716814159292 0.032448377581120944 0.02359882005899705
1 0.2365781710914454 0.35929203539823007 0.03303834808259587 0.02359882005899705
1 0.3693215339233038 0.36696165191740415 0.03421828908554572 0.022418879056047197
1 0.547787610619469 0.37079646017699114 0.033628318584070796 0.02536873156342183
1 0.6932153392330384 0.3672566371681416 0.03421828908554572 0.02654867256637168
1 0.8660766961651918 0.3769911504424779 0.035398230088495575 0.022418879056047197
1 0.12035398230088495 0.523598820058997 0.021238938053097345 0.028908554572271386
1 0.23628318584070795 0.5268436578171092 0.03008849557522124 0.022418879056047197
1 0.36755162241887906 0.5050147492625369 0.03303834808259587 0.025958702064896755
1 0.5474926253687316 0.49970501474926254 0.035398230088495575 0.025958702064896755
1 0.6979351032448378 0.49793510324483775 0.040117994100294985 0.027138643067846607
1 0.855457227138643 0.4935103244837758 0.03775811209439528 0.028908554572271386
1 0.115929203539823 0.6637168141592921 0.027728613569321534 0.021238938053097345
1 0.23480825958702065 0.6678466076696166 0.03657817109144543 0.02359882005899705
1 0.3663716814159292 0.6637168141592921 0.035398230088495575 0.025958702064896755
1 0.5297935103244837 0.6616519174041298 0.03421828908554572 0.019469026548672566
1 0.6941002949852507 0.6610619469026549 0.0359882005899705 0.02064896755162242
1 0.8530973451327434 0.6625368731563421 0.03657817109144543 0.025958702064896755
1 0.1224188790560472 0.8100294985250738 0.027728613569321534 0.020058997050147492
1 0.2359882005899705 0.8112094395280236 0.03421828908554572 0.017699115044247787
1 0.371976401179941 0.8147492625368732 0.04188790560471976 0.02359882005899705
1 0.5156342182890855 0.8165191740412979 0.03775811209439528 0.027138643067846607
1 0.6932153392330384 0.8053097345132744 0.03421828908554572 0.02359882005899705
1 0.8495575221238938 0.8100294985250738 0.03893805309734513 0.024778761061946902
