1 0.059882005899705014 0.1486725663716814 0.02654867256637168 0.016519174041297935
0 0.1823008849557522 0.1882005899705015 0.02831858407079646 0.03303834808259587
0 0.368141592920354 0.1607669616519174 0.027138643067846607 0.038348082595870206
1 0.5221238938053098 0.14277286135693215 0.03185840707964602 0.02831858407079646
1 0.6988200589970501 0.11946902654867256 0.027728613569321534 0.028908554572271386
0 0.8589970501474926 0.09174041297935104 0.035398230088495575 0.03008849557522124
0 0.06578171091445428 0.31091445427728615 0.024188790560471976 0.024778761061946902
0 0.22536873156342183 0.33244837758112095 0.027138643067846607 0.03716814159292035
0 0.37315634218289084 0.3421828908554572 0.03126843657817109 0.029498525073746312
1 0.5436578171091445 0.287905604719764 0.033628318584070796 0.027138643067846607
0 0.6651917404129793 0.3088495575221239 0.02064896755162242 0.047787610619469026
0 0.8734513274336283 0.31032448377581123 0.03480825958702065 0.024778761061946902
1 0.06312684365781711 0.4589970501474926 0.02359882005899705 0.027138643067846607
0 0.2327433628318584 0.4342182890855457 0.02654867256637168 0.03657817109144543
0 0.371976401179941 0.463716814159292 0.02064896755162242 0.04129793510324484
1 0.5498525073746312 0.4430678466076696 0.030678466076696165 0.020058997050147492
1 0.7112094395280236 0.4351032448377581 0.02536873156342183 0.019469026548672566
0 0.8631268436578171 0.46607669616519176 0.027138643067846607 0.03421828908554572
0 0.05870206489675516 0.5976401179941003 0.03008849557522124 0.035398230088495575
1 0.2504424778761062 0.5893805309734513 0.027728613569321534 0.024778761061946902
1 0.39321533923303836 0.5814159292035398 0.03126843657817109 0.01710914454277286
1 0.5510324483775811 0.5790560471976401 0.02831858407079646 0.019469026548672566
1 0.708259587020649 0.5964601769911504 0.027728613569321534 0.040117994100294985
0 0.8592920353982301 0.5575221238938053 0.028908554572271386 0.035398230088495575
0 0.07846607669616519 0.7058997050147493 0.03303834808259587 0.027728613569321534
1 0.2587020648967552 0.695575221238938 0.03008849557522124 0.022418879056047197
0 0.3991150442477876 0.7395280235988201 0.027728613569321534 0.027728613569321534
0 0.5563421828908555 0.663126843657817 0.03303834808259587 0.035398230088495575
1 0.7058997050147493 0.7014749262536873 0.028908554572271386 0.020058997050147492
1 0.8669616519174042 0.703834808259587 0.02064896755162242 0.03185840707964602
0 0.07079646017699115 0.8324483775811209 0.029498525073746312 0.03185840707964602
0 0.26312684365781713 0.8206489675516224 0.03657817109144543 0.03185840707964602
0 0.41297935103244837 0.8073746312684366 0.030678466076696165 0.02654867256637168
0 0.5471976401179941 0.8684365781710914 0.03126843657817109 0.03775811209439528
0 0.6964601769911505 0.8604719764011799 0.023008849557522124 0.04070796460176991
1 0.8893805309734513 0.8746312684365781 0.02654867256637168 0.03008849557522124
