1 0.06312684365781711 0.14454277286135692 0.027138643067846607 0.015339233038348082
1 0.2383480825958702 0.15014749262536872 0.024778761061946902 0.023008849557522124
1 0.3775811209439528 0.1421828908554572 0.029498525073746312 0.021238938053097345
1 0.5510324483775811 0.12389380530973451 0.027138643067846607 0.021238938053097345
1 0.7020648967551623 0.1168141592920354 0.02831858407079646 0.02359882005899705
1 0.876401179941003 0.11002949852507374 0.028908554572271386 0.02182890855457227
1 0.07138643067846608 0.3008849557522124 0.02831858407079646 0.012979351032448377
1 0.24365781710914453 0.30029498525073745 0.025958702064896755 0.01887905604719764
1 0.3846607669616519 0.3041297935103245 0.030678466076696165 0.014749262536873156
1 0.5469026548672566 0.2991150442477876 0.03303834808259587 0.016519174041297935
1 0.7008849557522123 0.28466076696165193 0.02831858407079646 0.018289085545722714
1 0.8787610619469026 0.2775811209439528 0.033628318584070796 0.018289085545722714
1 0.06489675516224189 0.45132743362831856 0.02359882005899705 0.01415929203539823
1 0.24129793510324482 0.4486725663716814 0.025958702064896755 0.01710914454277286
1 0.391740412979351 0.44660766961651915 0.027138643067846607 0.021238938053097345
1 0.5504424778761062 0.44277286135693217 0.024778761061946902 0.019469026548672566
1 0.7135693215339233 0.4392330383480826 0.02654867256637168 0.014749262536873156
1 0.8749262536873156 0.4389380530973451 0.02831858407079646 0.01887905604719764
1 0.06342182890855458 0.5988200589970502 0.02654867256637168 0.01887905604719764
1 0.25073746312684364 0.5890855457227139 0.024778761061946902 0.01592920353982301
1 0.3943952802359882 0.5799410029498525 0.028908554572271386 0.017699115044247787
1 0.5498525073746312 0.5781710914454277 0.029498525073746312 0.017699115044247787
1 0.7126843657817109 0.5775811209439528 0.02831858407079646 0.01887905604719764
1 0.8737463126843658 0.5834808259587021 0.02831858407079646 0.024778761061946902
1 0.06342182890855458 0.7209439528023599 0.03126843657817109 0.01887905604719764
1 0.243952802359882 0.71976401179941 0.027728613569321534 0.02359882005899705
1 0.3943952802359882 0.7073746312684366 0.028908554572271386 0.017699115044247787
1 0.5507374631268437 0.7 0.027728613569321534 0.019469026548672566
1 0.7073746312684366 0.6997050147492625 0.030678466076696165 0.017699115044247787
1 0.8660766961651918 0.7056047197640118 0.020058997050147492 0.035398230088495575
1 0.06489675516224189 0.8339233038348083 0.03185840707964602 0.01592920353982301
1 0.23215339233038348 0.8333333333333334 0.03008849557522124 0.01592920353982301
1 0.4067846607669616 0.8324483775811209 0.027728613569321534 0.01887905604719764
1 0.5533923303834808 0.8469026548672566 0.030678466076696165 0.01710914454277286
1 0.7233038348082595 0.8365781710914454 0.025958702064896755 0.02359882005899705
1 0.8690265486725663 0.8696165191740413 0.016519174041297935 0.030678466076696165
