0 0.10147492625368731 0.11651917404129794 0.04365781710914454 0.043067846607669616
0 0.12271386430678466 0.275811209439528 0.04837758112094395 0.08672566371681416
0 0.10943952802359883 0.4622418879056047 0.05132743362831858 0.043067846607669616
0 0.14926253687315633 0.6008849557522123 0.049557522123893805 0.057227138643067846
1 0.16902654867256636 0.6899705014749262 0.047787610619469026 0.04660766961651917
0 0.11120943952802359 0.8268436578171091 0.0607669616519174 0.10088495575221239
0 0.3873156342182891 0.8533923303834808 0.12920353982300886 0.1374631268436578
0 0.5463126843657817 0.835693215339233 0.08141592920353982 0.13392330383480827
0 0.6522123893805309 0.7873156342182891 0.05604719764011799 0.08790560471976401
0 0.7746312684365781 0.7811209439528024 0.17817109144542773 0.0743362831858407
0 0.7755162241887905 0.6710914454277286 0.12684365781710916 0.11150442477876106
0 0.42979351032448376 0.7631268436578171 0.12330383480825959 0.10914454277286136
0 0.2737463126843658 0.7294985250737464 0.03893805309734513 0.04070796460176991
1 0.2702064896755162 0.7705014749262536 0.03657817109144543 0.04837758112094395
0 0.32949852507374633 0.616519174041298 0.07492625368731563 0.15693215339233038
0 0.4215339233038348 0.6058997050147492 0.12684365781710916 0.07905604719764012
0 0.5333333333333333 0.5176991150442478 0.05545722713864307 0.05132743362831858
0 0.6684365781710915 0.5607669616519174 0.10973451327433628 0.1374631268436578
0 0.5418879056047198 0.6663716814159292 0.07964601769911504 0.0808259587020649
0 0.6855457227138643 0.6766961651917404 0.05545722713864307 0.06017699115044248
0 0.7831858407079646 0.5528023598820059 0.0359882005899705 0.06135693215339233
0 0.7814159292035399 0.42566371681415927 0.04188790560471976 0.04070796460176991
0 0.6793510324483776 0.4604719764011799 0.11150442477876106 0.06312684365781711
0 0.2687315634218289 0.4126843657817109 0.1079646017699115 0.06902654867256637
0 0.38082595870206487 0.44955752212389377 0.0855457227138643 0.15575221238938053
0 0.20324483775811208 0.15958702064896754 0.08908554572271386 0.11150442477876106
0 0.35162241887905604 0.10589970501474927 0.04601769911504425 0.043067846607669616
0 0.48112094395280236 0.13716814159292035 0.13864306784660768 0.08790560471976401
0 0.636283185840708 0.1415929203539823 0.11150442477876106 0.07079646017699115
0 0.7654867256637168 0.17492625368731562 0.07374631268436578 0.08908554572271386
0 0.6566371681415929 0.259882005899705 0.10265486725663717 0.07846607669616519
0 0.7787610619469026 0.231858407079646 0.12625368731563422 0.0696165191740413
1 0.2327433628318584 0.26843657817109146 0.05368731563421829 0.040117994100294985
0 0.33893805309734515 0.26253687315634217 0.07964601769911504 0.04129793510324484
1 0.5014749262536873 0.2808259587020649 0.04837758112094395 0.04247787610619469
1 0.5061946902654867 0.39646017699115044 0.05781710914454277 0.049557522123893805
