1 0.11150442477876106 0.12300884955752212 0.03421828908554572 0.038348082595870206
1 0.13185840707964602 0.29410029498525075 0.027728613569321534 0.03716814159292035
0 0.14129793510324484 0.43952802359882004 0.03126843657817109 0.04247787610619469
0 0.13864306784660768 0.5342182890855457 0.03657817109144543 0.04188790560471976
1 0.12507374631268436 0.6952802359882005 0.040117994100294985 0.02654867256637168
1 0.14601769911504425 0.9082595870206489 0.04070796460176991 0.03480825958702065
1 0.30206489675516224 0.8793510324483775 0.035398230088495575 0.027728613569321534
1 0.48112094395280236 0.8610619469026548 0.028908554572271386 0.0359882005899705
0 0.6457227138643068 0.8292035398230089 0.03008849557522124 0.04188790560471976
1 0.8244837758112095 0.8115044247787611 0.02654867256637168 0.03008849557522124
1 0.9418879056047198 0.8504424778761062 0.027728613569321534 0.027728613569321534
1 0.931268436578171 0.6781710914454278 0.03008849557522124 0.033628318584070796
0 0.7825958702064897 0.6648967551622419 0.02654867256637168 0.03657817109144543
1 0.6271386430678466 0.6628318584070796 0.03775811209439528 0.03008849557522124
1 0.452212389380531 0.7147492625368731 0.04424778761061947 0.03126843657817109
0 0.33303834808259586 0.6899705014749262 0.028908554572271386 0.047787610619469026
1 0.287905604719764 0.5634218289085545 0.035398230088495575 0.022418879056047197
1 0.4542772861356932 0.5575221238938053 0.03303834808259587 0.02359882005899705
1 0.6300884955752213 0.5427728613569321 0.022418879056047197 0.0471976401179941
0 0.7746312684365781 0.5681415929203539 0.02831858407079646 0.03893805309734513
1 0.9418879056047198 0.5418879056047198 0.03008849557522124 0.02654867256637168
1 0.9418879056047198 0.4026548672566372 0.02536873156342183 0.03952802359882006
1 0.9221238938053097 0.2949852507374631 0.04601769911504425 0.02359882005899705
1 0.9327433628318584 0.16607669616519175 0.035398230088495575 0.032448377581120944
1 0.747197640117994 0.17256637168141592 0.023008849557522124 0.04070796460176991
1 0.7424778761061946 0.29793510324483774 0.03008849557522124 0.025958702064896755
1 0.7486725663716814 0.4056047197640118 0.03421828908554572 0.02064896755162242
1 0.6073746312684366 0.41710914454277287 0.032448377581120944 0.02359882005899705
1 0.452212389380531 0.41858407079646015 0.02654867256637168 0.02654867256637168
1 0.2949852507374631 0.40471976401179943 0.03421828908554572 0.03775811209439528
0 0.4581120943952802 0.2861356932153392 0.0359882005899705 0.03893805309734513
1 0.29410029498525075 0.28997050147492626 0.032448377581120944 0.033628318584070796
1 0.3035398230088496 0.14778761061946902 0.03008849557522124 0.04070796460176991
0 0.4486725663716814 0.12772861356932153 0.04070796460176991 0.04188790560471976
1 0.5893805309734513 0.1864306784660767 0.03657817109144543 0.03421828908554572
1 0.6109144542772861 0.28053097345132744 0.033628318584070796 0.027728613569321534
