0 0.1200589970501475 0.05575221238938053 0.05604719764011799 0.09262536873156342
0 0.1215339233038348 0.23716814159292035 0.06489675516224189 0.08141592920353982
0 0.1327433628318584 0.3126843657817109 0.058997050147492625 0.0943952802359882
0 0.13244837758112094 0.532448377581121 0.07020648967551622 0.07846607669616519
0 0.11297935103244838 0.6592920353982301 0.04660766961651917 0.15398230088495574
0 0.13775811209439529 0.8058997050147493 0.08200589970501475 0.04837758112094395
0 0.2126843657817109 0.831858407079646 0.057227138643067846 0.09793510324483776
0 0.21710914454277286 0.6902654867256637 0.05309734513274336 0.10737463126843658
0 0.3616519174041298 0.6938053097345133 0.06607669616519174 0.058997050147492625
0 0.3696165191740413 0.7828908554572271 0.047787610619469026 0.08141592920353982
0 0.5041297935103245 0.771976401179941 0.06666666666666667 0.06430678466076696
0 0.7047197640117994 0.8377581120943953 0.07728613569321534 0.07079646017699115
0 0.8466076696165191 0.8182890855457227 0.05781710914454277 0.05545722713864307
0 0.852212389380531 0.6303834808259587 0.04188790560471976 0.04896755162241888
0 0.68023598820059 0.6233038348082596 0.05309734513274336 0.0607669616519174
0 0.4976401179941003 0.6005899705014749 0.04542772861356932 0.05545722713864307
0 0.3542772861356932 0.4607669616519174 0.06430678466076696 0.0471976401179941
0 0.2112094395280236 0.3070796460176991 0.04601769911504425 0.11858407079646018
0 0.2545722713864307 0.05958702064896755 0.061946902654867256 0.04247787610619469
0 0.4085545722713864 0.06814159292035399 0.05486725663716814 0.0607669616519174
0 0.35516224188790557 0.18141592920353983 0.12507374631268436 0.04542772861356932
0 0.24837758112094394 0.18436578171091444 0.054277286135693215 0.052507374631268436
0 0.6731563421828909 0.059882005899705014 0.11799410029498525 0.05368731563421829
1 0.5374631268436578 0.12035398230088495 0.03421828908554572 0.040117994100294985
1 0.8539823008849557 0.10412979351032448 0.04188790560471976 0.038348082595870206
0 0.5265486725663717 0.2622418879056047 0.07610619469026549 0.05368731563421829
1 0.696165191740413 0.22507374631268437 0.06253687315634218 0.04896755162241888
0 0.8595870206489675 0.22271386430678466 0.05663716814159292 0.06312684365781711
0 0.5463126843657817 0.32831858407079645 0.06725663716814159 0.05604719764011799
0 0.6902654867256637 0.3705014749262537 0.049557522123893805 0.04837758112094395
1 0.8672566371681416 0.3831858407079646 0.04365781710914454 0.05486725663716814
0 0.36696165191740415 0.36755162241887906 0.05545722713864307 0.11327433628318584
0 0.5294985250737463 0.46932153392330384 0.057227138643067846 0.06902654867256637
0 0.6941002949852507 0.5144542772861357 0.0359882005899705 0.08849557522123894
0 0.8460176991150442 0.5120943952802359 0.040117994100294985 0.08141592920353982
0 0.22389380530973452 0.5495575221238937 0.057227138643067846 0.11150442477876106
