1 0.10206489675516224 0.11710914454277285 0.04247787610619469 0.03952802359882006
0 0.10501474926253687 0.26902654867256637 0.06017699115044248 0.06843657817109144
1 0.10737463126843658 0.45781710914454277 0.044837758112094395 0.05191740412979351
0 0.14660766961651917 0.595575221238938 0.03952802359882006 0.047787610619469026
0 0.15132743362831858 0.6696165191740413 0.043067846607669616 0.058997050147492625
0 0.10943952802359883 0.8374631268436578 0.05604719764011799 0.12212389380530973
1 0.25132743362831855 0.8359882005899705 0.03421828908554572 0.027138643067846607
0 0.3787610619469026 0.8498525073746312 0.13569321533923304 0.11504424778761062
0 0.5584070796460177 0.835693215339233 0.06312684365781711 0.11032448377581121
0 0.6533923303834808 0.7893805309734513 0.05368731563421829 0.08141592920353982
0 0.7799410029498525 0.800589970501475 0.16519174041297935 0.06725663716814159
0 0.7707964601769911 0.6696165191740413 0.11504424778761062 0.10855457227138643
0 0.6864306784660766 0.6737463126843658 0.05132743362831858 0.058997050147492625
0 0.5398230088495575 0.6663716814159292 0.07315634218289085 0.07374631268436578
0 0.43333333333333335 0.7634218289085546 0.12212389380530973 0.11563421828908554
1 0.2693215339233038 0.7262536873156342 0.03480825958702065 0.04837758112094395
0 0.30206489675516224 0.6123893805309735 0.07787610619469026 0.15221238938053097
0 0.41238938053097346 0.6041297935103245 0.1168141592920354 0.08495575221238938
0 0.6666666666666666 0.45722713864306785 0.10855457227138643 0.06489675516224189
0 0.7781710914454277 0.4289085545722714 0.04837758112094395 0.044837758112094395
0 0.7799410029498525 0.5525073746312684 0.049557522123893805 0.06312684365781711
0 0.6693215339233038 0.5666666666666667 0.1327433628318584 0.09734513274336283
1 0.5342182890855457 0.5168141592920354 0.05132743362831858 0.049557522123893805
0 0.2672566371681416 0.4079646017699115 0.10265486725663717 0.06784660766961652
0 0.3864306784660767 0.456047197640118 0.08141592920353982 0.14277286135693215
1 0.5047197640117994 0.39941002949852505 0.05486725663716814 0.04837758112094395
1 0.23067846607669618 0.2663716814159292 0.05545722713864307 0.03952802359882006
0 0.3424778761061947 0.2687315634218289 0.07728613569321534 0.04070796460176991
0 0.20294985250737463 0.15516224188790562 0.08141592920353982 0.0920353982300885
0 0.3513274336283186 0.11002949852507374 0.04424778761061947 0.05368731563421829
0 0.48259587020648964 0.13657817109144543 0.12861356932153392 0.0808259587020649
0 0.6297935103244837 0.140117994100295 0.08200589970501475 0.10088495575221239
0 0.7660766961651917 0.17315634218289086 0.06430678466076696 0.07846607669616519
0 0.663126843657817 0.25781710914454276 0.0920353982300885 0.0743362831858407
0 0.7890855457227138 0.2383480825958702 0.13628318584070798 0.058997050147492625
1 0.49793510324483775 0.2766961651917404 0.0471976401179941 0.0471976401179941
