1 0.1327433628318584 0.10147492625368731 0.03303834808259587 0.021238938053097345
1 0.15191740412979352 0.22035398230088496 0.028908554572271386 0.028908554572271386
1 0.15457227138643068 0.3663716814159292 0.03657817109144543 0.01887905604719764
1 0.16194690265486725 0.48436578171091443 0.033628318584070796 0.021238938053097345
1 0.15811209439528023 0.6374631268436578 0.035398230088495575 0.023008849557522124
1 0.15722713864306784 0.8852507374631269 0.033628318584070796 0.024188790560471976
1 0.3206489675516224 0.8631268436578171 0.03008849557522124 0.025958702064896755
1 0.32359882005899704 0.6563421828908554 0.038348082595870206 0.023008849557522124
1 0.3141592920353982 0.48672566371681414 0.033628318584070796 0.01887905604719764
1 0.3141592920353982 0.37138643067846605 0.032448377581120944 0.01710914454277286
1 0.29852507374631265 0.22920353982300884 0.03421828908554572 0.027728613569321534
1 0.2911504424778761 0.08761061946902654 0.03126843657817109 0.03008849557522124
1 0.4377581120943953 0.08820058997050148 0.029498525073746312 0.023008849557522124
1 0.44896755162241886 0.228023598820059 0.03303834808259587 0.019469026548672566
1 0.47227138643067845 0.37374631268436576 0.03008849557522124 0.01592920353982301
1 0.4646017699115044 0.479646017699115 0.028908554572271386 0.021238938053097345
1 0.484070796460177 0.647787610619469 0.03126843657817109 0.020058997050147492
1 0.471976401179941 0.8536873156342183 0.03185840707964602 0.021238938053097345
1 0.6356932153392331 0.852212389380531 0.024188790560471976 0.02536873156342183
1 0.7793510324483776 0.8507374631268436 0.030678466076696165 0.017699115044247787
1 0.8988200589970501 0.8504424778761062 0.02654867256637168 0.02536873156342183
1 0.9041297935103245 0.6648967551622419 0.028908554572271386 0.021238938053097345
1 0.7846607669616519 0.6705014749262537 0.03303834808259587 0.018289085545722714
1 0.6286135693215339 0.6752212389380531 0.033628318584070796 0.02064896755162242
1 0.6212389380530974 0.49852507374631266 0.027138643067846607 0.02359882005899705
1 0.7646017699115044 0.5286135693215339 0.027138643067846607 0.020058997050147492
1 0.9141592920353983 0.5268436578171092 0.03008849557522124 0.022418879056047197
1 0.9056047197640118 0.3823008849557522 0.029498525073746312 0.021238938053097345
1 0.7607669616519174 0.38672566371681416 0.02536873156342183 0.019469026548672566
1 0.6162241887905605 0.36194690265486723 0.03008849557522124 0.014749262536873156
1 0.6044247787610619 0.2327433628318584 0.0359882005899705 0.018289085545722714
1 0.756047197640118 0.2345132743362832 0.028908554572271386 0.02064896755162242
1 0.8979351032448377 0.2359882005899705 0.030678466076696165 0.01887905604719764
1 0.8976401179941003 0.0952802359882006 0.023008849557522124 0.01710914454277286
1 0.7330383480825958 0.09793510324483776 0.032448377581120944 0.021238938053097345
1 0.5949852507374631 0.08849557522123894 0.028908554572271386 0.024778761061946902
