1 0.14129793510324484 0.09793510324483776 0.04188790560471976 0.040117994100294985
0 0.14454277286135692 0.2581120943952802 0.04837758112094395 0.043067846607669616
0 0.13126843657817108 0.39144542772861357 0.04188790560471976 0.043067846607669616
0 0.1486725663716814 0.5259587020648967 0.05073746312684366 0.07610619469026549
1 0.14926253687315633 0.6622418879056047 0.03421828908554572 0.02654867256637168
0 0.15339233038348082 0.8418879056047197 0.044837758112094395 0.05545722713864307
0 0.3106194690265487 0.8277286135693215 0.04660766961651917 0.06843657817109144
0 0.49675516224188787 0.7896755162241887 0.06607669616519174 0.052507374631268436
0 0.6351032448377582 0.7997050147492625 0.038348082595870206 0.06430678466076696
0 0.768141592920354 0.8380530973451328 0.0471976401179941 0.08436578171091445
0 0.8651917404129793 0.8156342182890856 0.09380530973451327 0.03952802359882006
0 0.8749262536873156 0.691150442477876 0.06135693215339233 0.10206489675516224
0 0.7805309734513274 0.6938053097345133 0.04837758112094395 0.08967551622418879
0 0.6333333333333333 0.6793510324483776 0.03952802359882006 0.06312684365781711
0 0.4864306784660767 0.6283185840707964 0.03952802359882006 0.06607669616519174
0 0.3165191740412979 0.6342182890855457 0.05368731563421829 0.06371681415929203
0 0.30737463126843656 0.5277286135693215 0.04601769911504425 0.06430678466076696
1 0.3106194690265487 0.387905604719764 0.047787610619469026 0.05368731563421829
1 0.2908554572271386 0.2407079646017699 0.0471976401179941 0.058997050147492625
0 0.30206489675516224 0.07463126843657816 0.04365781710914454 0.06430678466076696
1 0.45870206489675514 0.13480825958702064 0.033628318584070796 0.04070796460176991
0 0.46430678466076697 0.26194690265486725 0.0471976401179941 0.0696165191740413
0 0.4551622418879056 0.3433628318584071 0.06784660766961652 0.06135693215339233
0 0.47050147492625366 0.4808259587020649 0.057227138643067846 0.06489675516224189
0 0.6410029498525074 0.4784660766961652 0.04660766961651917 0.04601769911504425
0 0.775811209439528 0.3333333333333333 0.0471976401179941 0.10029498525073746
0 0.8675516224188791 0.33775811209439527 0.052507374631268436 0.09026548672566372
0 0.8766961651917404 0.2519174041297935 0.06017699115044248 0.07315634218289085
1 0.7530973451327434 0.20825958702064895 0.05132743362831858 0.058997050147492625
0 0.6297935103244837 0.34129793510324485 0.05132743362831858 0.05014749262536873
0 0.5970501474926253 0.07728613569321534 0.04601769911504425 0.071976401179941
0 0.6076696165191741 0.19852507374631267 0.10383480825958702 0.07610619469026549
0 0.7404129793510325 0.0663716814159292 0.0471976401179941 0.07728613569321534
1 0.8790560471976401 0.08436578171091445 0.04601769911504425 0.07079646017699115
