0 0.1504424778761062 0.1486725663716814 0.04365781710914454 0.03775811209439528
0 0.27935103244837756 0.11061946902654868 0.03716814159292035 0.043067846607669616
0 0.4941002949852507 0.1191740412979351 0.03126843657817109 0.029498525073746312
0 0.6442477876106194 0.10737463126843658 0.03775811209439528 0.030678466076696165
1 0.720353982300885 0.09498525073746313 0.03185840707964602 0.022418879056047197
0 0.8761061946902655 0.12890855457227138 0.06607669616519174 0.038348082595870206
0 0.8463126843657817 0.2392330383480826 0.04896755162241888 0.03716814159292035
0 0.7339233038348083 0.26135693215339234 0.040117994100294985 0.03303834808259587
0 0.6011799410029498 0.2545722713864307 0.05309734513274336 0.0584070796460177
1 0.47817109144542774 0.2607669616519174 0.05958702064896755 0.03185840707964602
0 0.2784660766961652 0.22654867256637168 0.04601769911504425 0.035398230088495575
0 0.17669616519174042 0.2908554572271386 0.07374631268436578 0.044837758112094395
0 0.14277286135693215 0.4672566371681416 0.03775811209439528 0.03421828908554572
0 0.2849557522123894 0.4126843657817109 0.049557522123893805 0.047787610619469026
0 0.40353982300884955 0.40766961651917405 0.07905604719764012 0.08613569321533923
0 0.5253687315634218 0.37315634218289084 0.04660766961651917 0.06784660766961652
0 0.699410029498525 0.37256637168141593 0.07728613569321534 0.0607669616519174
0 0.8699115044247787 0.4445427728613569 0.04188790560471976 0.06902654867256637
1 0.8831858407079646 0.5542772861356932 0.04837758112094395 0.0359882005899705
0 0.727433628318584 0.5769911504424778 0.03303834808259587 0.03421828908554572
0 0.5846607669616519 0.5404129793510324 0.07079646017699115 0.06253687315634218
0 0.43805309734513276 0.5353982300884955 0.04660766961651917 0.043067846607669616
1 0.31976401179941005 0.547787610619469 0.05073746312684366 0.043067846607669616
0 0.15221238938053097 0.584070796460177 0.06253687315634218 0.058997050147492625
0 0.1625368731563422 0.7008849557522123 0.0808259587020649 0.06725663716814159
1 0.33628318584070793 0.7342182890855458 0.04837758112094395 0.04188790560471976
0 0.44277286135693217 0.6976401179941003 0.038348082595870206 0.04542772861356932
0 0.556047197640118 0.6929203539823009 0.06548672566371681 0.08672566371681416
0 0.7985250737463127 0.692330383480826 0.04070796460176991 0.07374631268436578
0 0.8820058997050148 0.691150442477876 0.03185840707964602 0.04660766961651917
0 0.8923303834808259 0.8262536873156342 0.03008849557522124 0.04542772861356932
0 0.6324483775811209 0.8244837758112095 0.03185840707964602 0.09262536873156342
0 0.7011799410029499 0.8592920353982301 0.03716814159292035 0.07374631268436578
0 0.26666666666666666 0.8070796460176991 0.05545722713864307 0.040117994100294985
0 0.17020648967551621 0.8784660766961652 0.06312684365781711 0.04129793510324484
1 0.4067846607669616 0.8619469026548673 0.04070796460176991 0.03657817109144543
