1 0.06578171091445428 0.14424778761061946 0.03008849557522124 0.01710914454277286
1 0.2430678466076696 0.13864306784660768 0.030678466076696165 0.017699115044247787
1 0.3775811209439528 0.14041297935103245 0.03185840707964602 0.021238938053097345
1 0.5513274336283186 0.12330383480825959 0.032448377581120944 0.020058997050147492
1 0.7026548672566372 0.1168141592920354 0.029498525073746312 0.024778761061946902
1 0.8705014749262536 0.10471976401179942 0.02536873156342183 0.02182890855457227
1 0.8790560471976401 0.27463126843657815 0.035398230088495575 0.019469026548672566
1 0.7014749262536873 0.2861356932153392 0.029498525073746312 0.01887905604719764
1 0.5483775811209439 0.2982300884955752 0.03716814159292035 0.01592920353982301
1 0.3864306784660767 0.30383480825958703 0.035398230088495575 0.020058997050147492
1 0.24542772861356932 0.3005899705014749 0.025958702064896755 0.01592920353982301
1 0.07256637168141593 0.3 0.029498525073746312 0.01710914454277286
1 0.06489675516224189 0.4498525073746313 0.024778761061946902 0.01710914454277286
1 0.2407079646017699 0.4474926253687316 0.03421828908554572 0.018289085545722714
1 0.39233038348082594 0.44277286135693217 0.030678466076696165 0.019469026548672566
1 0.5530973451327433 0.4424778761061947 0.027728613569321534 0.021238938053097345
1 0.7144542772861356 0.43805309734513276 0.02831858407079646 0.018289085545722714
1 0.876401179941003 0.44041297935103246 0.032448377581120944 0.024188790560471976
1 0.8734513274336283 0.5811209439528023 0.024188790560471976 0.02359882005899705
1 0.7129793510324484 0.5778761061946902 0.03126843657817109 0.02182890855457227
1 0.552212389380531 0.5755162241887906 0.030678466076696165 0.01710914454277286
1 0.3958702064896755 0.5787610619469027 0.03185840707964602 0.016519174041297935
1 0.2536873156342183 0.5876106194690265 0.02831858407079646 0.020058997050147492
1 0.06401179941002949 0.5988200589970502 0.02654867256637168 0.016519174041297935
1 0.06607669616519174 0.7185840707964601 0.03185840707964602 0.01887905604719764
1 0.2424778761061947 0.7171091445427729 0.030678466076696165 0.019469026548672566
1 0.39557522123893807 0.7064896755162242 0.032448377581120944 0.01710914454277286
1 0.551622418879056 0.6988200589970501 0.03185840707964602 0.02064896755162242
1 0.7079646017699115 0.6973451327433628 0.02831858407079646 0.020058997050147492
1 0.8790560471976401 0.7132743362831858 0.035398230088495575 0.020058997050147492
1 0.8814159292035398 0.8749262536873156 0.02359882005899705 0.022418879056047197
1 0.723598820058997 0.8548672566371681 0.03126843657817109 0.022418879056047197
1 0.556047197640118 0.8469026548672566 0.0359882005899705 0.018289085545722714
1 0.39646017699115044 0.8471976401179941 0.03185840707964602 0.015339233038348082
1 0.24218289085545722 0.8410029498525073 0.03008849557522124 0.01592920353982301
1 0.06666666666666667 0.8353982300884956 0.03303834808259587 0.017699115044247787
