0 0.11976401179941003 0.05545722713864307 0.05309734513274336 0.08849557522123894
0 0.2610619469026549 0.049557522123893805 0.057227138643067846 0.07079646017699115
0 0.4020648967551622 0.06725663716814159 0.038348082595870206 0.0696165191740413
0 0.5359882005899705 0.12064896755162241 0.033628318584070796 0.032448377581120944
0 0.6772861356932154 0.06312684365781711 0.11799410029498525 0.04601769911504425
1 0.8504424778761062 0.08997050147492625 0.04070796460176991 0.027728613569321534
0 0.11799410029498525 0.23480825958702065 0.06253687315634218 0.07905604719764012
0 0.2510324483775811 0.17787610619469027 0.061946902654867256 0.061946902654867256
0 0.37669616519174043 0.17846607669616518 0.12566371681415928 0.05368731563421829
0 0.5386430678466076 0.252212389380531 0.05073746312684366 0.06430678466076696
0 0.7106194690265487 0.22625368731563422 0.04424778761061947 0.05368731563421829
0 0.8575221238938053 0.23392330383480825 0.06312684365781711 0.05368731563421829
0 0.13185840707964602 0.30973451327433627 0.052507374631268436 0.07905604719764012
0 0.22979351032448378 0.3141592920353982 0.057227138643067846 0.1433628318584071
0 0.36696165191740415 0.3507374631268437 0.05191740412979351 0.09026548672566372
0 0.543952802359882 0.32448377581120946 0.07079646017699115 0.06017699115044248
0 0.6887905604719764 0.371976401179941 0.04424778761061947 0.05958702064896755
1 0.8663716814159292 0.3817109144542773 0.03716814159292035 0.05309734513274336
0 0.8495575221238938 0.5117994100294985 0.03421828908554572 0.08436578171091445
0 0.6946902654867256 0.515929203539823 0.03952802359882006 0.08908554572271386
0 0.5274336283185841 0.4646017699115044 0.05545722713864307 0.07256637168141593
0 0.3601769911504425 0.46430678466076697 0.052507374631268436 0.05309734513274336
0 0.22625368731563422 0.5504424778761062 0.06312684365781711 0.10737463126843658
0 0.1351032448377581 0.5348082595870206 0.06253687315634218 0.06784660766961652
0 0.13775811209439529 0.6769911504424778 0.07020648967551622 0.15634218289085544
0 0.21327433628318584 0.6887905604719764 0.0607669616519174 0.10324483775811209
0 0.3702064896755162 0.6784660766961652 0.052507374631268436 0.09321533923303835
0 0.511504424778761 0.6064896755162241 0.04837758112094395 0.06017699115044248
0 0.6843657817109144 0.6241887905604719 0.044837758112094395 0.06371681415929203
0 0.8545722713864307 0.6333333333333333 0.047787610619469026 0.04896755162241888
0 0.1398230088495575 0.8050147492625369 0.09793510324483776 0.047787610619469026
0 0.22831858407079647 0.8230088495575221 0.03421828908554572 0.10383480825958702
0 0.3663716814159292 0.7828908554572271 0.035398230088495575 0.07079646017699115
0 0.5029498525073747 0.7696165191740413 0.06430678466076696 0.061946902654867256
0 0.7023598820058997 0.840117994100295 0.0831858407079646 0.07079646017699115
0 0.8477876106194691 0.8289085545722714 0.06017699115044248 0.06725663716814159
