0 0.11622418879056047 0.05693215339233038 0.05663716814159292 0.08672566371681416
0 0.2587020648967552 0.06017699115044248 0.0584070796460177 0.05073746312684366
0 0.403834808259587 0.07020648967551622 0.03952802359882006 0.07315634218289085
1 0.5365781710914455 0.1191740412979351 0.032448377581120944 0.03185840707964602
0 0.6755162241887905 0.05929203539823009 0.13333333333333333 0.05132743362831858
0 0.8572271386430679 0.09705014749262536 0.04247787610619469 0.03008849557522124
0 0.859882005899705 0.22920353982300884 0.05132743362831858 0.05368731563421829
0 0.7085545722713864 0.228023598820059 0.044837758112094395 0.052507374631268436
0 0.5336283185840708 0.2563421828908555 0.057227138643067846 0.05604719764011799
0 0.368141592920354 0.1823008849557522 0.13805309734513274 0.03893805309734513
0 0.23805309734513275 0.17935103244837758 0.03480825958702065 0.05663716814159292
0 0.12418879056047197 0.23628318584070795 0.07374631268436578 0.07492625368731563
0 0.13008849557522123 0.31386430678466076 0.04188790560471976 0.08023598820058997
0 0.22448377581120943 0.30501474926253686 0.06430678466076696 0.12035398230088495
0 0.37374631268436576 0.36430678466076694 0.061946902654867256 0.10324483775811209
0 0.5448377581120943 0.32654867256637166 0.07492625368731563 0.05604719764011799
0 0.6893805309734513 0.375811209439528 0.05014749262536873 0.05309734513274336
0 0.8693215339233038 0.3831858407079646 0.04070796460176991 0.05368731563421829
0 0.848377581120944 0.5109144542772861 0.03657817109144543 0.08023598820058997
0 0.6946902654867256 0.5165191740412979 0.032448377581120944 0.08908554572271386
0 0.5277286135693215 0.4646017699115044 0.05604719764011799 0.07138643067846608
0 0.3566371681415929 0.46430678466076697 0.05486725663716814 0.049557522123893805
0 0.22359882005899706 0.551622418879056 0.05545722713864307 0.10501474926253687
0 0.1351032448377581 0.5356932153392331 0.07079646017699115 0.07669616519174041
0 0.13215339233038348 0.6693215339233038 0.049557522123893805 0.16696165191740414
0 0.21327433628318584 0.6908554572271386 0.05958702064896755 0.10265486725663717
0 0.37079646017699114 0.6831858407079646 0.04896755162241888 0.09557522123893805
0 0.5058997050147492 0.6070796460176991 0.05486725663716814 0.07551622418879056
0 0.6831858407079646 0.6256637168141593 0.049557522123893805 0.05604719764011799
0 0.8513274336283185 0.6321533923303835 0.044837758112094395 0.05014749262536873
0 0.1415929203539823 0.8064896755162242 0.08259587020648967 0.044837758112094395
0 0.22743362831858407 0.8324483775811209 0.032448377581120944 0.09911504424778761
0 0.3693215339233038 0.7864306784660767 0.04129793510324484 0.08023598820058997
0 0.504424778761062 0.7678466076696165 0.06489675516224189 0.06548672566371681
0 0.7032448377581121 0.8351032448377581 0.08259587020648967 0.06784660766961652
1 0.8424778761061946 0.8144542772861357 0.058997050147492625 0.052507374631268436
