1 0.11150442477876106 0.10353982300884956 0.040117994100294985 0.02182890855457227
1 0.25958702064896755 0.10501474926253687 0.03893805309734513 0.017699115044247787
1 0.3997050147492625 0.11002949852507374 0.0359882005899705 0.02182890855457227
1 0.5457227138643068 0.10678466076696165 0.03657817109144543 0.022418879056047197
1 0.7126843657817109 0.11327433628318584 0.035398230088495575 0.024778761061946902
1 0.8592920353982301 0.12595870206489676 0.0359882005899705 0.02064896755162242
1 0.8607669616519174 0.2359882005899705 0.03421828908554572 0.020058997050147492
1 0.7056047197640118 0.2271386430678466 0.03893805309734513 0.01887905604719764
1 0.5433628318584071 0.23303834808259588 0.03893805309734513 0.021238938053097345
1 0.396165191740413 0.22890855457227138 0.03480825958702065 0.022418879056047197
1 0.24454277286135692 0.22743362831858407 0.02536873156342183 0.01710914454277286
1 0.12507374631268436 0.2271386430678466 0.035398230088495575 0.02359882005899705
1 0.12507374631268436 0.368141592920354 0.02831858407079646 0.02359882005899705
1 0.2359882005899705 0.36047197640117995 0.035398230088495575 0.024778761061946902
1 0.3710914454277286 0.36843657817109143 0.03657817109144543 0.027728613569321534
1 0.5486725663716814 0.3705014749262537 0.035398230088495575 0.02359882005899705
1 0.6896755162241888 0.3648967551622419 0.03657817109144543 0.024188790560471976
1 0.8654867256637168 0.37551622418879055 0.03657817109144543 0.023008849557522124
1 0.8563421828908554 0.4902654867256637 0.03716814159292035 0.02359882005899705
1 0.7 0.4935103244837758 0.03952802359882006 0.02064896755162242
1 0.5489675516224188 0.4994100294985251 0.038348082595870206 0.027728613569321534
1 0.37168141592920356 0.5058997050147492 0.03775811209439528 0.027728613569321534
1 0.2374631268436578 0.5259587020648967 0.032448377581120944 0.024188790560471976
1 0.12271386430678466 0.5250737463126843 0.025958702064896755 0.029498525073746312
1 0.11504424778761062 0.6622418879056047 0.03421828908554572 0.019469026548672566
1 0.23333333333333334 0.6669616519174041 0.033628318584070796 0.018289085545722714
1 0.3648967551622419 0.663126843657817 0.03716814159292035 0.025958702064896755
1 0.5294985250737463 0.6616519174041298 0.033628318584070796 0.02064896755162242
1 0.691150442477876 0.659882005899705 0.03480825958702065 0.024188790560471976
1 0.8536873156342183 0.6616519174041298 0.03657817109144543 0.02064896755162242
1 0.8513274336283185 0.8117994100294985 0.035398230088495575 0.020058997050147492
1 0.6914454277286135 0.803834808259587 0.03421828908554572 0.02182890855457227
1 0.515929203539823 0.8156342182890856 0.043067846607669616 0.023008849557522124
1 0.3705014749262537 0.8138643067846607 0.03893805309734513 0.019469026548672566
1 0.2377581120943953 0.8100294985250738 0.03421828908554572 0.020058997050147492
1 0.12330383480825959 0.8100294985250738 0.03185840707964602 0.01887905604719764
