1 0.13244837758112094 0.12802359882005898 0.024188790560471976 0.03893805309734513
1 0.2766961651917404 0.1663716814159292 0.02831858407079646 0.02831858407079646
1 0.4480825958702065 0.15545722713864307 0.032448377581120944 0.018289085545722714
1 0.5941002949852507 0.16932153392330385 0.024778761061946902 0.02359882005899705
1 0.7678466076696165 0.1687315634218289 0.032448377581120944 0.01887905604719764
1 0.9330383480825959 0.1663716814159292 0.038348082595870206 0.020058997050147492
1 0.9380530973451328 0.2766961651917404 0.035398230088495575 0.02359882005899705
1 0.7557522123893805 0.2814159292035398 0.03185840707964602 0.025958702064896755
1 0.6058997050147492 0.2926253687315634 0.03303834808259587 0.017699115044247787
1 0.45014749262536874 0.2973451327433628 0.025958702064896755 0.024778761061946902
1 0.2935103244837758 0.2991150442477876 0.028908554572271386 0.02359882005899705
1 0.1351032448377581 0.2958702064896755 0.025958702064896755 0.0359882005899705
1 0.12448377581120944 0.4182890855457227 0.029498525073746312 0.027138643067846607
1 0.28525073746312685 0.4224188790560472 0.03480825958702065 0.01887905604719764
1 0.44955752212389377 0.42389380530973453 0.03421828908554572 0.024188790560471976
1 0.6061946902654867 0.42035398230088494 0.032448377581120944 0.019469026548672566
1 0.7510324483775811 0.41238938053097346 0.029498525073746312 0.022418879056047197
1 0.935693215339233 0.40648967551622417 0.029498525073746312 0.02359882005899705
1 0.9336283185840708 0.5507374631268437 0.024188790560471976 0.01710914454277286
1 0.7595870206489675 0.5566371681415929 0.03480825958702065 0.027728613569321534
1 0.6079646017699115 0.5551622418879056 0.03126843657817109 0.027138643067846607
1 0.44778761061946903 0.5578171091445427 0.025958702064896755 0.019469026548672566
1 0.2861356932153392 0.5619469026548672 0.029498525073746312 0.01710914454277286
1 0.12566371681415928 0.5601769911504425 0.029498525073746312 0.02182890855457227
1 0.1215339233038348 0.7233038348082595 0.035398230088495575 0.020058997050147492
1 0.3 0.7206489675516224 0.03126843657817109 0.02654867256637168
1 0.45486725663716815 0.6979351032448378 0.03421828908554572 0.021238938053097345
1 0.6129793510324484 0.6976401179941003 0.03421828908554572 0.018289085545722714
1 0.7542772861356932 0.7035398230088495 0.032448377581120944 0.02536873156342183
1 0.927433628318584 0.7 0.03421828908554572 0.01592920353982301
1 0.9362831858407079 0.8572271386430679 0.029498525073746312 0.020058997050147492
1 0.7604719764011799 0.852212389380531 0.029498525073746312 0.024188790560471976
1 0.6221238938053097 0.8578171091445428 0.028908554572271386 0.020058997050147492
1 0.4480825958702065 0.8743362831858407 0.032448377581120944 0.029498525073746312
1 0.29705014749262537 0.8837758112094395 0.02654867256637168 0.024778761061946902
1 0.12507374631268436 0.8890855457227138 0.029498525073746312 0.020058997050147492
