0 0.1528023598820059 0.17020648967551621 0.06253687315634218 0.06784660766961652
0 0.2958702064896755 0.16135693215339234 0.0808259587020649 0.07138643067846608
0 0.5008849557522124 0.22920353982300884 0.06843657817109144 0.0607669616519174
0 0.6297935103244837 0.21651917404129795 0.03716814159292035 0.08141592920353982
0 0.7740412979351032 0.17758112094395279 0.030678466076696165 0.10973451327433628
0 0.859882005899705 0.1952802359882006 0.08790560471976401 0.03893805309734513
0 0.6448377581120944 0.32035398230088497 0.06371681415929203 0.08849557522123894
0 0.7893805309734513 0.3079646017699115 0.06017699115044248 0.10029498525073746
0 0.8749262536873156 0.31887905604719763 0.04601769911504425 0.1528023598820059
0 0.15191740412979352 0.3648967551622419 0.03716814159292035 0.05132743362831858
0 0.3182890855457227 0.3775811209439528 0.043067846607669616 0.05663716814159292
0 0.4849557522123894 0.39705014749262535 0.04129793510324484 0.06253687315634218
0 0.8651917404129793 0.4648967551622419 0.061946902654867256 0.06843657817109144
0 0.7740412979351032 0.44837758112094395 0.058997050147492625 0.09793510324483776
0 0.643952802359882 0.5315634218289086 0.04542772861356932 0.05191740412979351
0 0.47345132743362833 0.5294985250737463 0.05486725663716814 0.07492625368731563
0 0.3070796460176991 0.4846607669616519 0.03126843657817109 0.08672566371681416
0 0.14985250737463127 0.4882005899705015 0.04129793510324484 0.0808259587020649
1 0.13303834808259588 0.6171091445427729 0.033628318584070796 0.05545722713864307
0 0.31091445427728615 0.6265486725663717 0.049557522123893805 0.05309734513274336
0 0.45486725663716815 0.6728613569321534 0.06725663716814159 0.06902654867256637
0 0.6407079646017699 0.6486725663716814 0.06725663716814159 0.08790560471976401
0 0.7696165191740413 0.6831858407079646 0.05014749262536873 0.13569321533923304
0 0.876401179941003 0.6873156342182891 0.038348082595870206 0.07551622418879056
0 0.1415929203539823 0.7690265486725664 0.054277286135693215 0.043067846607669616
0 0.2911504424778761 0.7764011799410029 0.04542772861356932 0.05781710914454277
0 0.46696165191740413 0.7442477876106195 0.04424778761061947 0.05132743362831858
0 0.6215339233038348 0.815929203539823 0.12212389380530973 0.054277286135693215
0 0.7539823008849558 0.8200589970501475 0.054277286135693215 0.058997050147492625
0 0.8811209439528024 0.7610619469026548 0.0584070796460177 0.07551622418879056
0 0.8784660766961652 0.9392330383480826 0.04837758112094395 0.09321533923303835
0 0.7383480825958701 0.9463126843657816 0.05368731563421829 0.06135693215339233
0 0.6002949852507374 0.9286135693215339 0.038348082595870206 0.06253687315634218
1 0.46283185840707963 0.8820058997050148 0.032448377581120944 0.035398230088495575
0 0.32182890855457225 0.9392330383480826 0.10914454277286136 0.0471976401179941
0 0.14778761061946902 0.9135693215339233 0.04070796460176991 0.033628318584070796
