0 0.08790560471976401 0.09262536873156342 0.030678466076696165 0.04601769911504425
0 0.2551622418879056 0.08407079646017698 0.03716814159292035 0.0584070796460177
0 0.4589970501474926 0.07168141592920355 0.040117994100294985 0.02536873156342183
0 0.6171091445427729 0.11179941002949853 0.04247787610619469 0.04188790560471976
1 0.7955752212389381 0.10737463126843658 0.03716814159292035 0.03775811209439528
1 0.9498525073746312 0.15309734513274337 0.03657817109144543 0.043067846607669616
1 0.9657817109144543 0.29469026548672567 0.04247787610619469 0.04070796460176991
0 0.7392330383480826 0.2551622418879056 0.035398230088495575 0.033628318584070796
1 0.5982300884955752 0.24542772861356932 0.03185840707964602 0.02831858407079646
0 0.42271386430678465 0.20294985250737463 0.04070796460176991 0.05073746312684366
1 0.2563421828908555 0.26194690265486725 0.03480825958702065 0.054277286135693215
1 0.10147492625368731 0.28230088495575223 0.03421828908554572 0.023008849557522124
1 0.10324483775811209 0.42212389380530974 0.04247787610619469 0.04542772861356932
1 0.25781710914454276 0.4191740412979351 0.016519174041297935 0.03480825958702065
1 0.45634218289085543 0.363716814159292 0.043067846607669616 0.03480825958702065
1 0.6088495575221239 0.42389380530973453 0.03775811209439528 0.03008849557522124
0 0.7799410029498525 0.415929203539823 0.04129793510324484 0.03303834808259587
1 0.932448377581121 0.412094395280236 0.027728613569321534 0.0359882005899705
0 0.9657817109144543 0.5790560471976401 0.03657817109144543 0.06548672566371681
1 0.7811209439528024 0.5867256637168141 0.03893805309734513 0.024188790560471976
1 0.6412979351032448 0.6029498525073747 0.044837758112094395 0.03775811209439528
1 0.4648967551622419 0.5519174041297935 0.0471976401179941 0.04660766961651917
0 0.2622418879056047 0.6070796460176991 0.033628318584070796 0.03893805309734513
0 0.1224188790560472 0.5551622418879056 0.07020648967551622 0.03893805309734513
1 0.13185840707964602 0.7669616519174041 0.043067846607669616 0.04365781710914454
1 0.2557522123893805 0.7870206489675516 0.03480825958702065 0.03303834808259587
0 0.41887905604719766 0.7480825958702064 0.03657817109144543 0.044837758112094395
0 0.6117994100294986 0.7663716814159292 0.029498525073746312 0.0696165191740413
0 0.743952802359882 0.7690265486725664 0.03657817109144543 0.03952802359882006
1 0.9165191740412979 0.7669616519174041 0.028908554572271386 0.03775811209439528
0 0.8970501474926253 0.9348082595870206 0.038348082595870206 0.032448377581120944
0 0.7973451327433628 0.8831858407079646 0.02182890855457227 0.05663716814159292
0 0.6501474926253688 0.8843657817109144 0.03893805309734513 0.05073746312684366
1 0.4799410029498525 0.9268436578171091 0.033628318584070796 0.03303834808259587
1 0.28171091445427726 0.9244837758112094 0.05368731563421829 0.06371681415929203
0 0.12507374631268436 0.9212389380530973 0.04247787610619469 0.043067846607669616
