1 0.13569321533923304 0.09557522123893805 0.029498525073746312 0.021238938053097345
1 0.2908554572271386 0.08377581120943953 0.027138643067846607 0.024778761061946902
1 0.4389380530973451 0.08702064896755163 0.030678466076696165 0.019469026548672566
1 0.5938053097345133 0.08820058997050148 0.028908554572271386 0.024188790560471976
1 0.7336283185840707 0.09911504424778761 0.0359882005899705 0.021238938053097345
1 0.8946902654867257 0.09882005899705015 0.033628318584070796 0.023008849557522124
1 0.8988200589970501 0.2345132743362832 0.028908554572271386 0.019469026548672566
1 0.7557522123893805 0.23480825958702065 0.03657817109144543 0.01887905604719764
1 0.6041297935103245 0.2336283185840708 0.035398230088495575 0.020058997050147492
1 0.45191740412979353 0.22566371681415928 0.03657817109144543 0.02064896755162242
1 0.29410029498525075 0.22625368731563422 0.0359882005899705 0.024188790560471976
1 0.14778761061946902 0.2182890855457227 0.038348082595870206 0.029498525073746312
1 0.15457227138643068 0.3648967551622419 0.035398230088495575 0.02182890855457227
1 0.3123893805309734 0.3705014749262537 0.027728613569321534 0.017699115044247787
1 0.4687315634218289 0.3740412979351032 0.033628318584070796 0.020058997050147492
1 0.6150442477876106 0.36194690265486723 0.0359882005899705 0.023008849557522124
1 0.7584070796460177 0.3722713864306785 0.028908554572271386 0.016519174041297935
1 0.9026548672566371 0.3831858407079646 0.030678466076696165 0.01592920353982301
1 0.9091445427728614 0.5271386430678466 0.029498525073746312 0.02064896755162242
1 0.7619469026548672 0.528023598820059 0.032448377581120944 0.01887905604719764
1 0.6138643067846608 0.4976401179941003 0.032448377581120944 0.02064896755162242
1 0.46194690265486726 0.47876106194690266 0.03185840707964602 0.02536873156342183
1 0.3112094395280236 0.4855457227138643 0.032448377581120944 0.024778761061946902
1 0.1625368731563422 0.4846607669616519 0.033628318584070796 0.019469026548672566
1 0.15693215339233038 0.6389380530973451 0.03421828908554572 0.021238938053097345
1 0.31887905604719763 0.6533923303834808 0.03480825958702065 0.02064896755162242
1 0.48259587020648964 0.6492625368731564 0.03893805309734513 0.024188790560471976
1 0.6274336283185841 0.6764011799410029 0.03008849557522124 0.02536873156342183
1 0.7852507374631268 0.671386430678466 0.02831858407079646 0.02359882005899705
1 0.8997050147492626 0.663126843657817 0.029498525073746312 0.025958702064896755
1 0.9 0.8722713864306785 0.03008849557522124 0.02536873156342183
1 0.7707964601769911 0.855457227138643 0.033628318584070796 0.020058997050147492
1 0.6132743362831858 0.8545722713864307 0.02654867256637168 0.028908554572271386
1 0.46607669616519176 0.8545722713864307 0.03303834808259587 0.01710914454277286
1 0.3100294985250737 0.8557522123893805 0.018289085545722714 0.03716814159292035
1 0.1528023598820059 0.8793510324483775 0.03303834808259587 0.01710914454277286
