1 0.10147492625368731 0.12625368731563422 0.03185840707964602 0.022418879056047197
1 0.23008849557522124 0.14454277286135692 0.030678466076696165 0.02831858407079646
1 0.38495575221238937 0.1463126843657817 0.02536873156342183 0.029498525073746312
1 0.5353982300884955 0.143952802359882 0.033628318584070796 0.020058997050147492
1 0.691150442477876 0.143952802359882 0.019469026548672566 0.04129793510324484
1 0.8501474926253687 0.12035398230088495 0.03421828908554572 0.01887905604719764
1 0.1 0.3333333333333333 0.03008849557522124 0.020058997050147492
1 0.21710914454277286 0.32949852507374633 0.027138643067846607 0.024188790560471976
1 0.3743362831858407 0.32418879056047195 0.032448377581120944 0.02064896755162242
1 0.5185840707964602 0.35103244837758113 0.030678466076696165 0.022418879056047197
1 0.6799410029498525 0.3445427728613569 0.04070796460176991 0.025958702064896755
1 0.8430678466076696 0.36194690265486723 0.03421828908554572 0.02064896755162242
1 0.8392330383480826 0.5141592920353982 0.033628318584070796 0.02064896755162242
1 0.6873156342182891 0.5112094395280236 0.027138643067846607 0.02064896755162242
1 0.5359882005899705 0.5209439528023598 0.032448377581120944 0.01887905604719764
1 0.3823008849557522 0.5017699115044247 0.029498525073746312 0.02182890855457227
1 0.23716814159292035 0.4731563421828908 0.02831858407079646 0.021238938053097345
1 0.08967551622418879 0.47286135693215336 0.030678466076696165 0.02064896755162242
1 0.0952802359882006 0.6171091445427729 0.024188790560471976 0.017699115044247787
1 0.2407079646017699 0.6233038348082596 0.027138643067846607 0.019469026548672566
1 0.38436578171091446 0.6383480825958702 0.032448377581120944 0.020058997050147492
1 0.5292035398230088 0.6244837758112094 0.029498525073746312 0.018289085545722714
1 0.6887905604719764 0.6286135693215339 0.03008849557522124 0.01710914454277286
1 0.8471976401179941 0.6330383480825958 0.029498525073746312 0.01887905604719764
1 0.8495575221238938 0.7814159292035399 0.02831858407079646 0.03008849557522124
1 0.7070796460176991 0.772566371681416 0.03126843657817109 0.024188790560471976
1 0.5507374631268437 0.771386430678466 0.03126843657817109 0.02064896755162242
1 0.39764011799410026 0.7657817109144542 0.03657817109144543 0.016519174041297935
1 0.243952802359882 0.763716814159292 0.03008849557522124 0.014749262536873156
1 0.10412979351032448 0.7613569321533923 0.02536873156342183 0.019469026548672566
1 0.10648967551622418 0.8997050147492626 0.03126843657817109 0.016519174041297935
1 0.2657817109144543 0.8982300884955752 0.032448377581120944 0.018289085545722714
1 0.4112094395280236 0.912094395280236 0.03303834808259587 0.025958702064896755
1 0.564306784660767 0.9147492625368732 0.028908554572271386 0.023008849557522124
1 0.7097345132743362 0.9153392330383481 0.029498525073746312 0.02536873156342183
1 0.8634218289085546 0.9035398230088495 0.0359882005899705 0.02182890855457227
