0 0.11740412979351032 0.05309734513274336 0.049557522123893805 0.08377581120943953
0 0.2448377581120944 0.03716814159292035 0.07551622418879056 0.05781710914454277
0 0.40530973451327434 0.04985250737463127 0.06371681415929203 0.06902654867256637
0 0.5315634218289086 0.1200589970501475 0.027138643067846607 0.0359882005899705
0 0.6613569321533923 0.05663716814159292 0.08967551622418879 0.04129793510324484
0 0.8501474926253687 0.09911504424778761 0.04129793510324484 0.03775811209439528
0 0.8607669616519174 0.22507374631268437 0.06489675516224189 0.07492625368731563
0 0.6949852507374631 0.22271386430678466 0.06371681415929203 0.04660766961651917
0 0.5277286135693215 0.2584070796460177 0.08200589970501475 0.049557522123893805
0 0.34100294985250734 0.1687315634218289 0.10855457227138643 0.0696165191740413
0 0.24365781710914453 0.18613569321533924 0.05781710914454277 0.04660766961651917
0 0.11799410029498525 0.231858407079646 0.06489675516224189 0.06017699115044248
0 0.12182890855457226 0.3209439528023599 0.052507374631268436 0.05663716814159292
0 0.20383480825958702 0.29233038348082596 0.07138643067846608 0.12212389380530973
0 0.3646017699115044 0.37168141592920356 0.05781710914454277 0.10265486725663717
0 0.547787610619469 0.3380530973451327 0.07374631268436578 0.03893805309734513
0 0.6929203539823009 0.3548672566371681 0.04542772861356932 0.0584070796460177
1 0.8654867256637168 0.38023598820058996 0.035398230088495575 0.0584070796460177
0 0.8436578171091446 0.5129793510324484 0.044837758112094395 0.07138643067846608
0 0.6917404129793511 0.5129793510324484 0.03008849557522124 0.08908554572271386
0 0.5297935103244837 0.4666666666666667 0.05545722713864307 0.06843657817109144
0 0.3613569321533923 0.4646017699115044 0.047787610619469026 0.04542772861356932
0 0.12979351032448377 0.5300884955752212 0.08377581120943953 0.08436578171091445
0 0.2135693215339233 0.552212389380531 0.07551622418879056 0.10029498525073746
0 0.07581120943952802 0.6542772861356932 0.12566371681415928 0.14513274336283186
0 0.22359882005899706 0.684070796460177 0.04365781710914454 0.10206489675516224
0 0.8498525073746312 0.6289085545722713 0.04070796460176991 0.05663716814159292
0 0.6811209439528023 0.6262536873156342 0.052507374631268436 0.0584070796460177
0 0.491740412979351 0.5991150442477876 0.061946902654867256 0.06312684365781711
0 0.3625368731563422 0.6949852507374631 0.06784660766961652 0.06135693215339233
0 0.1336283185840708 0.8041297935103244 0.07846607669616519 0.049557522123893805
0 0.20147492625368732 0.8277286135693215 0.07728613569321534 0.08495575221238938
0 0.36991150442477877 0.7820058997050148 0.03893805309734513 0.08200589970501475
0 0.504424778761062 0.7764011799410029 0.06135693215339233 0.05545722713864307
0 0.7050147492625368 0.8353982300884956 0.07787610619469026 0.06371681415929203
0 0.843952802359882 0.8188790560471977 0.05604719764011799 0.054277286135693215
