1 0.061061946902654866 0.14749262536873156 0.03008849557522124 0.021238938053097345
1 0.18200589970501474 0.187905604719764 0.027728613569321534 0.03480825958702065
0 0.3654867256637168 0.16224188790560473 0.02654867256637168 0.03893805309734513
1 0.5215339233038347 0.140117994100295 0.03303834808259587 0.03008849557522124
1 0.6991150442477876 0.11769911504424779 0.03185840707964602 0.028908554572271386
1 0.8737463126843658 0.3029498525073746 0.03775811209439528 0.0359882005899705
0 0.668141592920354 0.30501474926253686 0.028908554572271386 0.04365781710914454
0 0.547787610619469 0.28348082595870205 0.03952802359882006 0.03126843657817109
0 0.37610619469026546 0.343952802359882 0.03480825958702065 0.03421828908554572
0 0.22890855457227138 0.32418879056047195 0.025958702064896755 0.03480825958702065
0 0.06430678466076696 0.30737463126843656 0.027138643067846607 0.024778761061946902
1 0.06165191740412979 0.459882005899705 0.027728613569321534 0.02536873156342183
0 0.23893805309734512 0.4392330383480826 0.03657817109144543 0.04188790560471976
0 0.3710914454277286 0.46342182890855455 0.024778761061946902 0.03716814159292035
1 0.547787610619469 0.44277286135693217 0.032448377581120944 0.024188790560471976
1 0.7109144542772862 0.43952802359882004 0.035398230088495575 0.022418879056047197
0 0.8625368731563422 0.4654867256637168 0.029498525073746312 0.03775811209439528
0 0.8572271386430679 0.5584070796460177 0.03185840707964602 0.038348082595870206
1 0.7058997050147493 0.5952802359882006 0.03126843657817109 0.040117994100294985
1 0.5525073746312684 0.5808259587020649 0.03008849557522124 0.024188790560471976
1 0.3949852507374631 0.5828908554572272 0.0359882005899705 0.021238938053097345
1 0.25073746312684364 0.587905604719764 0.02831858407079646 0.024188790560471976
0 0.058997050147492625 0.5943952802359882 0.025958702064896755 0.03126843657817109
0 0.07699115044247787 0.7032448377581121 0.03126843657817109 0.03303834808259587
0 0.26017699115044246 0.6976401179941003 0.03303834808259587 0.028908554572271386
0 0.3952802359882006 0.740117994100295 0.03303834808259587 0.028908554572271386
0 0.5551622418879056 0.6666666666666666 0.03421828908554572 0.030678466076696165
0 0.707669616519174 0.6970501474926254 0.03008849557522124 0.02654867256637168
1 0.8672566371681416 0.7064896755162242 0.020058997050147492 0.03126843657817109
0 0.06932153392330384 0.8353982300884956 0.028908554572271386 0.035398230088495575
0 0.25604719764011796 0.8224188790560472 0.035398230088495575 0.03421828908554572
0 0.41150442477876104 0.8129793510324483 0.032448377581120944 0.03185840707964602
0 0.5466076696165192 0.8687315634218289 0.03126843657817109 0.033628318584070796
0 0.6938053097345133 0.859882005899705 0.024778761061946902 0.033628318584070796
0 0.8890855457227138 0.8749262536873156 0.02831858407079646 0.03303834808259587
0 0.8616519174041298 0.09026548672566372 0.04070796460176991 0.03775811209439528
