0 0.12330383480825959 0.12802359882005898 0.06371681415929203 0.04129793510324484
1 0.2766961651917404 0.09646017699115045 0.03775811209439528 0.0359882005899705
0 0.35221238938053095 0.10442477876106195 0.03185840707964602 0.03185840707964602
1 0.5053097345132743 0.11946902654867256 0.033628318584070796 0.032448377581120944
0 0.7230088495575221 0.10589970501474927 0.0359882005899705 0.04660766961651917
0 0.8513274336283185 0.14660766961651917 0.0471976401179941 0.04070796460176991
0 0.8300884955752212 0.2926253687315634 0.07315634218289085 0.04837758112094395
0 0.7185840707964601 0.22654867256637168 0.04365781710914454 0.04601769911504425
1 0.5206489675516224 0.2584070796460177 0.05958702064896755 0.03893805309734513
0 0.3958702064896755 0.2510324483775811 0.05663716814159292 0.05958702064896755
1 0.2657817109144543 0.26194690265486725 0.04070796460176991 0.035398230088495575
0 0.15014749262536872 0.23805309734513275 0.052507374631268436 0.05014749262536873
0 0.13156342182890857 0.4471976401179941 0.04129793510324484 0.0743362831858407
0 0.3017699115044248 0.37315634218289084 0.0808259587020649 0.07728613569321534
0 0.4772861356932153 0.3705014749262537 0.04247787610619469 0.07905604719764012
0 0.5949852507374631 0.40589970501474926 0.07728613569321534 0.0743362831858407
1 0.7091445427728613 0.41150442477876104 0.05309734513274336 0.05014749262536873
0 0.856637168141593 0.4684365781710914 0.040117994100294985 0.02831858407079646
0 0.8471976401179941 0.5870206489675516 0.06489675516224189 0.05073746312684366
1 0.6823008849557523 0.5492625368731563 0.05014749262536873 0.03893805309734513
0 0.563716814159292 0.5353982300884955 0.04660766961651917 0.0359882005899705
0 0.41887905604719766 0.5404129793510324 0.08023598820058997 0.06135693215339233
0 0.27168141592920353 0.5731563421828908 0.0359882005899705 0.03480825958702065
1 0.11858407079646018 0.5542772861356932 0.040117994100294985 0.0359882005899705
0 0.11976401179941003 0.6855457227138643 0.029498525073746312 0.049557522123893805
0 0.20471976401179942 0.6943952802359882 0.03303834808259587 0.07787610619469026
0 0.44365781710914454 0.6938053097345133 0.06843657817109144 0.0920353982300885
0 0.5607669616519174 0.6935103244837758 0.04070796460176991 0.04896755162241888
0 0.8383480825958702 0.7002949852507374 0.08377581120943953 0.06843657817109144
1 0.6622418879056047 0.7348082595870207 0.047787610619469026 0.03716814159292035
0 0.8315634218289085 0.8755162241887906 0.06312684365781711 0.0471976401179941
0 0.7330383480825958 0.8103244837758112 0.05014749262536873 0.047787610619469026
1 0.5920353982300884 0.8651917404129793 0.03952802359882006 0.033628318584070796
0 0.36843657817109143 0.824188790560472 0.03480825958702065 0.0943952802359882
0 0.2973451327433628 0.8530973451327434 0.03775811209439528 0.07787610619469026
0 0.10353982300884956 0.8250737463126844 0.0359882005899705 0.04070796460176991
