0 0.12094395280235988 0.05663716814159292 0.05781710914454277 0.0920353982300885
0 0.259882005899705 0.056342182890855456 0.05604719764011799 0.06548672566371681
0 0.4050147492625369 0.0663716814159292 0.043067846607669616 0.06666666666666667
0 0.5351032448377581 0.11976401179941003 0.03421828908554572 0.03303834808259587
0 0.6778761061946903 0.06253687315634218 0.11327433628318584 0.049557522123893805
0 0.8530973451327434 0.08672566371681416 0.04129793510324484 0.030678466076696165
0 0.855457227138643 0.22890855457227138 0.06607669616519174 0.03775811209439528
0 0.7058997050147493 0.2271386430678466 0.04542772861356932 0.054277286135693215
0 0.5259587020648967 0.2545722713864307 0.04542772861356932 0.052507374631268436
0 0.3781710914454277 0.18023598820058997 0.12035398230088495 0.057227138643067846
0 0.24778761061946902 0.1808259587020649 0.05663716814159292 0.0584070796460177
0 0.1182890855457227 0.23893805309734512 0.0584070796460177 0.0743362831858407
0 0.12507374631268436 0.3126843657817109 0.04365781710914454 0.07669616519174041
0 0.22684365781710913 0.3141592920353982 0.047787610619469026 0.12684365781710916
0 0.3654867256637168 0.3519174041297935 0.05604719764011799 0.08672566371681416
0 0.5383480825958702 0.3262536873156342 0.0831858407079646 0.06253687315634218
0 0.6884955752212389 0.375811209439528 0.04837758112094395 0.05781710914454277
1 0.8699115044247787 0.384070796460177 0.038348082595870206 0.049557522123893805
0 0.8492625368731563 0.5132743362831859 0.032448377581120944 0.07551622418879056
0 0.6941002949852507 0.5162241887905604 0.03952802359882006 0.08023598820058997
0 0.5294985250737463 0.46696165191740413 0.05958702064896755 0.06902654867256637
0 0.36283185840707965 0.4640117994100295 0.05073746312684366 0.047787610619469026
0 0.22359882005899706 0.5495575221238937 0.05781710914454277 0.09616519174041298
0 0.13716814159292035 0.5371681415929204 0.061946902654867256 0.06666666666666667
0 0.12536873156342182 0.6772861356932154 0.04070796460176991 0.15811209439528023
0 0.2126843657817109 0.6876106194690266 0.0584070796460177 0.09734513274336283
0 0.3696165191740413 0.6731563421828909 0.04424778761061947 0.08259587020648967
0 0.5106194690265486 0.6035398230088496 0.04188790560471976 0.05191740412979351
0 0.684070796460177 0.6206489675516225 0.04660766961651917 0.05545722713864307
0 0.8474926253687316 0.6336283185840708 0.038348082595870206 0.0471976401179941
0 0.13952802359882005 0.8053097345132744 0.08790560471976401 0.04247787610619469
0 0.22507374631268437 0.8265486725663717 0.03008849557522124 0.10383480825958702
0 0.3672566371681416 0.7805309734513274 0.032448377581120944 0.07079646017699115
0 0.5014749262536873 0.7669616519174041 0.058997050147492625 0.06489675516224189
0 0.7061946902654868 0.8389380530973451 0.07669616519174041 0.06725663716814159
0 0.8448377581120944 0.8289085545722714 0.054277286135693215 0.06371681415929203
