1 0.12418879056047197 0.11150442477876106 0.028908554572271386 0.022418879056047197
1 0.29705014749262537 0.11563421828908554 0.02654867256637168 0.020058997050147492
1 0.4480825958702065 0.12536873156342182 0.027728613569321534 0.024188790560471976
1 0.6209439528023599 0.1415929203539823 0.03952802359882006 0.027138643067846607
1 0.7622418879056048 0.15014749262536872 0.030678466076696165 0.02654867256637168
1 0.9380530973451328 0.14424778761061946 0.03303834808259587 0.02182890855457227
1 0.928023598820059 0.2973451327433628 0.030678466076696165 0.01887905604719764
1 0.7533923303834809 0.29852507374631265 0.027138643067846607 0.021238938053097345
1 0.6141592920353982 0.3017699115044248 0.03303834808259587 0.02536873156342183
1 0.4542772861356932 0.2994100294985251 0.04129793510324484 0.023008849557522124
1 0.2991150442477876 0.28171091445427726 0.03303834808259587 0.02654867256637168
1 0.12212389380530973 0.2766961651917404 0.03657817109144543 0.021238938053097345
1 0.12654867256637167 0.43952802359882004 0.032448377581120944 0.022418879056047197
1 0.28289085545722714 0.4377581120943953 0.028908554572271386 0.020058997050147492
1 0.4486725663716814 0.4410029498525074 0.028908554572271386 0.02536873156342183
1 0.6088495575221239 0.4463126843657817 0.029498525073746312 0.024188790560471976
1 0.7575221238938052 0.4457227138643068 0.02831858407079646 0.027728613569321534
1 0.9359882005899705 0.451622418879056 0.03126843657817109 0.01710914454277286
1 0.9365781710914454 0.5952802359882006 0.03008849557522124 0.024778761061946902
1 0.7501474926253687 0.587905604719764 0.032448377581120944 0.02064896755162242
1 0.6032448377581121 0.5775811209439528 0.033628318584070796 0.02359882005899705
1 0.44778761061946903 0.5769911504424778 0.030678466076696165 0.016519174041297935
1 0.2873156342182891 0.575811209439528 0.030678466076696165 0.020058997050147492
1 0.12625368731563422 0.5793510324483776 0.029498525073746312 0.02831858407079646
1 0.13480825958702064 0.7044247787610619 0.024188790560471976 0.03657817109144543
1 0.2920353982300885 0.6985250737463127 0.03657817109144543 0.02359882005899705
1 0.44896755162241886 0.7014749262536873 0.02359882005899705 0.022418879056047197
1 0.6047197640117994 0.7073746312684366 0.03657817109144543 0.01887905604719764
1 0.756047197640118 0.7200589970501475 0.03008849557522124 0.028908554572271386
1 0.9371681415929204 0.7221238938053097 0.03716814159292035 0.02831858407079646
1 0.9342182890855457 0.8321533923303834 0.03126843657817109 0.018289085545722714
1 0.7666666666666666 0.8342182890855457 0.03126843657817109 0.017699115044247787
1 0.5929203539823009 0.831858407079646 0.02831858407079646 0.024778761061946902
1 0.4445427728613569 0.8460176991150442 0.03480825958702065 0.01887905604719764
1 0.2749262536873156 0.8348082595870207 0.027138643067846607 0.025958702064896755
1 0.13126843657817108 0.8675516224188791 0.01710914454277286 0.032448377581120944
