0 0.34424778761061947 0.17817109144542773 0.07964601769911504 0.1592920353982301
0 0.40176991150442476 0.20029498525073747 0.15339233038348082 0.11032448377581121
0 0.5377581120943953 0.1911504424778761 0.028908554572271386 0.07787610619469026
1 0.6734513274336283 0.1967551622418879 0.02182890855457227 0.024188790560471976
0 0.7407079646017699 0.21238938053097345 0.07846607669616519 0.1215339233038348
0 0.8672566371681416 0.17935103244837758 0.11445427728613569 0.14513274336283186
0 0.8820058997050148 0.3448377581120944 0.10029498525073746 0.18584070796460178
0 0.7392330383480826 0.30619469026548674 0.07787610619469026 0.09321533923303835
0 0.827433628318584 0.4103244837758112 0.07728613569321534 0.11504424778761062
1 0.9238938053097345 0.5047197640117994 0.029498525073746312 0.02064896755162242
0 0.6109144542772861 0.3327433628318584 0.061946902654867256 0.12979351032448377
0 0.7103244837758111 0.431858407079646 0.0967551622418879 0.1864306784660767
0 0.4056047197640118 0.3631268436578171 0.17522123893805308 0.07020648967551622
0 0.4678466076696165 0.40914454277286133 0.1415929203539823 0.10324483775811209
1 0.33421828908554574 0.4814159292035398 0.02654867256637168 0.06489675516224189
0 0.508259587020649 0.5238938053097345 0.1327433628318584 0.12389380530973451
0 0.5772861356932153 0.5460176991150443 0.07610619469026549 0.1056047197640118
0 0.584070796460177 0.5578171091445427 0.11445427728613569 0.08908554572271386
0 0.6941002949852507 0.6271386430678466 0.09026548672566372 0.19941002949852507
0 0.8430678466076696 0.6539823008849558 0.0743362831858407 0.061946902654867256
0 0.3973451327433628 0.6041297935103245 0.09380530973451327 0.19469026548672566
0 0.25545722713864305 0.647787610619469 0.07669616519174041 0.04129793510324484
0 0.5227138643067847 0.5631268436578171 0.05191740412979351 0.028908554572271386
0 0.2943952802359882 0.751622418879056 0.15575221238938053 0.10265486725663717
0 0.38259587020648966 0.7061946902654868 0.07964601769911504 0.11327433628318584
0 0.48200589970501473 0.7168141592920354 0.15575221238938053 0.05663716814159292
0 0.32359882005899704 0.8153392330383481 0.16106194690265485 0.049557522123893805
0 0.46607669616519176 0.8430678466076696 0.16047197640117994 0.06371681415929203
0 0.29705014749262537 0.896165191740413 0.11032448377581121 0.12743362831858407
0 0.7386430678466076 0.7404129793510325 0.12271386430678466 0.054277286135693215
0 0.6740412979351033 0.8271386430678466 0.07964601769911504 0.11327433628318584
0 0.8224188790560472 0.7952802359882005 0.1215339233038348 0.07551622418879056
0 0.25486725663716814 0.32418879056047195 0.09557522123893805 0.08436578171091445
0 0.2587020648967552 0.3905604719764012 0.07964601769911504 0.08023598820058997
