0 0.12566371681415928 0.05870206489675516 0.06607669616519174 0.10324483775811209
0 0.2584070796460177 0.05752212389380531 0.05545722713864307 0.04660766961651917
0 0.4088495575221239 0.07227138643067846 0.049557522123893805 0.061946902654867256
0 0.5371681415929204 0.12064896755162241 0.032448377581120944 0.033628318584070796
0 0.6737463126843658 0.061061946902654866 0.1168141592920354 0.05368731563421829
0 0.8575221238938053 0.0967551622418879 0.04188790560471976 0.05781710914454277
0 0.8581120943952802 0.22448377581120943 0.0584070796460177 0.0607669616519174
0 0.703834808259587 0.22625368731563422 0.05663716814159292 0.05132743362831858
0 0.5309734513274336 0.2604719764011799 0.07905604719764012 0.0607669616519174
0 0.35693215339233036 0.1855457227138643 0.12389380530973451 0.03952802359882006
0 0.24631268436578171 0.18141592920353983 0.052507374631268436 0.05132743362831858
0 0.12536873156342182 0.23864306784660766 0.06430678466076696 0.07020648967551622
0 0.13156342182890857 0.3141592920353982 0.04837758112094395 0.07020648967551622
0 0.21533923303834807 0.3079646017699115 0.05073746312684366 0.1168141592920354
0 0.3663716814159292 0.3640117994100295 0.05309734513274336 0.11445427728613569
0 0.5365781710914455 0.33303834808259586 0.08672566371681416 0.06312684365781711
0 0.6884955752212389 0.37168141592920356 0.04601769911504425 0.05545722713864307
0 0.8684365781710914 0.38436578171091446 0.040117994100294985 0.05958702064896755
0 0.3631268436578171 0.4646017699115044 0.04896755162241888 0.052507374631268436
0 0.5303834808259587 0.4687315634218289 0.05309734513274336 0.06666666666666667
0 0.6964601769911505 0.515929203539823 0.03480825958702065 0.08790560471976401
0 0.8477876106194691 0.5112094395280236 0.04365781710914454 0.07964601769911504
0 0.8513274336283185 0.6351032448377582 0.04129793510324484 0.05604719764011799
0 0.6811209439528023 0.6259587020648968 0.047787610619469026 0.0471976401179941
0 0.5008849557522124 0.6067846607669617 0.04365781710914454 0.07138643067846608
0 0.22064896755162242 0.5545722713864307 0.054277286135693215 0.10619469026548672
0 0.13775811209439529 0.5327433628318584 0.061946902654867256 0.07551622418879056
0 0.13893805309734514 0.6651917404129793 0.05958702064896755 0.16578171091445426
0 0.21415929203539824 0.6952802359882005 0.05191740412979351 0.1056047197640118
0 0.3646017699115044 0.6952802359882005 0.06489675516224189 0.05604719764011799
0 0.13893805309734514 0.8029498525073746 0.08436578171091445 0.0471976401179941
0 0.2191740412979351 0.8277286135693215 0.04896755162241888 0.11209439528023599
0 0.36843657817109143 0.7823008849557522 0.0359882005899705 0.08259587020648967
0 0.5050147492625369 0.771386430678466 0.06135693215339233 0.07020648967551622
0 0.7029498525073746 0.8392330383480826 0.0808259587020649 0.06784660766961652
1 0.8471976401179941 0.8174041297935103 0.058997050147492625 0.05368731563421829
