0 0.14129793510324484 0.1421828908554572 0.11504424778761062 0.11445427728613569
0 0.307669616519174 0.11209439528023599 0.13392330383480827 0.10029498525073746
0 0.5117994100294985 0.11799410029498525 0.08200589970501475 0.13451327433628318
0 0.664306784660767 0.1271386430678466 0.07315634218289085 0.20353982300884954
0 0.8725663716814159 0.07669616519174041 0.1392330383480826 0.11091445427728613
0 0.7743362831858407 0.21297935103244836 0.17876106194690267 0.14985250737463127
0 0.6188790560471976 0.24896755162241888 0.06135693215339233 0.09793510324483776
0 0.5238938053097345 0.28348082595870205 0.1663716814159292 0.05014749262536873
0 0.307669616519174 0.2808259587020649 0.033628318584070796 0.04247787610619469
0 0.1486725663716814 0.3176991150442478 0.09911504424778761 0.04542772861356932
1 0.15486725663716813 0.39941002949852505 0.01592920353982301 0.040117994100294985
1 0.33126843657817107 0.4176991150442478 0.19174041297935102 0.08849557522123894
1 0.41150442477876104 0.46932153392330384 0.052507374631268436 0.12566371681415928
0 0.4737463126843658 0.4194690265486726 0.05309734513274336 0.03657817109144543
0 0.6067846607669617 0.4002949852507375 0.09262536873156342 0.1905604719764012
0 0.7684365781710915 0.41386430678466074 0.07492625368731563 0.047787610619469026
0 0.7728613569321534 0.5495575221238937 0.0967551622418879 0.04424778761061947
1 0.6737463126843658 0.5578171091445427 0.03657817109144543 0.028908554572271386
1 0.5123893805309735 0.5191740412979351 0.043067846607669616 0.025958702064896755
0 0.4191740412979351 0.5436578171091445 0.08790560471976401 0.13628318584070798
0 0.12212389380530973 0.5058997050147492 0.11327433628318584 0.08672566371681416
1 0.24542772861356932 0.5584070796460177 0.027138643067846607 0.038348082595870206
0 0.10294985250737462 0.6619469026548672 0.10914454277286136 0.18997050147492625
1 0.24660766961651917 0.6772861356932154 0.03185840707964602 0.03185840707964602
0 0.38141592920353984 0.6613569321533923 0.04660766961651917 0.12979351032448377
0 0.5056047197640118 0.6380530973451327 0.19941002949852507 0.05368731563421829
0 0.6315634218289086 0.6884955752212389 0.09734513274336283 0.16755162241887905
0 0.7421828908554572 0.7002949852507374 0.040117994100294985 0.03303834808259587
0 0.7359882005899705 0.7442477876106195 0.07728613569321534 0.16224188790560473
0 0.5710914454277286 0.7908554572271387 0.10029498525073746 0.12920353982300886
0 0.46135693215339235 0.8082595870206489 0.03421828908554572 0.08259587020648967
1 0.3256637168141593 0.8058997050147493 0.025958702064896755 0.02831858407079646
0 0.2097345132743363 0.8206489675516224 0.06548672566371681 0.13097345132743363
0 0.10088495575221239 0.7811209439528024 0.0920353982300885 0.17817109144542773
