0 0.10383480825958702 0.11622418879056047 0.040117994100294985 0.02831858407079646
0 0.2097345132743363 0.1640117994100295 0.07846607669616519 0.11563421828908554
0 0.3536873156342183 0.10884955752212389 0.043067846607669616 0.038348082595870206
0 0.4814159292035398 0.13421828908554573 0.13333333333333333 0.08672566371681416
0 0.6380530973451327 0.140117994100295 0.10678466076696165 0.06430678466076696
0 0.7619469026548672 0.17522123893805308 0.06312684365781711 0.07905604719764012
0 0.12359882005899706 0.28023598820059 0.04424778761061947 0.08613569321533923
1 0.23215339233038348 0.27079646017699116 0.05132743362831858 0.03421828908554572
0 0.3359882005899705 0.2628318584070796 0.08200589970501475 0.03952802359882006
1 0.49911504424778763 0.28023598820059 0.04601769911504425 0.035398230088495575
0 0.6554572271386431 0.259882005899705 0.0920353982300885 0.07492625368731563
0 0.7699115044247787 0.24100294985250736 0.10855457227138643 0.05368731563421829
0 0.11238938053097344 0.46578171091445425 0.05014749262536873 0.03952802359882006
0 0.2761061946902655 0.4206489675516224 0.09793510324483776 0.07905604719764012
0 0.3787610619469026 0.4551622418879056 0.0743362831858407 0.1504424778761062
1 0.5032448377581121 0.39469026548672564 0.0471976401179941 0.03893805309734513
0 0.5356932153392331 0.51976401179941 0.04247787610619469 0.04247787610619469
0 0.6716814159292035 0.46106194690265484 0.12094395280235988 0.057227138643067846
0 0.7814159292035399 0.4283185840707965 0.038348082595870206 0.04601769911504425
0 0.6651917404129793 0.5530973451327433 0.10442477876106195 0.11032448377581121
0 0.779646017699115 0.5536873156342182 0.03126843657817109 0.05132743362831858
0 0.7793510324483776 0.6687315634218289 0.12861356932153392 0.10088495575221239
0 0.6890855457227139 0.675811209439528 0.06017699115044248 0.05604719764011799
0 0.5401179941002949 0.6663716814159292 0.07610619469026549 0.07846607669616519
0 0.42035398230088494 0.603834808259587 0.10324483775811209 0.07610619469026549
0 0.32772861356932154 0.6171091445427729 0.07374631268436578 0.15103244837758112
0 0.14985250737463127 0.5861356932153392 0.03303834808259587 0.04542772861356932
1 0.1696165191740413 0.6876106194690266 0.043067846607669616 0.047787610619469026
0 0.2737463126843658 0.7303834808259587 0.03185840707964602 0.03893805309734513
1 0.2713864306784661 0.7710914454277286 0.027138643067846607 0.03893805309734513
0 0.1191740412979351 0.8100294985250738 0.06135693215339233 0.07079646017699115
0 0.43480825958702063 0.7578171091445428 0.12625368731563422 0.11150442477876106
0 0.391740412979351 0.8448377581120944 0.12861356932153392 0.13097345132743363
0 0.5436578171091445 0.8430678466076696 0.07728613569321534 0.13097345132743363
0 0.6525073746312684 0.7817109144542773 0.049557522123893805 0.08023598820058997
0 0.7678466076696165 0.7799410029498525 0.17876106194690267 0.06017699115044248
