0 0.11740412979351032 0.05309734513274336 0.054277286135693215 0.09085545722713864
0 0.2592920353982301 0.05781710914454277 0.061946902654867256 0.054277286135693215
0 0.40471976401179943 0.07581120943952802 0.04247787610619469 0.06902654867256637
1 0.5359882005899705 0.1215339233038348 0.032448377581120944 0.03657817109144543
0 0.6808259587020649 0.05870206489675516 0.10619469026548672 0.05132743362831858
0 0.8560471976401179 0.09292035398230089 0.044837758112094395 0.04424778761061947
0 0.8607669616519174 0.2303834808259587 0.05663716814159292 0.05368731563421829
0 0.7079646017699115 0.228023598820059 0.04601769911504425 0.05132743362831858
0 0.5292035398230088 0.25545722713864305 0.054277286135693215 0.06017699115044248
0 0.3640117994100295 0.18259587020648968 0.13451327433628318 0.038348082595870206
0 0.24926253687315633 0.18200589970501474 0.061946902654867256 0.05486725663716814
0 0.12035398230088495 0.23628318584070795 0.05781710914454277 0.07492625368731563
0 0.12920353982300886 0.31504424778761064 0.035398230088495575 0.07551622418879056
0 0.22035398230088496 0.30324483775811206 0.047787610619469026 0.11209439528023599
0 0.3616519174041298 0.36519174041297936 0.06017699115044248 0.12389380530973451
0 0.5454277286135694 0.3256637168141593 0.0607669616519174 0.058997050147492625
0 0.687905604719764 0.37138643067846605 0.0471976401179941 0.0584070796460177
0 0.8669616519174042 0.38613569321533925 0.032448377581120944 0.05368731563421829
0 0.8474926253687316 0.5100294985250737 0.038348082595870206 0.0808259587020649
0 0.6938053097345133 0.5165191740412979 0.03657817109144543 0.08672566371681416
0 0.5274336283185841 0.46932153392330384 0.05309734513274336 0.07256637168141593
0 0.35693215339233036 0.46342182890855455 0.06135693215339233 0.05368731563421829
0 0.1351032448377581 0.5351032448377581 0.06607669616519174 0.0743362831858407
0 0.22182890855457227 0.5504424778761062 0.05545722713864307 0.10973451327433628
0 0.13244837758112094 0.6702064896755162 0.052507374631268436 0.16519174041297935
0 0.21386430678466076 0.691150442477876 0.057227138643067846 0.10678466076696165
0 0.3734513274336283 0.6790560471976401 0.049557522123893805 0.0920353982300885
0 0.511504424778761 0.6008849557522123 0.040117994100294985 0.0584070796460177
0 0.6837758112094395 0.6244837758112094 0.04601769911504425 0.04896755162241888
0 0.848377581120944 0.6324483775811209 0.04365781710914454 0.05309734513274336
1 0.8418879056047197 0.8171091445427728 0.05545722713864307 0.054277286135693215
0 0.7035398230088495 0.8380530973451328 0.08200589970501475 0.06312684365781711
0 0.5047197640117994 0.7690265486725664 0.061946902654867256 0.06430678466076696
0 0.3702064896755162 0.7820058997050148 0.03480825958702065 0.0808259587020649
0 0.22566371681415928 0.8283185840707965 0.02536873156342183 0.10737463126843658
0 0.13421828908554573 0.8050147492625369 0.08672566371681416 0.04424778761061947
