0 0.18259587020648968 0.20648967551622419 0.1327433628318584 0.07551622418879056
0 0.26312684365781713 0.2607669616519174 0.1191740412979351 0.05663716814159292
0 0.3268436578171091 0.1743362831858407 0.08967551622418879 0.11740412979351032
0 0.5415929203539823 0.16460176991150444 0.1592920353982301 0.07787610619469026
0 0.7259587020648968 0.10353982300884956 0.06784660766961652 0.12684365781710916
0 0.6781710914454278 0.18141592920353983 0.12330383480825959 0.04424778761061947
0 0.7525073746312684 0.25545722713864305 0.07020648967551622 0.0967551622418879
0 0.6551622418879056 0.2814159292035398 0.1327433628318584 0.12861356932153392
0 0.5206489675516224 0.27876106194690264 0.15516224188790562 0.047787610619469026
0 0.15221238938053097 0.34690265486725663 0.071976401179941 0.06843657817109144
0 0.3106194690265487 0.3722713864306785 0.09026548672566372 0.1864306784660767
0 0.41887905604719766 0.4424778761061947 0.11091445427728613 0.0943952802359882
0 0.41799410029498524 0.4486725663716814 0.06312684365781711 0.09380530973451327
0 0.49793510324483775 0.47581120943952804 0.13215339233038348 0.12330383480825959
0 0.4784660766961652 0.4383480825958702 0.04365781710914454 0.02359882005899705
0 0.6076696165191741 0.3943952802359882 0.09557522123893805 0.1976401179941003
0 0.7383480825958701 0.34985250737463125 0.07020648967551622 0.03775811209439528
1 0.07610619469026549 0.4958702064896755 0.03303834808259587 0.02064896755162242
1 0.6669616519174041 0.5194690265486726 0.03008849557522124 0.07020648967551622
0 0.17610619469026548 0.5890855457227139 0.07964601769911504 0.11386430678466077
0 0.28908554572271383 0.5666666666666667 0.09793510324483776 0.1882005899705015
0 0.38908554572271387 0.6699115044247788 0.04896755162241888 0.1374631268436578
0 0.5327433628318584 0.5938053097345133 0.14513274336283186 0.10206489675516224
0 0.5864306784660767 0.6348082595870206 0.1616519174041298 0.04601769911504425
0 0.7424778761061946 0.6454277286135693 0.09498525073746313 0.13569321533923304
0 0.7395280235988201 0.6053097345132743 0.06430678466076696 0.05545722713864307
0 0.6578171091445427 0.8256637168141593 0.08613569321533923 0.1528023598820059
0 0.5958702064896755 0.7982300884955752 0.14513274336283186 0.11563421828908554
0 0.46342182890855455 0.807669616519174 0.03716814159292035 0.0743362831858407
1 0.3268436578171091 0.8053097345132744 0.03303834808259587 0.025958702064896755
0 0.26135693215339234 0.6935103244837758 0.08967551622418879 0.09380530973451327
0 0.1191740412979351 0.6569321533923304 0.10855457227138643 0.1846607669616519
0 0.2592920353982301 0.7899705014749262 0.07610619469026549 0.12389380530973451
0 0.13392330383480827 0.823598820058997 0.1168141592920354 0.14513274336283186
