0 0.1873156342182891 0.20501474926253688 0.12566371681415928 0.07374631268436578
0 0.32654867256637166 0.17227138643067846 0.08672566371681416 0.11799410029498525
0 0.5315634218289086 0.15693215339233038 0.13805309734513274 0.06371681415929203
0 0.6669616519174041 0.17876106194690267 0.15988200589970503 0.05545722713864307
0 0.7032448377581121 0.10530973451327433 0.11445427728613569 0.13628318584070798
0 0.15634218289085544 0.3501474926253687 0.071976401179941 0.06312684365781711
0 0.3058997050147493 0.37256637168141593 0.09026548672566372 0.19410029498525072
0 0.4153392330383481 0.4421828908554572 0.11563421828908554 0.09734513274336283
0 0.42330383480825956 0.45663716814159294 0.07846607669616519 0.10737463126843658
0 0.492330383480826 0.47581120943952804 0.1374631268436578 0.12448377581120944
0 0.479646017699115 0.4374631268436578 0.0471976401179941 0.03008849557522124
0 0.7032448377581121 0.252212389380531 0.1663716814159292 0.09734513274336283
0 0.6209439528023599 0.2991150442477876 0.07728613569321534 0.10737463126843658
0 0.6056047197640118 0.39764011799410026 0.09498525073746313 0.1935103244837758
0 0.5200589970501475 0.28171091445427726 0.15988200589970503 0.05604719764011799
0 0.7353982300884956 0.35339233038348083 0.08672566371681416 0.04601769911504425
0 0.6637168141592921 0.5194690265486726 0.03421828908554572 0.0607669616519174
1 0.07610619469026549 0.49616519174041296 0.03421828908554572 0.02359882005899705
0 0.17522123893805308 0.5896755162241888 0.08259587020648967 0.10914454277286136
0 0.287905604719764 0.5687315634218288 0.09321533923303835 0.18997050147492625
0 0.38849557522123895 0.6654867256637168 0.05604719764011799 0.12979351032448377
0 0.5289085545722714 0.5935103244837758 0.1351032448377581 0.10383480825958702
0 0.5893805309734513 0.6321533923303835 0.1663716814159292 0.06548672566371681
0 0.11799410029498525 0.6578171091445427 0.10973451327433628 0.19469026548672566
0 0.26135693215339234 0.692330383480826 0.08495575221238938 0.09970501474926254
0 0.13156342182890857 0.824188790560472 0.1215339233038348 0.14277286135693215
0 0.2581120943952802 0.7887905604719764 0.0808259587020649 0.1191740412979351
1 0.3268436578171091 0.8067846607669616 0.03303834808259587 0.03126843657817109
0 0.46194690265486726 0.8079646017699115 0.03303834808259587 0.07138643067846608
0 0.5911504424778761 0.7979351032448377 0.143952802359882 0.11386430678466077
0 0.6581120943952802 0.8309734513274336 0.08436578171091445 0.15870206489675515
0 0.7359882005899705 0.6020648967551623 0.07492625368731563 0.057227138643067846
0 0.7404129793510325 0.6663716814159292 0.0943952802359882 0.08672566371681416
0 0.2696165191740413 0.25781710914454276 0.12979351032448377 0.06135693215339233
