1 0.0663716814159292 0.1410029498525074 0.028908554572271386 0.015339233038348082
1 0.24218289085545722 0.13628318584070798 0.02654867256637168 0.020058997050147492
1 0.3787610619469026 0.13893805309734514 0.03303834808259587 0.018289085545722714
1 0.5539823008849557 0.12212389380530973 0.027138643067846607 0.015339233038348082
1 0.7026548672566372 0.11504424778761062 0.027138643067846607 0.022418879056047197
1 0.8749262536873156 0.1079646017699115 0.025958702064896755 0.022418879056047197
1 0.8799410029498524 0.27817109144542773 0.03716814159292035 0.018289085545722714
1 0.7002949852507374 0.2825958702064897 0.030678466076696165 0.017699115044247787
1 0.5466076696165192 0.296165191740413 0.03716814159292035 0.01887905604719764
1 0.38849557522123895 0.3008849557522124 0.03126843657817109 0.01887905604719764
1 0.24690265486725663 0.2973451327433628 0.028908554572271386 0.017699115044247787
1 0.07374631268436578 0.296165191740413 0.03303834808259587 0.01887905604719764
1 0.06430678466076696 0.4474926253687316 0.03303834808259587 0.019469026548672566
1 0.24365781710914453 0.4451327433628319 0.030678466076696165 0.014749262536873156
1 0.39144542772861357 0.4430678466076696 0.028908554572271386 0.01415929203539823
1 0.5501474926253688 0.43805309734513276 0.028908554572271386 0.019469026548672566
1 0.7129793510324484 0.43952802359882004 0.027728613569321534 0.015339233038348082
1 0.8731563421828908 0.44129793510324483 0.03185840707964602 0.017699115044247787
1 0.06607669616519174 0.5952802359882006 0.02831858407079646 0.017699115044247787
1 0.2519174041297935 0.5858407079646017 0.03185840707964602 0.01887905604719764
1 0.3949852507374631 0.5755162241887906 0.032448377581120944 0.02064896755162242
1 0.552212389380531 0.5749262536873156 0.030678466076696165 0.023008849557522124
1 0.7138643067846607 0.5766961651917404 0.029498525073746312 0.019469026548672566
1 0.8722713864306785 0.5820058997050147 0.028908554572271386 0.028908554572271386
1 0.8787610619469026 0.7141592920353982 0.03480825958702065 0.02182890855457227
1 0.7064896755162242 0.7005899705014749 0.03008849557522124 0.024188790560471976
1 0.5510324483775811 0.695575221238938 0.030678466076696165 0.025958702064896755
1 0.39321533923303836 0.7053097345132743 0.032448377581120944 0.018289085545722714
1 0.2430678466076696 0.7141592920353982 0.030678466076696165 0.024188790560471976
1 0.06401179941002949 0.7162241887905605 0.0359882005899705 0.02359882005899705
1 0.06430678466076696 0.828613569321534 0.02831858407079646 0.018289085545722714
1 0.240117994100295 0.8398230088495575 0.03303834808259587 0.019469026548672566
1 0.3938053097345133 0.8466076696165191 0.03008849557522124 0.02359882005899705
1 0.5525073746312684 0.8451327433628318 0.03480825958702065 0.018289085545722714
1 0.7221238938053097 0.8563421828908554 0.03185840707964602 0.02064896755162242
1 0.8814159292035398 0.8755162241887906 0.035398230088495575 0.01887905604719764
