0 0.10206489675516224 0.1182890855457227 0.04247787610619469 0.028908554572271386
0 0.20324483775811208 0.15516224188790562 0.07846607669616519 0.0920353982300885
1 0.3501474926253687 0.10943952802359883 0.03952802359882006 0.052507374631268436
0 0.48761061946902656 0.1374631268436578 0.12566371681415928 0.0743362831858407
0 0.6315634218289086 0.1433628318584071 0.07610619469026549 0.0943952802359882
0 0.7654867256637168 0.16932153392330385 0.06548672566371681 0.08377581120943953
0 0.10825958702064897 0.2743362831858407 0.06430678466076696 0.06843657817109144
1 0.23333333333333334 0.26991150442477874 0.052507374631268436 0.043067846607669616
0 0.3407079646017699 0.26607669616519175 0.07374631268436578 0.035398230088495575
0 0.49734513274336284 0.2814159292035398 0.04837758112094395 0.04365781710914454
0 0.6646017699115044 0.25604719764011796 0.08672566371681416 0.07315634218289085
0 0.7858407079646017 0.2368731563421829 0.12979351032448377 0.05132743362831858
1 0.10589970501474927 0.4604719764011799 0.04424778761061947 0.04188790560471976
0 0.2654867256637168 0.4126843657817109 0.09793510324483776 0.06430678466076696
0 0.3799410029498525 0.45073746312684365 0.07079646017699115 0.14277286135693215
1 0.5058997050147492 0.4008849557522124 0.057227138643067846 0.05132743362831858
0 0.6651917404129793 0.46017699115044247 0.10324483775811209 0.058997050147492625
0 0.7766961651917405 0.42625368731563423 0.04070796460176991 0.03952802359882006
0 0.14985250737463127 0.595575221238938 0.035398230088495575 0.04188790560471976
0 0.2967551622418879 0.6144542772861357 0.071976401179941 0.1433628318584071
0 0.4103244837758112 0.6008849557522123 0.11032448377581121 0.07610619469026549
0 0.536283185840708 0.5206489675516224 0.049557522123893805 0.05014749262536873
0 0.6710914454277286 0.5663716814159292 0.13156342182890857 0.0943952802359882
0 0.7772861356932154 0.551622418879056 0.04188790560471976 0.058997050147492625
1 0.15014749262536872 0.6684365781710915 0.043067846607669616 0.05073746312684366
1 0.27256637168141595 0.7292035398230088 0.03893805309734513 0.044837758112094395
0 0.11002949852507374 0.8421828908554572 0.04660766961651917 0.11032448377581121
1 0.2542772861356932 0.8392330383480826 0.03421828908554572 0.028908554572271386
0 0.3823008849557522 0.8471976401179941 0.12979351032448377 0.10501474926253687
0 0.4300884955752212 0.7634218289085546 0.11799410029498525 0.11563421828908554
0 0.543952802359882 0.6651917404129793 0.07315634218289085 0.06548672566371681
0 0.5545722713864307 0.8321533923303834 0.06017699115044248 0.09852507374631268
0 0.6539823008849558 0.7876106194690266 0.05014749262536873 0.07669616519174041
0 0.6882005899705015 0.6766961651917404 0.05486725663716814 0.05545722713864307
0 0.7690265486725664 0.6696165191740413 0.11386430678466077 0.10383480825958702
0 0.7755162241887905 0.799410029498525 0.15870206489675515 0.06489675516224189
