1 0.06224188790560472 0.14365781710914455 0.027728613569321534 0.019469026548672566
1 0.24041297935103245 0.13805309734513274 0.03126843657817109 0.02359882005899705
1 0.37551622418879055 0.1424778761061947 0.0359882005899705 0.02536873156342183
1 0.5498525073746312 0.12418879056047197 0.03303834808259587 0.02536873156342183
1 0.7011799410029499 0.11769911504424779 0.033628318584070796 0.03008849557522124
1 0.8710914454277287 0.10589970501474927 0.03008849557522124 0.03008849557522124
1 0.8787610619469026 0.27640117994100294 0.04070796460176991 0.02536873156342183
1 0.8737463126843658 0.44011799410029495 0.035398230088495575 0.022418879056047197
1 0.6997050147492625 0.28466076696165193 0.03185840707964602 0.028908554572271386
1 0.07079646017699115 0.3005899705014749 0.03185840707964602 0.023008849557522124
1 0.2424778761061947 0.29793510324483774 0.03421828908554572 0.025958702064896755
1 0.384070796460177 0.30324483775811206 0.03657817109144543 0.02831858407079646
1 0.5466076696165192 0.3 0.03952802359882006 0.02536873156342183
1 0.06342182890855458 0.45073746312684365 0.03008849557522124 0.020058997050147492
1 0.24041297935103245 0.4471976401179941 0.0359882005899705 0.025958702064896755
1 0.39233038348082594 0.44660766961651915 0.03303834808259587 0.020058997050147492
1 0.5507374631268437 0.44129793510324483 0.03126843657817109 0.024778761061946902
1 0.7138643067846607 0.4407079646017699 0.035398230088495575 0.025958702064896755
1 0.06460176991150443 0.5961651917404129 0.032448377581120944 0.02536873156342183
1 0.24837758112094394 0.5858407079646017 0.035398230088495575 0.027138643067846607
1 0.3949852507374631 0.5796460176991151 0.038348082595870206 0.02654867256637168
1 0.5504424778761062 0.5764011799410029 0.03893805309734513 0.024778761061946902
1 0.7109144542772862 0.575811209439528 0.03303834808259587 0.025958702064896755
1 0.8731563421828908 0.5817109144542773 0.03421828908554572 0.03303834808259587
1 0.8787610619469026 0.7141592920353982 0.043067846607669616 0.02182890855457227
1 0.7064896755162242 0.7008849557522123 0.03952802359882006 0.024778761061946902
1 0.5507374631268437 0.6979351032448378 0.03952802359882006 0.025958702064896755
1 0.39233038348082594 0.7079646017699115 0.03775811209439528 0.02359882005899705
1 0.24424778761061947 0.7176991150442478 0.03775811209439528 0.028908554572271386
1 0.06401179941002949 0.7206489675516224 0.03716814159292035 0.02182890855457227
1 0.06489675516224189 0.8336283185840708 0.03775811209439528 0.027138643067846607
1 0.2430678466076696 0.8442477876106195 0.035398230088495575 0.022418879056047197
1 0.39705014749262535 0.8495575221238938 0.03421828908554572 0.02359882005899705
1 0.5545722713864307 0.8477876106194691 0.03421828908554572 0.022418879056047197
1 0.720353982300885 0.8560471976401179 0.03775811209439528 0.024778761061946902
1 0.8802359882005899 0.8746312684365781 0.030678466076696165 0.02654867256637168
