0 0.14690265486725662 0.15899705014749263 0.05781710914454277 0.06312684365781711
0 0.3123893805309734 0.16814159292035397 0.043067846607669616 0.08849557522123894
0 0.49734513274336284 0.21297935103244836 0.06725663716814159 0.06017699115044248
0 0.6286135693215339 0.19852507374631267 0.038348082595870206 0.06548672566371681
0 0.7678466076696165 0.1648967551622419 0.04188790560471976 0.09852507374631268
0 0.8578171091445428 0.18525073746312684 0.08259587020648967 0.03657817109144543
0 0.8666666666666667 0.3005899705014749 0.049557522123893805 0.12566371681415928
0 0.7814159292035399 0.3014749262536873 0.05014749262536873 0.09321533923303835
0 0.6292035398230088 0.3176991150442478 0.04424778761061947 0.07374631268436578
0 0.4849557522123894 0.3740412979351032 0.04129793510324484 0.06253687315634218
0 0.31327433628318585 0.36607669616519173 0.04247787610619469 0.0607669616519174
0 0.1448377581120944 0.343952802359882 0.043067846607669616 0.03185840707964602
0 0.1463126843657817 0.47522123893805307 0.04601769911504425 0.07610619469026549
0 0.30383480825958703 0.4684365781710914 0.03657817109144543 0.08141592920353982
0 0.46932153392330384 0.5179941002949853 0.052507374631268436 0.06843657817109144
0 0.6389380530973451 0.5206489675516224 0.04837758112094395 0.052507374631268436
0 0.7705014749262536 0.43952802359882004 0.05309734513274336 0.0967551622418879
0 0.8625368731563422 0.4631268436578171 0.06017699115044248 0.07669616519174041
1 0.1327433628318584 0.6035398230088496 0.03303834808259587 0.044837758112094395
0 0.3079646017699115 0.615929203539823 0.049557522123893805 0.06135693215339233
0 0.45368731563421827 0.6610619469026549 0.06843657817109144 0.057227138643067846
0 0.6315634218289086 0.6480825958702064 0.05486725663716814 0.04424778761061947
0 0.771386430678466 0.6696165191740413 0.04542772861356932 0.10855457227138643
0 0.8728613569321534 0.668141592920354 0.04188790560471976 0.08790560471976401
0 0.14690265486725662 0.7389380530973452 0.049557522123893805 0.038348082595870206
1 0.2896755162241888 0.7581120943952803 0.04247787610619469 0.0471976401179941
0 0.46607669616519176 0.7303834808259587 0.035398230088495575 0.049557522123893805
0 0.608259587020649 0.8053097345132744 0.0967551622418879 0.07905604719764012
0 0.756047197640118 0.8014749262536873 0.04188790560471976 0.05486725663716814
0 0.8725663716814159 0.7495575221238938 0.05663716814159292 0.07492625368731563
0 0.1448377581120944 0.9023598820058997 0.038348082595870206 0.03716814159292035
0 0.31976401179941005 0.9235988200589971 0.08141592920353982 0.06548672566371681
1 0.4592920353982301 0.8657817109144542 0.038348082595870206 0.03952802359882006
0 0.5943952802359882 0.9194690265486726 0.043067846607669616 0.0607669616519174
0 0.735693215339233 0.931858407079646 0.0471976401179941 0.07728613569321534
0 0.8823008849557522 0.9244837758112094 0.05014749262536873 0.08377581120943953
