0 0.1486725663716814 0.15958702064896754 0.058997050147492625 0.061946902654867256
0 0.31209439528023597 0.1654867256637168 0.049557522123893805 0.09144542772861357
0 0.4958702064896755 0.21386430678466076 0.07492625368731563 0.05486725663716814
0 0.6283185840707964 0.20147492625368732 0.03775811209439528 0.06430678466076696
0 0.7687315634218289 0.16342182890855456 0.035398230088495575 0.09557522123893805
0 0.859882005899705 0.1864306784660767 0.08436578171091445 0.03657817109144543
0 0.8722713864306785 0.3023598820058997 0.043067846607669616 0.1327433628318584
0 0.7814159292035399 0.30117994100294987 0.05014749262536873 0.09026548672566372
0 0.6271386430678466 0.31563421828908556 0.04365781710914454 0.07669616519174041
0 0.48289085545722715 0.3743362831858407 0.04070796460176991 0.06430678466076696
0 0.31209439528023597 0.36991150442477877 0.049557522123893805 0.05545722713864307
0 0.1448377581120944 0.3480825958702065 0.047787610619469026 0.03185840707964602
0 0.1463126843657817 0.47522123893805307 0.0471976401179941 0.07964601769911504
0 0.3023598820058997 0.47050147492625366 0.032448377581120944 0.0831858407079646
0 0.4690265486725664 0.515339233038348 0.05073746312684366 0.06902654867256637
0 0.6371681415929203 0.5206489675516224 0.0471976401179941 0.052507374631268436
0 0.771976401179941 0.4383480825958702 0.05132743362831858 0.0920353982300885
0 0.8634218289085546 0.46135693215339235 0.057227138643067846 0.07551622418879056
1 0.13333333333333333 0.6061946902654867 0.03775811209439528 0.04424778761061947
0 0.3088495575221239 0.6144542772861357 0.04424778761061947 0.057227138643067846
0 0.45309734513274336 0.6613569321533923 0.06607669616519174 0.058997050147492625
0 0.6324483775811209 0.6463126843657817 0.05781710914454277 0.04188790560471976
0 0.771386430678466 0.6699115044247788 0.04424778761061947 0.10442477876106195
0 0.8702064896755162 0.6663716814159292 0.035398230088495575 0.08908554572271386
0 0.8737463126843658 0.748377581120944 0.06017699115044248 0.07728613569321534
0 0.143952802359882 0.7442477876106195 0.0471976401179941 0.04424778761061947
0 0.29174041297935105 0.7578171091445428 0.03716814159292035 0.047787610619469026
0 0.4672566371681416 0.731858407079646 0.03657817109144543 0.05486725663716814
0 0.6138643067846608 0.8058997050147493 0.1056047197640118 0.07905604719764012
0 0.7513274336283186 0.8029498525073746 0.047787610619469026 0.05545722713864307
0 0.1424778761061947 0.9017699115044248 0.03952802359882006 0.0359882005899705
0 0.31622418879056047 0.928023598820059 0.08849557522123894 0.058997050147492625
0 0.46135693215339235 0.8648967551622418 0.035398230088495575 0.03657817109144543
0 0.5958702064896755 0.9182890855457227 0.03893805309734513 0.06902654867256637
0 0.7377581120943952 0.9297935103244838 0.04424778761061947 0.07669616519174041
0 0.8858407079646018 0.924188790560472 0.05014749262536873 0.0855457227138643
