0 0.1430678466076696 0.09734513274336283 0.03480825958702065 0.029498525073746312
0 0.3088495575221239 0.0752212389380531 0.06312684365781711 0.0584070796460177
0 0.4604719764011799 0.1351032448377581 0.03126843657817109 0.035398230088495575
0 0.5946902654867257 0.07964601769911504 0.03893805309734513 0.06607669616519174
0 0.7377581120943952 0.0696165191740413 0.04188790560471976 0.07669616519174041
0 0.8817109144542773 0.08141592920353982 0.03952802359882006 0.07905604719764012
0 0.1433628318584071 0.25722713864306784 0.049557522123893805 0.044837758112094395
0 0.29174041297935105 0.24129793510324482 0.0359882005899705 0.05073746312684366
0 0.46696165191740413 0.2687315634218289 0.032448377581120944 0.05604719764011799
0 0.6088495575221239 0.1976401179941003 0.0943952802359882 0.07551622418879056
0 0.7504424778761062 0.20442477876106194 0.05309734513274336 0.057227138643067846
0 0.8722713864306785 0.252212389380531 0.057227138643067846 0.06548672566371681
1 0.13185840707964602 0.3896755162241888 0.0359882005899705 0.038348082595870206
0 0.3079646017699115 0.38672566371681416 0.04601769911504425 0.05368731563421829
0 0.4533923303834808 0.340117994100295 0.06784660766961652 0.05486725663716814
0 0.6294985250737463 0.3448377581120944 0.0471976401179941 0.05132743362831858
0 0.7716814159292036 0.3309734513274336 0.04129793510324484 0.09793510324483776
0 0.871976401179941 0.3345132743362832 0.040117994100294985 0.08495575221238938
0 0.14837758112094396 0.5253687315634218 0.04070796460176991 0.07610619469026549
0 0.30501474926253686 0.5268436578171092 0.035398230088495575 0.0696165191740413
0 0.4672566371681416 0.48289085545722715 0.04837758112094395 0.06312684365781711
0 0.6377581120943953 0.48259587020648964 0.0471976401179941 0.04837758112094395
0 0.7705014749262536 0.5575221238938053 0.049557522123893805 0.08731563421828908
0 0.8640117994100295 0.5342182890855457 0.061946902654867256 0.07138643067846608
1 0.14690265486725662 0.6607669616519174 0.044837758112094395 0.024778761061946902
0 0.31209439528023597 0.6351032448377582 0.044837758112094395 0.05958702064896755
0 0.4837758112094395 0.6262536873156342 0.04365781710914454 0.06312684365781711
0 0.6327433628318584 0.6799410029498525 0.038348082595870206 0.06902654867256637
0 0.7775811209439528 0.6938053097345133 0.03893805309734513 0.08377581120943953
0 0.8707964601769911 0.6967551622418879 0.04837758112094395 0.11327433628318584
0 0.1486725663716814 0.8404129793510324 0.054277286135693215 0.05604719764011799
0 0.31209439528023597 0.8289085545722714 0.03657817109144543 0.08023598820058997
0 0.49734513274336284 0.7887905604719764 0.06607669616519174 0.05545722713864307
0 0.6315634218289086 0.7976401179941003 0.0359882005899705 0.06135693215339233
0 0.7687315634218289 0.8336283185840708 0.03657817109144543 0.08849557522123894
0 0.8616519174041298 0.8141592920353982 0.08790560471976401 0.029498525073746312
