0 0.10029498525073746 0.11887905604719765 0.040117994100294985 0.03480825958702065
0 0.20412979351032448 0.16017699115044248 0.07079646017699115 0.10206489675516224
0 0.34985250737463125 0.10707964601769912 0.04129793510324484 0.04542772861356932
0 0.48348082595870207 0.13657817109144543 0.13392330383480827 0.08200589970501475
0 0.6327433628318584 0.14424778761061946 0.07728613569321534 0.09970501474926254
0 0.7654867256637168 0.17168141592920355 0.061946902654867256 0.07551622418879056
0 0.1215339233038348 0.27699115044247785 0.044837758112094395 0.07728613569321534
0 0.33716814159292036 0.26843657817109146 0.07374631268436578 0.03775811209439528
0 0.6542772861356932 0.25604719764011796 0.08849557522123894 0.06843657817109144
0 0.7873156342182891 0.2345132743362832 0.13392330383480827 0.04660766961651917
0 0.11120943952802359 0.4631268436578171 0.0584070796460177 0.035398230088495575
0 0.26666666666666666 0.4088495575221239 0.10501474926253687 0.06843657817109144
0 0.37787610619469025 0.45368731563421827 0.07138643067846608 0.14749262536873156
0 0.503834808259587 0.3952802359882006 0.05309734513274336 0.0471976401179941
0 0.6731563421828909 0.46194690265486726 0.10265486725663717 0.05545722713864307
0 0.7769911504424779 0.4283185840707965 0.040117994100294985 0.03657817109144543
1 0.23215339233038348 0.2696165191740413 0.052507374631268436 0.035398230088495575
1 0.5 0.2790560471976401 0.04542772861356932 0.03775811209439528
1 0.15250737463126843 0.6669616519174041 0.03480825958702065 0.04660766961651917
1 0.2536873156342183 0.8430678466076696 0.03303834808259587 0.02359882005899705
0 0.14749262536873156 0.5976401179941003 0.035398230088495575 0.049557522123893805
0 0.3070796460176991 0.6182890855457227 0.08436578171091445 0.15339233038348082
0 0.4176991150442478 0.6044247787610619 0.10973451327433628 0.07610619469026549
0 0.5330383480825959 0.5182890855457227 0.04660766961651917 0.04424778761061947
0 0.6569321533923304 0.5749262536873156 0.11976401179941003 0.10914454277286136
0 0.5442477876106194 0.6684365781710915 0.07256637168141593 0.06017699115044248
0 0.6870206489675517 0.6772861356932154 0.05368731563421829 0.05073746312684366
0 0.7722713864306785 0.6722713864306784 0.12035398230088495 0.09852507374631268
0 0.27168141592920353 0.728023598820059 0.03480825958702065 0.04129793510324484
0 0.11150442477876106 0.8250737463126844 0.0471976401179941 0.09144542772861357
0 0.43067846607669613 0.7669616519174041 0.11563421828908554 0.12035398230088495
0 0.38348082595870203 0.8463126843657817 0.12861356932153392 0.11504424778761062
0 0.5551622418879056 0.843952802359882 0.05663716814159292 0.10678466076696165
0 0.6548672566371682 0.7861356932153393 0.04837758112094395 0.07610619469026549
0 0.7731563421828909 0.799410029498525 0.16932153392330385 0.05663716814159292
0 0.7817109144542773 0.5542772861356932 0.035398230088495575 0.047787610619469026
