1 0.058112094395280235 0.1471976401179941 0.02536873156342183 0.018289085545722714
1 0.18289085545722714 0.18495575221238938 0.02831858407079646 0.03126843657817109
0 0.36666666666666664 0.1631268436578171 0.028908554572271386 0.03952802359882006
1 0.5212389380530973 0.14277286135693215 0.03480825958702065 0.027138643067846607
1 0.6991150442477876 0.12300884955752212 0.03185840707964602 0.03008849557522124
1 0.8569321533923304 0.09557522123893805 0.03952802359882006 0.03657817109144543
0 0.06902654867256637 0.3079646017699115 0.030678466076696165 0.022418879056047197
0 0.22684365781710913 0.32536873156342183 0.03126843657817109 0.033628318584070796
0 0.37610619469026546 0.34365781710914456 0.032448377581120944 0.03716814159292035
0 0.5480825958702065 0.28407079646017697 0.040117994100294985 0.027728613569321534
0 0.6663716814159292 0.3029498525073746 0.027728613569321534 0.043067846607669616
0 0.8725663716814159 0.30619469026548674 0.04247787610619469 0.030678466076696165
1 0.06312684365781711 0.4589970501474926 0.02359882005899705 0.022418879056047197
1 0.2368731563421829 0.44011799410029495 0.02654867256637168 0.03421828908554572
1 0.37256637168141593 0.46578171091445425 0.023008849557522124 0.03716814159292035
1 0.5480825958702065 0.44601769911504424 0.03185840707964602 0.027138643067846607
1 0.7126843657817109 0.4377581120943953 0.03421828908554572 0.025958702064896755
0 0.8628318584070797 0.4672566371681416 0.027728613569321534 0.040117994100294985
1 0.05929203539823009 0.591740412979351 0.027728613569321534 0.03303834808259587
1 0.25073746312684364 0.5911504424778761 0.030678466076696165 0.027138643067846607
1 0.3943952802359882 0.5831858407079646 0.03126843657817109 0.023008849557522124
1 0.5533923303834808 0.5814159292035398 0.03421828908554572 0.02182890855457227
1 0.7079646017699115 0.5958702064896755 0.030678466076696165 0.04247787610619469
0 0.8572271386430679 0.5589970501474926 0.03303834808259587 0.04188790560471976
0 0.07492625368731563 0.7050147492625368 0.03657817109144543 0.03775811209439528
0 0.26430678466076696 0.691150442477876 0.03421828908554572 0.03126843657817109
0 0.3973451327433628 0.7427728613569321 0.0359882005899705 0.030678466076696165
0 0.5551622418879056 0.6684365781710915 0.03657817109144543 0.03775811209439528
1 0.7070796460176991 0.6976401179941003 0.03716814159292035 0.02654867256637168
1 0.8654867256637168 0.7064896755162242 0.024778761061946902 0.032448377581120944
1 0.0687315634218289 0.8339233038348083 0.02654867256637168 0.03480825958702065
0 0.25486725663716814 0.8247787610619469 0.03657817109144543 0.035398230088495575
1 0.40914454277286133 0.8103244837758112 0.03952802359882006 0.03126843657817109
0 0.5480825958702065 0.8675516224188791 0.03421828908554572 0.04424778761061947
0 0.6938053097345133 0.8610619469026548 0.027138643067846607 0.03952802359882006
1 0.8890855457227138 0.8775811209439528 0.03185840707964602 0.03126843657817109
