0 0.17935103244837758 0.2056047197640118 0.13333333333333333 0.07492625368731563
0 0.2646017699115044 0.2584070796460177 0.1303834808259587 0.06489675516224189
0 0.32595870206489674 0.17138643067846607 0.08790560471976401 0.11504424778761062
0 0.5289085545722714 0.15663716814159293 0.13864306784660768 0.06312684365781711
0 0.6646017699115044 0.17846607669616518 0.15634218289085544 0.05368731563421829
0 0.7032448377581121 0.10766961651917403 0.1168141592920354 0.1351032448377581
0 0.7106194690265487 0.24867256637168142 0.15398230088495574 0.11032448377581121
0 0.61976401179941 0.296165191740413 0.07492625368731563 0.10029498525073746
0 0.7374631268436578 0.3519174041297935 0.0743362831858407 0.04660766961651917
0 0.5200589970501475 0.2820058997050148 0.15634218289085544 0.04837758112094395
0 0.6041297935103245 0.396165191740413 0.09557522123893805 0.1929203539823009
0 0.15339233038348082 0.34985250737463125 0.0743362831858407 0.06371681415929203
0 0.30678466076696165 0.3734513274336283 0.08731563421828908 0.1911504424778761
0 0.41799410029498524 0.4407079646017699 0.11622418879056047 0.0967551622418879
0 0.4247787610619469 0.4542772861356932 0.08141592920353982 0.10501474926253687
0 0.49321533923303834 0.4772861356932153 0.1392330383480826 0.12271386430678466
0 0.4775811209439528 0.43539823008849554 0.047787610619469026 0.022418879056047197
0 0.6646017699115044 0.5209439528023598 0.028908554572271386 0.06607669616519174
0 0.17463126843657817 0.5911504424778761 0.08377581120943953 0.11445427728613569
0 0.12064896755162241 0.6578171091445427 0.11150442477876106 0.1911504424778761
0 0.26253687315634217 0.6952802359882005 0.08023598820058997 0.10206489675516224
0 0.28997050147492626 0.5678466076696165 0.09616519174041298 0.18584070796460178
0 0.3855457227138643 0.664306784660767 0.052507374631268436 0.12861356932153392
0 0.5333333333333333 0.5926253687315635 0.143952802359882 0.10442477876106195
0 0.5943952802359882 0.6348082595870206 0.17286135693215338 0.07079646017699115
0 0.7351032448377581 0.6115044247787611 0.071976401179941 0.0808259587020649
0 0.7415929203539823 0.6539823008849558 0.0943952802359882 0.11858407079646018
0 0.13333333333333333 0.8247787610619469 0.11209439528023599 0.143952802359882
0 0.2584070796460177 0.7914454277286136 0.0743362831858407 0.12094395280235988
0 0.46017699115044247 0.8082595870206489 0.029498525073746312 0.07787610619469026
0 0.6005899705014749 0.8002949852507375 0.1616519174041298 0.11386430678466077
0 0.6595870206489676 0.8265486725663717 0.08967551622418879 0.15103244837758112
1 0.32595870206489674 0.8061946902654867 0.02654867256637168 0.02654867256637168
1 0.07728613569321534 0.4943952802359882 0.030678466076696165 0.017699115044247787
