1 0.10825958702064897 0.10501474926253687 0.04188790560471976 0.02359882005899705
1 0.2519174041297935 0.10294985250737462 0.035398230088495575 0.023008849557522124
1 0.39882005899705014 0.10884955752212389 0.03303834808259587 0.02182890855457227
1 0.5430678466076696 0.10766961651917403 0.04070796460176991 0.02182890855457227
1 0.7115044247787611 0.1191740412979351 0.035398230088495575 0.029498525073746312
1 0.856637168141593 0.12566371681415928 0.040117994100294985 0.022418879056047197
1 0.8584070796460177 0.2345132743362832 0.040117994100294985 0.02536873156342183
1 0.7017699115044248 0.22920353982300884 0.038348082595870206 0.019469026548672566
1 0.5404129793510324 0.23067846607669618 0.03775811209439528 0.02359882005899705
1 0.3935103244837758 0.22920353982300884 0.03893805309734513 0.02064896755162242
1 0.24277286135693216 0.22890855457227138 0.032448377581120944 0.020058997050147492
1 0.12064896755162241 0.22861356932153393 0.032448377581120944 0.023008849557522124
1 0.1224188790560472 0.3678466076696165 0.032448377581120944 0.02064896755162242
1 0.2342182890855457 0.36194690265486723 0.03657817109144543 0.023008849557522124
1 0.3696165191740413 0.368141592920354 0.038348082595870206 0.022418879056047197
1 0.5448377581120943 0.37315634218289084 0.03716814159292035 0.02182890855457227
1 0.6896755162241888 0.3663716814159292 0.03893805309734513 0.022418879056047197
1 0.8654867256637168 0.37905604719764013 0.03775811209439528 0.023008849557522124
1 0.8545722713864307 0.49498525073746313 0.03716814159292035 0.024778761061946902
1 0.6958702064896755 0.49675516224188787 0.03716814159292035 0.022418879056047197
1 0.5454277286135694 0.49970501474926254 0.0359882005899705 0.029498525073746312
1 0.3687315634218289 0.5064896755162241 0.035398230088495575 0.024188790560471976
1 0.2345132743362832 0.5253687315634218 0.03480825958702065 0.02182890855457227
1 0.12064896755162241 0.5259587020648967 0.027728613569321534 0.02654867256637168
1 0.11415929203539824 0.6607669616519174 0.032448377581120944 0.024778761061946902
1 0.23244837758112094 0.6690265486725664 0.030678466076696165 0.020058997050147492
1 0.36578171091445427 0.6651917404129793 0.03421828908554572 0.02536873156342183
1 0.5292035398230088 0.6610619469026549 0.035398230088495575 0.019469026548672566
1 0.6899705014749262 0.6607669616519174 0.03952802359882006 0.02359882005899705
1 0.8530973451327434 0.6634218289085546 0.040117994100294985 0.019469026548672566
1 0.1215339233038348 0.8094395280235989 0.030678466076696165 0.020058997050147492
1 0.2359882005899705 0.8091445427728613 0.03893805309734513 0.019469026548672566
1 0.3722713864306785 0.8156342182890856 0.03893805309734513 0.019469026548672566
1 0.5141592920353982 0.8141592920353982 0.03716814159292035 0.02359882005899705
1 0.6902654867256637 0.8035398230088495 0.04129793510324484 0.021238938053097345
1 0.8480825958702065 0.8112094395280236 0.03716814159292035 0.02359882005899705
