0 0.12330383480825959 0.12831858407079647 0.06843657817109144 0.03952802359882006
0 0.27256637168141595 0.10471976401179942 0.029498525073746312 0.03126843657817109
0 0.35634218289085545 0.16283185840707964 0.035398230088495575 0.03657817109144543
0 0.5117994100294985 0.12330383480825959 0.032448377581120944 0.02359882005899705
0 0.7179941002949852 0.15457227138643068 0.040117994100294985 0.04365781710914454
0 0.848377581120944 0.14778761061946902 0.04837758112094395 0.032448377581120944
0 0.15221238938053097 0.23952802359882006 0.05191740412979351 0.044837758112094395
1 0.2654867256637168 0.2651917404129793 0.03775811209439528 0.0359882005899705
0 0.39557522123893807 0.31976401179941005 0.06902654867256637 0.05545722713864307
1 0.51976401179941 0.2587020648967552 0.058997050147492625 0.03480825958702065
0 0.7073746312684366 0.2949852507374631 0.054277286135693215 0.044837758112094395
0 0.8230088495575221 0.2949852507374631 0.06843657817109144 0.05781710914454277
0 0.17079646017699116 0.38200589970501475 0.07374631268436578 0.052507374631268436
0 0.2926253687315634 0.3769911504424779 0.071976401179941 0.05191740412979351
0 0.4755162241887906 0.3722713864306785 0.05309734513274336 0.07315634218289085
0 0.5929203539823009 0.40943952802359884 0.08259587020648967 0.08023598820058997
0 0.7088495575221239 0.41799410029498524 0.05014749262536873 0.05604719764011799
0 0.852212389380531 0.4457227138643068 0.0359882005899705 0.03952802359882006
0 0.15870206489675515 0.4982300884955752 0.04247787610619469 0.05014749262536873
0 0.29380530973451324 0.5224188790560472 0.0471976401179941 0.03952802359882006
0 0.4212389380530973 0.5421828908554572 0.07079646017699115 0.06135693215339233
0 0.5610619469026549 0.5356932153392331 0.044837758112094395 0.04129793510324484
1 0.6808259587020649 0.5489675516224188 0.044837758112094395 0.043067846607669616
0 0.8436578171091446 0.5814159292035398 0.058997050147492625 0.05368731563421829
0 0.15693215339233038 0.656047197640118 0.04601769911504425 0.05309734513274336
0 0.23539823008849559 0.6587020648967552 0.05073746312684366 0.057227138643067846
0 0.18171091445427728 0.7899705014749262 0.04247787610619469 0.03303834808259587
0 0.45368731563421827 0.6905604719764011 0.05781710914454277 0.09616519174041298
0 0.39557522123893807 0.771976401179941 0.07846607669616519 0.04188790560471976
0 0.3949852507374631 0.840117994100295 0.05486725663716814 0.06725663716814159
0 0.5572271386430678 0.6985250737463127 0.038348082595870206 0.05191740412979351
1 0.5908554572271386 0.8657817109144542 0.032448377581120944 0.033628318584070796
1 0.6625368731563421 0.7342182890855458 0.05073746312684366 0.0359882005899705
1 0.7628318584070797 0.7386430678466076 0.04601769911504425 0.07079646017699115
0 0.7377581120943952 0.8115044247787611 0.06666666666666667 0.038348082595870206
0 0.8601769911504424 0.8268436578171091 0.06253687315634218 0.05368731563421829
