0 0.22654867256637168 0.19970501474926253 0.1640117994100295 0.0584070796460177
0 0.3454277286135693 0.21327433628318584 0.04660766961651917 0.07728613569321534
0 0.44542772861356933 0.1584070796460177 0.058997050147492625 0.10442477876106195
0 0.6174041297935103 0.15162241887905603 0.12684365781710916 0.10619469026548672
1 0.7451327433628319 0.15988200589970503 0.03657817109144543 0.025958702064896755
0 0.8902654867256637 0.17463126843657817 0.04129793510324484 0.0920353982300885
0 0.23008849557522124 0.32949852507374633 0.11445427728613569 0.09970501474926254
0 0.3123893805309734 0.32182890855457225 0.05368731563421829 0.05132743362831858
0 0.4551622418879056 0.33480825958702065 0.07138643067846608 0.05958702064896755
0 0.5870206489675516 0.3985250737463127 0.10855457227138643 0.07256637168141593
0 0.6929203539823009 0.38377581120943954 0.08436578171091445 0.1504424778761062
0 0.7262536873156342 0.27168141592920353 0.03303834808259587 0.04542772861356932
1 0.8469026548672566 0.3327433628318584 0.038348082595870206 0.04837758112094395
0 0.8492625368731563 0.4032448377581121 0.03716814159292035 0.043067846607669616
0 0.22005899705014748 0.4463126843657817 0.03421828908554572 0.04896755162241888
0 0.34749262536873154 0.4277286135693215 0.12507374631268436 0.10737463126843658
0 0.4648967551622419 0.48112094395280236 0.04837758112094395 0.043067846607669616
0 0.61976401179941 0.5495575221238937 0.06430678466076696 0.1433628318584071
0 0.7353982300884956 0.5905604719764012 0.10088495575221239 0.06371681415929203
1 0.8923303834808259 0.5418879056047198 0.043067846607669616 0.038348082595870206
0 0.21474926253687315 0.764306784660767 0.12861356932153392 0.04424778761061947
0 0.34513274336283184 0.7404129793510325 0.08967551622418879 0.06253687315634218
0 0.4982300884955752 0.7200589970501475 0.04542772861356932 0.038348082595870206
0 0.6607669616519174 0.7324483775811209 0.071976401179941 0.0359882005899705
1 0.7663716814159292 0.7321533923303835 0.04601769911504425 0.035398230088495575
0 0.8852507374631269 0.7250737463126844 0.04424778761061947 0.07079646017699115
0 0.2351032448377581 0.831858407079646 0.06430678466076696 0.07669616519174041
0 0.36755162241887906 0.8581120943952802 0.07079646017699115 0.09616519174041298
0 0.5194690265486726 0.8643067846607669 0.13392330383480827 0.08259587020648967
0 0.6495575221238938 0.8941002949852507 0.040117994100294985 0.05014749262536873
0 0.7973451327433628 0.8398230088495575 0.07020648967551622 0.09852507374631268
0 0.9 0.8823008849557522 0.03716814159292035 0.032448377581120944
0 0.22241887905604718 0.5731563421828908 0.035398230088495575 0.03952802359882006
0 0.32772861356932154 0.5412979351032449 0.10206489675516224 0.0584070796460177
1 0.4958702064896755 0.6020648967551623 0.05604719764011799 0.04424778761061947
0 0.5707964601769911 0.23569321533923304 0.11858407079646018 0.11858407079646018
