1 0.05929203539823009 0.1480825958702065 0.03126843657817109 0.01887905604719764
1 0.17374631268436577 0.1864306784660767 0.027728613569321534 0.03421828908554572
0 0.3513274336283186 0.16991150442477876 0.02654867256637168 0.04247787610619469
0 0.5203539823008849 0.13716814159292035 0.03657817109144543 0.02654867256637168
1 0.6976401179941003 0.1191740412979351 0.028908554572271386 0.02831858407079646
1 0.8528023598820059 0.08436578171091445 0.03480825958702065 0.03421828908554572
0 0.06578171091445428 0.32035398230088497 0.033628318584070796 0.03421828908554572
0 0.21799410029498525 0.3374631268436578 0.03008849557522124 0.03775811209439528
1 0.3734513274336283 0.3383480825958702 0.03775811209439528 0.03008849557522124
1 0.5398230088495575 0.28643067846607667 0.04365781710914454 0.03126843657817109
0 0.6666666666666666 0.3047197640117994 0.03185840707964602 0.04542772861356932
1 0.8734513274336283 0.3035398230088496 0.0359882005899705 0.028908554572271386
0 0.06047197640117994 0.45634218289085543 0.02182890855457227 0.02536873156342183
0 0.22566371681415928 0.431858407079646 0.02182890855457227 0.040117994100294985
0 0.3705014749262537 0.4604719764011799 0.021238938053097345 0.04070796460176991
1 0.5489675516224188 0.4433628318584071 0.03126843657817109 0.02536873156342183
1 0.7091445427728613 0.4359882005899705 0.022418879056047197 0.024778761061946902
0 0.8607669616519174 0.4654867256637168 0.02831858407079646 0.040117994100294985
0 0.856637168141593 0.55929203539823 0.03185840707964602 0.04129793510324484
0 0.7020648967551623 0.6002949852507374 0.03421828908554572 0.03480825958702065
1 0.5483775811209439 0.5805309734513274 0.028908554572271386 0.02359882005899705
1 0.3926253687315634 0.5805309734513274 0.033628318584070796 0.020058997050147492
1 0.24867256637168142 0.5938053097345133 0.033628318584070796 0.024188790560471976
0 0.06017699115044248 0.5946902654867257 0.035398230088495575 0.035398230088495575
0 0.07728613569321534 0.7064896755162242 0.03775811209439528 0.032448377581120944
1 0.25722713864306784 0.6988200589970501 0.03775811209439528 0.027728613569321534
0 0.3870206489675516 0.7179941002949852 0.03775811209439528 0.025958702064896755
0 0.5412979351032449 0.7094395280235988 0.03480825958702065 0.04070796460176991
0 0.7061946902654868 0.7135693215339233 0.03893805309734513 0.03008849557522124
1 0.8651917404129793 0.7047197640117994 0.02536873156342183 0.027728613569321534
0 0.8884955752212389 0.8772861356932153 0.03421828908554572 0.040117994100294985
0 0.6949852507374631 0.8619469026548673 0.027138643067846607 0.04247787610619469
0 0.5451327433628319 0.8716814159292036 0.04247787610619469 0.043067846607669616
1 0.40914454277286133 0.8079646017699115 0.03480825958702065 0.02654867256637168
1 0.2551622418879056 0.8306784660766962 0.02536873156342183 0.04365781710914454
1 0.06607669616519174 0.8297935103244838 0.025958702064896755 0.033628318584070796
