0 0.1191740412979351 0.0607669616519174 0.05545722713864307 0.09911504424778761
0 0.2569321533923304 0.05486725663716814 0.057227138643067846 0.07787610619469026
0 0.4050147492625369 0.07256637168141593 0.04188790560471976 0.06725663716814159
0 0.5336283185840708 0.11976401179941003 0.033628318584070796 0.03775811209439528
0 0.6787610619469027 0.061061946902654866 0.12448377581120944 0.05014749262536873
0 0.8525073746312685 0.08761061946902654 0.03775811209439528 0.032448377581120944
0 0.11976401179941003 0.23805309734513275 0.058997050147492625 0.07728613569321534
0 0.2430678466076696 0.18141592920353983 0.05073746312684366 0.0584070796460177
0 0.3787610619469026 0.17935103244837758 0.12625368731563422 0.05663716814159292
0 0.5312684365781711 0.25486725663716814 0.0359882005899705 0.05309734513274336
0 0.7079646017699115 0.22477876106194689 0.04247787610619469 0.05191740412979351
1 0.8575221238938053 0.22920353982300884 0.0584070796460177 0.04070796460176991
0 0.12743362831858407 0.31209439528023597 0.035398230088495575 0.08023598820058997
0 0.2294985250737463 0.3144542772861357 0.049557522123893805 0.143952802359882
0 0.36607669616519173 0.3486725663716814 0.05132743362831858 0.08377581120943953
0 0.5469026548672566 0.328023598820059 0.06843657817109144 0.06135693215339233
0 0.6893805309734513 0.3728613569321534 0.04424778761061947 0.05781710914454277
1 0.868141592920354 0.3846607669616519 0.03716814159292035 0.05191740412979351
0 0.13569321533923304 0.536283185840708 0.06371681415929203 0.07079646017699115
0 0.22330383480825958 0.5504424778761062 0.05958702064896755 0.10029498525073746
0 0.3589970501474926 0.46519174041297934 0.05486725663716814 0.05014749262536873
0 0.5277286135693215 0.4678466076696165 0.05958702064896755 0.07315634218289085
0 0.6932153392330384 0.515339233038348 0.035398230088495575 0.0808259587020649
0 0.848377581120944 0.5141592920353982 0.040117994100294985 0.0831858407079646
0 0.12566371681415928 0.679646017699115 0.04129793510324484 0.1616519174041298
0 0.21002949852507374 0.6908554572271386 0.05781710914454277 0.10147492625368731
0 0.3722713864306785 0.6781710914454278 0.0471976401179941 0.09026548672566372
0 0.5138643067846608 0.6044247787610619 0.044837758112094395 0.0584070796460177
0 0.6858407079646017 0.6224188790560472 0.04424778761061947 0.05545722713864307
0 0.8507374631268436 0.6336283185840708 0.040117994100294985 0.049557522123893805
0 0.1433628318584071 0.8061946902654867 0.09557522123893805 0.03952802359882006
0 0.22625368731563422 0.8259587020648967 0.03008849557522124 0.11327433628318584
0 0.36991150442477877 0.7828908554572271 0.03421828908554572 0.08023598820058997
0 0.5041297935103245 0.771386430678466 0.06784660766961652 0.06430678466076696
0 0.7026548672566372 0.8383480825958702 0.08259587020648967 0.07315634218289085
0 0.8463126843657817 0.8292035398230089 0.05604719764011799 0.061946902654867256
