0 0.140117994100295 0.14837758112094396 0.10206489675516224 0.10914454277286136
0 0.3106194690265487 0.13067846607669617 0.13156342182890857 0.14926253687315633
0 0.5138643067846608 0.11120943952802359 0.07787610619469026 0.15516224188790562
0 0.6651917404129793 0.12507374631268436 0.07964601769911504 0.2112094395280236
0 0.875221238938053 0.08790560471976401 0.14926253687315633 0.09793510324483776
0 0.14896755162241887 0.3176991150442478 0.09262536873156342 0.04542772861356932
0 0.3056047197640118 0.28053097345132744 0.035398230088495575 0.04542772861356932
0 0.5230088495575221 0.2825958702064897 0.16342182890855456 0.04837758112094395
0 0.6182890855457227 0.24955752212389382 0.06253687315634218 0.09793510324483776
0 0.7884955752212389 0.2504424778761062 0.19882005899705013 0.0831858407079646
1 0.15427728613569322 0.40412979351032446 0.02182890855457227 0.03893805309734513
0 0.32595870206489674 0.415929203539823 0.1882005899705015 0.08849557522123894
0 0.4112094395280236 0.46519174041297934 0.054277286135693215 0.12448377581120944
0 0.4731563421828908 0.41976401179941003 0.05663716814159292 0.03952802359882006
1 0.5117994100294985 0.5171091445427729 0.04424778761061947 0.027728613569321534
0 0.6050147492625368 0.39882005899705014 0.08790560471976401 0.19941002949852507
0 0.7672566371681416 0.4067846607669616 0.0831858407079646 0.04188790560471976
0 0.11002949852507374 0.5056047197640118 0.11976401179941003 0.08613569321533923
1 0.2430678466076696 0.5613569321533923 0.03303834808259587 0.03126843657817109
0 0.4191740412979351 0.5445427728613569 0.09380530973451327 0.13569321533923304
0 0.6699115044247788 0.5628318584070796 0.04424778761061947 0.027138643067846607
0 0.7740412979351032 0.5545722713864307 0.08141592920353982 0.04129793510324484
0 0.10471976401179942 0.6510324483775811 0.10088495575221239 0.1846607669616519
1 0.24837758112094394 0.6778761061946903 0.027138643067846607 0.03303834808259587
0 0.3817109144542773 0.6539823008849558 0.040117994100294985 0.11622418879056047
0 0.5026548672566371 0.6380530973451327 0.1887905604719764 0.05958702064896755
0 0.6289085545722713 0.6890855457227139 0.10383480825958702 0.17345132743362832
0 0.7442477876106195 0.6932153392330384 0.03952802359882006 0.05309734513274336
0 0.7510324483775811 0.7424778761061946 0.06843657817109144 0.15870206489675515
0 0.5710914454277286 0.8017699115044248 0.10737463126843658 0.1191740412979351
0 0.4607669616519174 0.8091445427728613 0.03185840707964602 0.07964601769911504
1 0.32890855457227136 0.8073746312684366 0.03008849557522124 0.027728613569321534
0 0.19646017699115043 0.7979351032448377 0.07787610619469026 0.1433628318584071
0 0.09616519174041298 0.7802359882005899 0.09793510324483776 0.16932153392330385
