0 0.10058997050147492 0.11858407079646018 0.04188790560471976 0.03303834808259587
0 0.20619469026548673 0.1592920353982301 0.07138643067846608 0.10619469026548672
0 0.3519174041297935 0.10884955752212389 0.043067846607669616 0.043067846607669616
0 0.48053097345132745 0.1359882005899705 0.1351032448377581 0.0855457227138643
0 0.636283185840708 0.13952802359882005 0.11268436578171091 0.06312684365781711
0 0.7648967551622419 0.17286135693215338 0.061946902654867256 0.07905604719764012
0 0.12271386430678466 0.28053097345132744 0.0471976401179941 0.0808259587020649
1 0.23303834808259588 0.2693215339233038 0.05309734513274336 0.0359882005899705
0 0.33716814159292036 0.2646017699115044 0.07846607669616519 0.03480825958702065
1 0.5002949852507375 0.2808259587020649 0.04365781710914454 0.035398230088495575
0 0.6545722713864307 0.2551622418879056 0.09498525073746313 0.06902654867256637
0 0.7690265486725664 0.24277286135693216 0.10678466076696165 0.0584070796460177
0 0.11150442477876106 0.4646017699115044 0.05545722713864307 0.0359882005899705
0 0.26371681415929205 0.4135693215339233 0.11091445427728613 0.07315634218289085
0 0.37669616519174043 0.45368731563421827 0.07374631268436578 0.1486725663716814
0 0.504424778761062 0.39646017699115044 0.04837758112094395 0.03775811209439528
0 0.5339233038348082 0.5209439528023598 0.044837758112094395 0.04365781710914454
0 0.6716814159292035 0.46194690265486726 0.11622418879056047 0.05191740412979351
0 0.7790560471976401 0.4265486725663717 0.038348082595870206 0.04247787610619469
0 0.14778761061946902 0.5911504424778761 0.033628318584070796 0.04247787610619469
0 0.3250737463126844 0.6174041297935103 0.06725663716814159 0.14690265486725662
0 0.4212389380530973 0.6041297935103245 0.11327433628318584 0.07787610619469026
0 0.6610619469026549 0.5628318584070796 0.10206489675516224 0.13097345132743363
0 0.7814159292035399 0.5554572271386431 0.033628318584070796 0.04896755162241888
1 0.16814159292035397 0.6908554572271386 0.04247787610619469 0.04247787610619469
0 0.27168141592920353 0.7292035398230088 0.04542772861356932 0.040117994100294985
1 0.27079646017699116 0.7699115044247787 0.029498525073746312 0.040117994100294985
0 0.11386430678466077 0.8174041297935103 0.054277286135693215 0.0855457227138643
0 0.43392330383480826 0.7595870206489675 0.12920353982300886 0.12094395280235988
0 0.38908554572271387 0.8501474926253687 0.12684365781710916 0.12625368731563422
0 0.5433628318584071 0.6657817109144543 0.0743362831858407 0.07374631268436578
0 0.5433628318584071 0.8383480825958702 0.07669616519174041 0.13451327433628318
0 0.6542772861356932 0.784070796460177 0.049557522123893805 0.08141592920353982
0 0.6858407079646017 0.6764011799410029 0.05368731563421829 0.05014749262536873
0 0.7755162241887905 0.6690265486725664 0.12566371681415928 0.10029498525073746
0 0.7666666666666666 0.7811209439528024 0.17758112094395279 0.06135693215339233
