1 0.057227138643067846 0.1457227138643068 0.02831858407079646 0.01887905604719764
1 0.17168141592920355 0.18495575221238938 0.02831858407079646 0.02536873156342183
0 0.35339233038348083 0.17020648967551621 0.025958702064896755 0.03716814159292035
0 0.5171091445427729 0.1424778761061947 0.033628318584070796 0.03126843657817109
1 0.6941002949852507 0.11769911504424779 0.03716814159292035 0.02536873156342183
1 0.855457227138643 0.09085545722713864 0.04129793510324484 0.035398230088495575
1 0.8749262536873156 0.3064896755162242 0.04129793510324484 0.02536873156342183
0 0.6640117994100295 0.3070796460176991 0.02654867256637168 0.04660766961651917
0 0.543952802359882 0.28407079646017697 0.04247787610619469 0.03126843657817109
0 0.3705014749262537 0.33952802359882006 0.03421828908554572 0.032448377581120944
0 0.21710914454277286 0.335693215339233 0.02831858407079646 0.035398230088495575
1 0.0663716814159292 0.3185840707964602 0.032448377581120944 0.03303834808259587
1 0.0584070796460177 0.45722713864306785 0.024778761061946902 0.02831858407079646
1 0.5463126843657817 0.443952802359882 0.029498525073746312 0.024188790560471976
1 0.7106194690265487 0.43569321533923305 0.03008849557522124 0.023008849557522124
1 0.05929203539823009 0.5896755162241888 0.03008849557522124 0.032448377581120944
1 0.2471976401179941 0.5914454277286135 0.03185840707964602 0.02536873156342183
1 0.39321533923303836 0.5817109144542773 0.033628318584070796 0.021238938053097345
1 0.5486725663716814 0.5799410029498525 0.029498525073746312 0.02359882005899705
1 0.7020648967551623 0.5952802359882006 0.03185840707964602 0.040117994100294985
0 0.22241887905604718 0.4345132743362832 0.020058997050147492 0.03952802359882006
0 0.36991150442477877 0.46135693215339235 0.02359882005899705 0.04247787610619469
0 0.8607669616519174 0.4654867256637168 0.02831858407079646 0.03775811209439528
0 0.8569321533923304 0.5587020648967551 0.032448377581120944 0.03893805309734513
0 0.07345132743362831 0.7044247787610619 0.03480825958702065 0.03421828908554572
1 0.06401179941002949 0.8330383480825958 0.03008849557522124 0.03421828908554572
1 0.259882005899705 0.7011799410029499 0.03126843657817109 0.027728613569321534
1 0.2533923303834808 0.8280235988200589 0.032448377581120944 0.04188790560471976
1 0.38761061946902653 0.7179941002949852 0.03775811209439528 0.030678466076696165
1 0.8648967551622418 0.7044247787610619 0.02359882005899705 0.035398230088495575
0 0.5418879056047198 0.7126843657817109 0.03716814159292035 0.04247787610619469
0 0.7070796460176991 0.7103244837758111 0.033628318584070796 0.02359882005899705
1 0.4070796460176991 0.8100294985250738 0.04247787610619469 0.03303834808259587
0 0.5430678466076696 0.8699115044247787 0.03952802359882006 0.03952802359882006
1 0.6985250737463127 0.8607669616519174 0.03185840707964602 0.049557522123893805
1 0.8882005899705014 0.8787610619469026 0.03126843657817109 0.03952802359882006
