1 0.1410029498525074 0.0911504424778761 0.03893805309734513 0.033628318584070796
1 0.3005899705014749 0.11976401179941003 0.03480825958702065 0.02831858407079646
0 0.47817109144542774 0.14365781710914455 0.03126843657817109 0.03008849557522124
0 0.6333333333333333 0.16135693215339234 0.03126843657817109 0.038348082595870206
0 0.8156342182890856 0.18672566371681415 0.028908554572271386 0.0359882005899705
1 0.12536873156342182 0.308259587020649 0.04070796460176991 0.02536873156342183
0 0.33480825958702065 0.30678466076696165 0.024188790560471976 0.04365781710914454
1 0.4557522123893805 0.2887905604719764 0.03716814159292035 0.028908554572271386
0 0.6250737463126843 0.34365781710914456 0.032448377581120944 0.027728613569321534
0 0.7734513274336283 0.3274336283185841 0.02831858407079646 0.03775811209439528
0 0.1374631268436578 0.4663716814159292 0.025958702064896755 0.0359882005899705
1 0.28584070796460176 0.43716814159292033 0.027728613569321534 0.022418879056047197
1 0.44896755162241886 0.4424778761061947 0.03303834808259587 0.024778761061946902
0 0.6277286135693215 0.463716814159292 0.025958702064896755 0.04365781710914454
0 0.7646017699115044 0.4359882005899705 0.035398230088495575 0.03893805309734513
0 0.13893805309734514 0.5607669616519174 0.03480825958702065 0.03716814159292035
1 0.2911504424778761 0.5985250737463127 0.03126843657817109 0.03952802359882006
1 0.4474926253687316 0.5769911504424778 0.027728613569321534 0.022418879056047197
1 0.6035398230088496 0.5805309734513274 0.030678466076696165 0.02359882005899705
1 0.7486725663716814 0.5902654867256637 0.030678466076696165 0.02536873156342183
1 0.13215339233038348 0.7053097345132743 0.02359882005899705 0.032448377581120944
1 0.2920353982300885 0.7011799410029499 0.03421828908554572 0.023008849557522124
0 0.4445427728613569 0.6657817109144543 0.03480825958702065 0.03480825958702065
1 0.6 0.7386430678466076 0.030678466076696165 0.02831858407079646
1 0.7392330383480826 0.6976401179941003 0.03303834808259587 0.023008849557522124
1 0.9233038348082596 0.7053097345132743 0.03421828908554572 0.03126843657817109
1 0.9292035398230089 0.8333333333333334 0.030678466076696165 0.038348082595870206
0 0.7389380530973452 0.8215339233038348 0.032448377581120944 0.032448377581120944
0 0.587905604719764 0.8112094395280236 0.03480825958702065 0.029498525073746312
0 0.45191740412979353 0.8696165191740413 0.03421828908554572 0.03657817109144543
0 0.30324483775811206 0.8607669616519174 0.025958702064896755 0.04247787610619469
1 0.11150442477876106 0.8740412979351032 0.027138643067846607 0.033628318584070796
1 0.9392330383480826 0.1471976401179941 0.02831858407079646 0.02182890855457227
0 0.932448377581121 0.3112094395280236 0.028908554572271386 0.023008849557522124
0 0.9371681415929204 0.45781710914454277 0.03126843657817109 0.029498525073746312
0 0.9410029498525073 0.5952802359882006 0.02831858407079646 0.03775811209439528
