1 0.11002949852507374 0.10501474926253687 0.038348082595870206 0.017699115044247787
1 0.25722713864306784 0.10589970501474927 0.03657817109144543 0.019469026548672566
1 0.3985250737463127 0.1079646017699115 0.0359882005899705 0.021238938053097345
1 0.5451327433628319 0.11061946902654868 0.04365781710914454 0.019469026548672566
1 0.7106194690265487 0.11769911504424779 0.03952802359882006 0.024188790560471976
1 0.8563421828908554 0.12654867256637167 0.03952802359882006 0.02064896755162242
1 0.8604719764011799 0.2359882005899705 0.03716814159292035 0.020058997050147492
1 0.703834808259587 0.2312684365781711 0.03775811209439528 0.020058997050147492
1 0.5410029498525074 0.23480825958702065 0.040117994100294985 0.021238938053097345
1 0.3958702064896755 0.22920353982300884 0.035398230088495575 0.023008849557522124
1 0.24513274336283186 0.23097345132743363 0.03008849557522124 0.018289085545722714
1 0.12212389380530973 0.22861356932153393 0.035398230088495575 0.024188790560471976
1 0.12182890855457226 0.36696165191740415 0.03716814159292035 0.024778761061946902
1 0.2351032448377581 0.3613569321533923 0.038348082595870206 0.023008849557522124
1 0.368141592920354 0.3693215339233038 0.04129793510324484 0.022418879056047197
1 0.5445427728613569 0.37168141592920356 0.03775811209439528 0.022418879056047197
1 0.6896755162241888 0.36666666666666664 0.035398230088495575 0.02182890855457227
1 0.8643067846607669 0.37964601769911505 0.04247787610619469 0.023008849557522124
1 0.856637168141593 0.49321533923303834 0.03657817109144543 0.024778761061946902
1 0.6964601769911505 0.49793510324483775 0.0359882005899705 0.024778761061946902
1 0.5498525073746312 0.5002949852507375 0.03185840707964602 0.02831858407079646
1 0.3687315634218289 0.5047197640117994 0.040117994100294985 0.027728613569321534
1 0.2351032448377581 0.5259587020648967 0.038348082595870206 0.024188790560471976
1 0.1215339233038348 0.5253687315634218 0.03185840707964602 0.02654867256637168
1 0.11474926253687315 0.6622418879056047 0.032448377581120944 0.01592920353982301
1 0.23244837758112094 0.6690265486725664 0.03657817109144543 0.021238938053097345
1 0.36578171091445427 0.6646017699115044 0.035398230088495575 0.02536873156342183
1 0.5294985250737463 0.6607669616519174 0.033628318584070796 0.022418879056047197
1 0.6896755162241888 0.659882005899705 0.04247787610619469 0.03008849557522124
1 0.8548672566371681 0.6610619469026549 0.035398230088495575 0.024188790560471976
1 0.851622418879056 0.8100294985250738 0.03480825958702065 0.02359882005899705
1 0.6902654867256637 0.8058997050147493 0.04129793510324484 0.024778761061946902
1 0.512684365781711 0.8141592920353982 0.03775811209439528 0.022418879056047197
1 0.37079646017699114 0.8153392330383481 0.0359882005899705 0.022418879056047197
1 0.23893805309734512 0.8117994100294985 0.04247787610619469 0.022418879056047197
1 0.12330383480825959 0.8091445427728613 0.03303834808259587 0.018289085545722714
