0 0.15398230088495574 0.1831858407079646 0.05545722713864307 0.05486725663716814
0 0.29705014749262537 0.1648967551622419 0.08436578171091445 0.05486725663716814
0 0.4964601769911504 0.21710914454277286 0.05958702064896755 0.05073746312684366
0 0.6324483775811209 0.21887905604719765 0.03421828908554572 0.08731563421828908
0 0.8032448377581121 0.17168141592920355 0.09026548672566372 0.08023598820058997
0 0.8705014749262536 0.19793510324483776 0.07374631268436578 0.038348082595870206
0 0.15103244837758112 0.3787610619469026 0.03893805309734513 0.04837758112094395
0 0.32035398230088497 0.3702064896755162 0.05309734513274336 0.0584070796460177
0 0.5117994100294985 0.39941002949852505 0.07492625368731563 0.054277286135693215
0 0.6386430678466076 0.30324483775811206 0.07256637168141593 0.06253687315634218
0 0.7772861356932154 0.3191740412979351 0.043067846607669616 0.09557522123893805
0 0.9256637168141593 0.3448377581120944 0.12861356932153392 0.1457227138643068
0 0.15663716814159293 0.4902654867256637 0.04424778761061947 0.05781710914454277
0 0.30619469026548674 0.4849557522123894 0.03303834808259587 0.08967551622418879
0 0.4690265486725664 0.5274336283185841 0.05781710914454277 0.0696165191740413
0 0.6398230088495576 0.532448377581121 0.05486725663716814 0.05368731563421829
0 0.7982300884955752 0.4398230088495575 0.08849557522123894 0.09262536873156342
0 0.8725663716814159 0.4690265486725664 0.08613569321533923 0.08495575221238938
1 0.13451327433628318 0.6194690265486725 0.03657817109144543 0.05309734513274336
0 0.3112094395280236 0.6492625368731564 0.052507374631268436 0.061946902654867256
1 0.45250737463126844 0.6604719764011799 0.0696165191740413 0.04660766961651917
0 0.6356932153392331 0.6244837758112094 0.05604719764011799 0.09970501474926254
0 0.8094395280235989 0.7085545722713864 0.0920353982300885 0.1215339233038348
0 0.8837758112094395 0.675811209439528 0.05663716814159292 0.05486725663716814
0 0.1407079646017699 0.7752212389380531 0.05604719764011799 0.06371681415929203
0 0.30737463126843656 0.7769911504424779 0.07079646017699115 0.049557522123893805
0 0.484070796460177 0.740117994100295 0.07846607669616519 0.05014749262536873
0 0.6666666666666666 0.8365781710914454 0.10265486725663717 0.08849557522123894
0 0.7557522123893805 0.8135693215339233 0.06371681415929203 0.04837758112094395
0 0.8864306784660767 0.7660766961651917 0.06902654867256637 0.06548672566371681
0 0.15132743362831858 0.9209439528023599 0.03952802359882006 0.04247787610619469
1 0.33244837758112095 0.9513274336283186 0.11740412979351032 0.038348082595870206
0 0.46430678466076697 0.8808259587020649 0.03893805309734513 0.035398230088495575
0 0.5908554572271386 0.9542772861356932 0.06548672566371681 0.06784660766961652
0 0.7592920353982301 0.9666666666666667 0.08731563421828908 0.0607669616519174
0 0.8775811209439528 0.9445427728613569 0.05014749262536873 0.10265486725663717
