0 0.11976401179941003 0.059882005899705014 0.05309734513274336 0.09970501474926254
0 0.2581120943952802 0.0584070796460177 0.0607669616519174 0.05781710914454277
0 0.403834808259587 0.07846607669616519 0.04542772861356932 0.054277286135693215
0 0.5330383480825959 0.11946902654867256 0.033628318584070796 0.03008849557522124
0 0.675811209439528 0.06135693215339233 0.11740412979351032 0.04837758112094395
0 0.8492625368731563 0.0952802359882006 0.043067846607669616 0.023008849557522124
0 0.12094395280235988 0.2374631268436578 0.06371681415929203 0.07846607669616519
0 0.24926253687315633 0.18112094395280237 0.05132743362831858 0.054277286135693215
0 0.37256637168141593 0.18289085545722714 0.12684365781710916 0.04129793510324484
0 0.5303834808259587 0.25781710914454276 0.05073746312684366 0.054277286135693215
0 0.7097345132743362 0.2271386430678466 0.040117994100294985 0.05191740412979351
0 0.8601769911504424 0.2303834808259587 0.05781710914454277 0.047787610619469026
0 0.1271386430678466 0.3129793510324484 0.0359882005899705 0.07256637168141593
0 0.22595870206489677 0.3070796460176991 0.05073746312684366 0.12094395280235988
0 0.36194690265486723 0.36578171091445427 0.06312684365781711 0.09793510324483776
0 0.5471976401179941 0.3274336283185841 0.06902654867256637 0.058997050147492625
0 0.6890855457227139 0.3743362831858407 0.04365781710914454 0.0584070796460177
1 0.8675516224188791 0.38200589970501475 0.038348082595870206 0.05132743362831858
0 0.13451327433628318 0.5359882005899705 0.06607669616519174 0.07138643067846608
0 0.22536873156342183 0.5525073746312684 0.05309734513274336 0.1056047197640118
0 0.3595870206489675 0.4648967551622419 0.05604719764011799 0.05073746312684366
0 0.5286135693215339 0.46932153392330384 0.05545722713864307 0.06902654867256637
0 0.6932153392330384 0.515929203539823 0.03421828908554572 0.08672566371681416
0 0.8474926253687316 0.5106194690265486 0.038348082595870206 0.0831858407079646
0 0.1271386430678466 0.6749262536873156 0.043067846607669616 0.16755162241887905
0 0.2126843657817109 0.691150442477876 0.05486725663716814 0.10324483775811209
0 0.3734513274336283 0.6778761061946903 0.04601769911504425 0.09085545722713864
0 0.512684365781711 0.603834808259587 0.04365781710914454 0.061946902654867256
0 0.6817109144542772 0.6253687315634218 0.04424778761061947 0.054277286135693215
0 0.8489675516224189 0.6321533923303835 0.040117994100294985 0.05132743362831858
0 0.14041297935103245 0.8053097345132744 0.08731563421828908 0.04129793510324484
0 0.2294985250737463 0.8294985250737463 0.035398230088495575 0.10147492625368731
0 0.3687315634218289 0.7843657817109144 0.03657817109144543 0.07846607669616519
0 0.5050147492625369 0.7699115044247787 0.06253687315634218 0.06135693215339233
0 0.7050147492625368 0.8412979351032448 0.08023598820058997 0.06843657817109144
0 0.8454277286135693 0.8162241887905605 0.05545722713864307 0.052507374631268436
