0 0.11976401179941003 0.05575221238938053 0.054277286135693215 0.09144542772861357
0 0.259882005899705 0.05929203539823009 0.061946902654867256 0.05604719764011799
0 0.403834808259587 0.07846607669616519 0.04660766961651917 0.058997050147492625
0 0.5351032448377581 0.1191740412979351 0.03303834808259587 0.030678466076696165
0 0.6764011799410029 0.0607669616519174 0.11976401179941003 0.04601769911504425
0 0.8557522123893805 0.09557522123893805 0.038348082595870206 0.024778761061946902
0 0.12035398230088495 0.2407079646017699 0.058997050147492625 0.08495575221238938
0 0.24837758112094394 0.18023598820058997 0.05309734513274336 0.057227138643067846
0 0.3740412979351032 0.18259587020648968 0.12979351032448377 0.04424778761061947
0 0.5315634218289086 0.2587020648967552 0.05309734513274336 0.057227138643067846
0 0.7091445427728613 0.22536873156342183 0.040117994100294985 0.05663716814159292
0 0.8581120943952802 0.22861356932153393 0.05604719764011799 0.04660766961651917
0 0.12772861356932153 0.3123893805309734 0.0359882005899705 0.07610619469026549
0 0.22359882005899706 0.3079646017699115 0.05309734513274336 0.12035398230088495
0 0.359882005899705 0.36607669616519173 0.06489675516224189 0.10088495575221239
0 0.5454277286135694 0.3274336283185841 0.06902654867256637 0.05781710914454277
0 0.6884955752212389 0.3740412979351032 0.04837758112094395 0.05781710914454277
1 0.868141592920354 0.3817109144542773 0.04424778761061947 0.05781710914454277
0 0.13244837758112094 0.5353982300884955 0.07020648967551622 0.07256637168141593
0 0.22359882005899706 0.5525073746312684 0.05545722713864307 0.1056047197640118
0 0.359882005899705 0.4654867256637168 0.054277286135693215 0.049557522123893805
0 0.5300884955752212 0.4687315634218289 0.0584070796460177 0.06902654867256637
0 0.6958702064896755 0.5147492625368731 0.04188790560471976 0.08790560471976401
0 0.8498525073746312 0.5123893805309735 0.04188790560471976 0.08672566371681416
0 0.13156342182890857 0.6710914454277286 0.049557522123893805 0.16814159292035397
0 0.21415929203539824 0.6902654867256637 0.058997050147492625 0.10501474926253687
0 0.37374631268436576 0.679646017699115 0.057227138643067846 0.09911504424778761
0 0.5138643067846608 0.6035398230088496 0.05073746312684366 0.05663716814159292
0 0.6784660766961652 0.6250737463126843 0.05191740412979351 0.05368731563421829
0 0.8501474926253687 0.6327433628318584 0.04247787610619469 0.05486725663716814
0 0.1398230088495575 0.8050147492625369 0.08731563421828908 0.043067846607669616
0 0.22743362831858407 0.8306784660766962 0.033628318584070796 0.10973451327433628
0 0.37079646017699114 0.7843657817109144 0.043067846607669616 0.07846607669616519
0 0.5020648967551622 0.7693215339233038 0.06725663716814159 0.06489675516224189
0 0.7056047197640118 0.8359882005899705 0.08259587020648967 0.06489675516224189
1 0.8451327433628318 0.8141592920353982 0.05486725663716814 0.05545722713864307
