1 0.06283185840707964 0.1430678466076696 0.03126843657817109 0.018289085545722714
1 0.2377581120943953 0.1471976401179941 0.029498525073746312 0.02654867256637168
1 0.37551622418879055 0.1430678466076696 0.033628318584070796 0.02654867256637168
1 0.5492625368731563 0.12448377581120944 0.030678466076696165 0.024778761061946902
1 0.7008849557522123 0.11740412979351032 0.03185840707964602 0.024778761061946902
1 0.876401179941003 0.10943952802359883 0.033628318584070796 0.024188790560471976
1 0.0710914454277286 0.3005899705014749 0.03126843657817109 0.019469026548672566
1 0.2448377581120944 0.296165191740413 0.02831858407079646 0.024778761061946902
1 0.384070796460177 0.3005899705014749 0.040117994100294985 0.027728613569321534
1 0.5457227138643068 0.30029498525073745 0.03303834808259587 0.01887905604719764
1 0.7008849557522123 0.2814159292035398 0.02831858407079646 0.02831858407079646
1 0.8787610619469026 0.2749262536873156 0.0359882005899705 0.02359882005899705
1 0.8761061946902655 0.4392330383480826 0.03303834808259587 0.023008849557522124
1 0.7132743362831858 0.4398230088495575 0.03421828908554572 0.02064896755162242
1 0.5507374631268437 0.4430678466076696 0.03126843657817109 0.020058997050147492
1 0.3905604719764012 0.44778761061946903 0.03421828908554572 0.022418879056047197
1 0.2398230088495575 0.443952802359882 0.03008849557522124 0.02536873156342183
1 0.06430678466076696 0.44955752212389377 0.030678466076696165 0.01887905604719764
1 0.06283185840707964 0.5958702064896755 0.03008849557522124 0.027138643067846607
1 0.2510324483775811 0.5870206489675516 0.03008849557522124 0.01887905604719764
1 0.39292035398230085 0.5793510324483776 0.03303834808259587 0.017699115044247787
1 0.552212389380531 0.5769911504424778 0.03421828908554572 0.020058997050147492
1 0.7117994100294985 0.5793510324483776 0.03008849557522124 0.022418879056047197
1 0.8743362831858407 0.5814159292035398 0.03303834808259587 0.02654867256637168
1 0.8651917404129793 0.7041297935103245 0.024188790560471976 0.0359882005899705
1 0.7085545722713864 0.7011799410029499 0.030678466076696165 0.02064896755162242
0 0.5519174041297935 0.703834808259587 0.032448377581120944 0.021238938053097345
1 0.39469026548672564 0.7050147492625368 0.03421828908554572 0.021238938053097345
1 0.06489675516224189 0.7224188790560472 0.03421828908554572 0.02536873156342183
1 0.24365781710914453 0.720353982300885 0.04129793510324484 0.02831858407079646
1 0.06371681415929203 0.8303834808259587 0.03893805309734513 0.024188790560471976
1 0.2342182890855457 0.8312684365781711 0.03893805309734513 0.022418879056047197
1 0.40353982300884955 0.8321533923303834 0.030678466076696165 0.02654867256637168
1 0.5539823008849557 0.8454277286135693 0.03657817109144543 0.021238938053097345
1 0.7241887905604719 0.8339233038348083 0.03480825958702065 0.02536873156342183
1 0.8678466076696165 0.868141592920354 0.022418879056047197 0.03126843657817109
