0 0.10235988200589971 0.11799410029498525 0.038348082595870206 0.029498525073746312
0 0.20471976401179942 0.16047197640117994 0.0696165191740413 0.11209439528023599
0 0.3513274336283186 0.10884955752212389 0.04188790560471976 0.047787610619469026
0 0.4814159292035398 0.1368731563421829 0.13569321533923304 0.08849557522123894
0 0.636283185840708 0.14041297935103245 0.11032448377581121 0.06135693215339233
0 0.763716814159292 0.17404129793510326 0.0584070796460177 0.07669616519174041
0 0.12271386430678466 0.2814159292035398 0.05073746312684366 0.08377581120943953
1 0.23392330383480825 0.27168141592920353 0.05132743362831858 0.032448377581120944
0 0.3368731563421829 0.26312684365781713 0.08023598820058997 0.03657817109144543
1 0.5002949852507375 0.2814159292035398 0.04365781710914454 0.03421828908554572
0 0.6569321533923304 0.25663716814159293 0.09262536873156342 0.07551622418879056
0 0.7678466076696165 0.2430678466076696 0.1056047197640118 0.049557522123893805
0 0.11120943952802359 0.46342182890855455 0.05368731563421829 0.03716814159292035
0 0.2702064896755162 0.4126843657817109 0.10147492625368731 0.07256637168141593
0 0.3746312684365782 0.4551622418879056 0.07551622418879056 0.1504424778761062
1 0.5032448377581121 0.3958702064896755 0.0471976401179941 0.040117994100294985
0 0.6722713864306784 0.4622418879056047 0.11032448377581121 0.052507374631268436
0 0.7823008849557522 0.4265486725663717 0.040117994100294985 0.0471976401179941
0 0.14896755162241887 0.591740412979351 0.03952802359882006 0.04129793510324484
0 0.3256637168141593 0.6168141592920354 0.07315634218289085 0.1480825958702065
0 0.4277286135693215 0.6047197640117994 0.12389380530973451 0.07905604719764012
0 0.5356932153392331 0.5203539823008849 0.044837758112094395 0.04365781710914454
0 0.663126843657817 0.5595870206489676 0.10619469026548672 0.12094395280235988
0 0.7799410029498525 0.5551622418879056 0.035398230088495575 0.05545722713864307
1 0.16932153392330385 0.6884955752212389 0.04247787610619469 0.04247787610619469
1 0.27256637168141595 0.7271386430678466 0.03775811209439528 0.03716814159292035
1 0.2702064896755162 0.7707964601769911 0.030678466076696165 0.03716814159292035
0 0.11504424778761062 0.8129793510324483 0.06135693215339233 0.0743362831858407
0 0.5442477876106194 0.6654867256637168 0.0808259587020649 0.07905604719764012
0 0.6882005899705015 0.675811209439528 0.05132743362831858 0.04660766961651917
0 0.7764011799410029 0.6702064896755162 0.12389380530973451 0.10029498525073746
0 0.43716814159292033 0.7581120943952803 0.12979351032448377 0.12389380530973451
0 0.38908554572271387 0.8471976401179941 0.12684365781710916 0.13097345132743363
0 0.5454277286135694 0.8418879056047197 0.07728613569321534 0.13215339233038348
0 0.6539823008849558 0.7837758112094395 0.04896755162241888 0.08200589970501475
0 0.7669616519174041 0.7799410029498525 0.17935103244837758 0.06135693215339233
