0 0.2336283185840708 0.1631268436578171 0.06725663716814159 0.08200589970501475
0 0.36991150442477877 0.1415929203539823 0.0696165191740413 0.09557522123893805
0 0.515929203539823 0.13864306784660768 0.12802359882005898 0.0743362831858407
0 0.6483775811209439 0.1079646017699115 0.035398230088495575 0.04837758112094395
0 0.7967551622418879 0.15427728613569322 0.07846607669616519 0.08790560471976401
0 0.8997050147492626 0.1182890855457227 0.040117994100294985 0.03126843657817109
0 0.20914454277286135 0.23392330383480825 0.12920353982300886 0.04896755162241888
0 0.33480825958702065 0.2551622418879056 0.08436578171091445 0.06548672566371681
1 0.5005899705014749 0.2799410029498525 0.04070796460176991 0.0359882005899705
0 0.6592920353982301 0.26755162241887903 0.07256637168141593 0.033628318584070796
1 0.7663716814159292 0.2663716814159292 0.04837758112094395 0.0359882005899705
0 0.8920353982300885 0.2761061946902655 0.06017699115044248 0.071976401179941
0 0.22389380530973452 0.4271386430678466 0.03716814159292035 0.04129793510324484
0 0.32890855457227136 0.46106194690265484 0.09970501474926254 0.05368731563421829
1 0.4946902654867257 0.39764011799410026 0.05014749262536873 0.04365781710914454
0 0.6209439528023599 0.4510324483775811 0.07020648967551622 0.13864306784660768
0 0.7353982300884956 0.4109144542772861 0.09970501474926254 0.06430678466076696
1 0.8935103244837758 0.4589970501474926 0.04424778761061947 0.044837758112094395
0 0.22359882005899706 0.552212389380531 0.040117994100294985 0.049557522123893805
0 0.33952802359882006 0.5716814159292035 0.1056047197640118 0.10147492625368731
0 0.46342182890855455 0.5209439528023598 0.04424778761061947 0.04129793510324484
0 0.587905604719764 0.6011799410029498 0.11268436578171091 0.0743362831858407
0 0.6964601769911505 0.6162241887905605 0.07964601769911504 0.14926253687315633
0 0.8510324483775811 0.5970501474926253 0.03480825958702065 0.04247787610619469
1 0.8471976401179941 0.6672566371681415 0.03775811209439528 0.05309734513274336
0 0.7268436578171091 0.728023598820059 0.03185840707964602 0.04601769911504425
0 0.456047197640118 0.6666666666666666 0.06607669616519174 0.06371681415929203
0 0.31563421828908556 0.6761061946902654 0.04837758112094395 0.04601769911504425
0 0.22890855457227138 0.668141592920354 0.11209439528023599 0.09498525073746313
0 0.22241887905604718 0.7988200589970501 0.1592920353982301 0.06253687315634218
0 0.3471976401179941 0.7884955752212389 0.04424778761061947 0.07492625368731563
0 0.4374631268436578 0.8407079646017699 0.04896755162241888 0.10973451327433628
0 0.5722713864306784 0.7657817109144542 0.11445427728613569 0.1215339233038348
0 0.6185840707964602 0.8492625368731563 0.1303834808259587 0.10914454277286136
1 0.7442477876106195 0.8374631268436578 0.032448377581120944 0.023008849557522124
0 0.8867256637168142 0.835693215339233 0.04601769911504425 0.11150442477876106
