1 0.11091445427728613 0.10383480825958702 0.04129793510324484 0.021238938053097345
1 0.25132743362831855 0.10412979351032448 0.03303834808259587 0.02536873156342183
1 0.39557522123893807 0.10884955752212389 0.038348082595870206 0.02182890855457227
1 0.5427728613569321 0.10825958702064897 0.03893805309734513 0.027728613569321534
1 0.7085545722713864 0.11710914454277285 0.03657817109144543 0.024188790560471976
1 0.8578171091445428 0.12418879056047197 0.03185840707964602 0.024188790560471976
1 0.8592920353982301 0.23569321533923304 0.03952802359882006 0.024188790560471976
1 0.7005899705014749 0.22861356932153393 0.03952802359882006 0.023008849557522124
1 0.5404129793510324 0.231858407079646 0.035398230088495575 0.02359882005899705
1 0.3926253687315634 0.22831858407079647 0.03126843657817109 0.01887905604719764
1 0.2424778761061947 0.22890855457227138 0.030678466076696165 0.020058997050147492
1 0.1215339233038348 0.22772861356932153 0.03185840707964602 0.022418879056047197
1 0.1224188790560472 0.36902654867256635 0.03126843657817109 0.02536873156342183
1 0.23392330383480825 0.36283185840707965 0.03952802359882006 0.021238938053097345
1 0.37138643067846605 0.3696165191740413 0.03716814159292035 0.023008849557522124
1 0.5436578171091445 0.371976401179941 0.03480825958702065 0.023008849557522124
1 0.6899705014749262 0.363716814159292 0.04070796460176991 0.02182890855457227
1 0.8663716814159292 0.37610619469026546 0.04188790560471976 0.01710914454277286
1 0.8542772861356932 0.4935103244837758 0.03657817109144543 0.02064896755162242
1 0.6949852507374631 0.4958702064896755 0.03893805309734513 0.01710914454277286
1 0.5474926253687316 0.49970501474926254 0.03421828908554572 0.022418879056047197
1 0.3710914454277286 0.5064896755162241 0.035398230088495575 0.018289085545722714
1 0.2359882005899705 0.5247787610619469 0.035398230088495575 0.02182890855457227
1 0.12064896755162241 0.5265486725663717 0.02536873156342183 0.02654867256637168
1 0.11209439528023599 0.659882005899705 0.035398230088495575 0.02536873156342183
1 0.23215339233038348 0.668141592920354 0.032448377581120944 0.02182890855457227
1 0.3654867256637168 0.664306784660767 0.038348082595870206 0.024778761061946902
1 0.5292035398230088 0.6604719764011799 0.035398230088495575 0.02182890855457227
1 0.6905604719764011 0.6607669616519174 0.03952802359882006 0.024778761061946902
1 0.8539823008849557 0.6616519174041298 0.04188790560471976 0.019469026548672566
1 0.12094395280235988 0.8115044247787611 0.03185840707964602 0.02182890855457227
1 0.23539823008849559 0.8082595870206489 0.030678466076696165 0.021238938053097345
1 0.36843657817109143 0.8144542772861357 0.043067846607669616 0.01710914454277286
1 0.5120943952802359 0.8129793510324483 0.044837758112094395 0.027138643067846607
1 0.6917404129793511 0.8050147492625369 0.033628318584070796 0.02182890855457227
1 0.8486725663716814 0.8109144542772861 0.03716814159292035 0.019469026548672566
