1 0.15132743362831858 0.1887905604719764 0.033628318584070796 0.020058997050147492
1 0.3094395280235988 0.1952802359882006 0.038348082595870206 0.021238938053097345
1 0.487905604719764 0.18672566371681415 0.035398230088495575 0.02182890855457227
1 0.6286135693215339 0.1855457227138643 0.038348082595870206 0.02064896755162242
1 0.7640117994100295 0.18997050147492625 0.03775811209439528 0.017699115044247787
1 0.8766961651917404 0.1887905604719764 0.030678466076696165 0.020058997050147492
1 0.1457227138643068 0.33893805309734515 0.03893805309734513 0.02064896755162242
1 0.31032448377581123 0.33775811209439527 0.03775811209439528 0.02064896755162242
1 0.4687315634218289 0.33775811209439527 0.03126843657817109 0.019469026548672566
1 0.6342182890855457 0.33657817109144544 0.03657817109144543 0.023008849557522124
1 0.7678466076696165 0.33244837758112095 0.03126843657817109 0.01710914454277286
1 0.8864306784660767 0.3407079646017699 0.03126843657817109 0.024188790560471976
1 0.14513274336283186 0.5079646017699115 0.03657817109144543 0.020058997050147492
1 0.30265486725663715 0.5047197640117994 0.035398230088495575 0.019469026548672566
1 0.4528023598820059 0.49911504424778763 0.033628318584070796 0.024778761061946902
1 0.6303834808259587 0.4952802359882006 0.03952802359882006 0.02182890855457227
1 0.7657817109144542 0.47522123893805307 0.03421828908554572 0.023008849557522124
1 0.8790560471976401 0.47581120943952804 0.029498525073746312 0.028908554572271386
1 0.13657817109144543 0.6221238938053097 0.033628318584070796 0.019469026548672566
1 0.31032448377581123 0.636283185840708 0.03893805309734513 0.018289085545722714
1 0.45634218289085543 0.6286135693215339 0.04070796460176991 0.019469026548672566
1 0.628023598820059 0.6294985250737463 0.03716814159292035 0.021238938053097345
1 0.7654867256637168 0.6383480825958702 0.033628318584070796 0.021238938053097345
1 0.8772861356932153 0.6330383480825958 0.03303834808259587 0.024778761061946902
1 0.1407079646017699 0.7648967551622419 0.033628318584070796 0.02182890855457227
1 0.296165191740413 0.7705014749262536 0.040117994100294985 0.020058997050147492
1 0.4592920353982301 0.7707964601769911 0.03716814159292035 0.02064896755162242
1 0.6070796460176991 0.7710914454277286 0.03303834808259587 0.021238938053097345
1 0.755457227138643 0.7702064896755162 0.03716814159292035 0.018289085545722714
1 0.8778761061946903 0.771976401179941 0.03421828908554572 0.02064896755162242
1 0.8905604719764012 0.8964601769911504 0.03952802359882006 0.02064896755162242
1 0.7454277286135693 0.8955752212389381 0.038348082595870206 0.021238938053097345
1 0.1433628318584071 0.8766961651917404 0.03893805309734513 0.020058997050147492
1 0.28997050147492626 0.8837758112094395 0.03480825958702065 0.02359882005899705
1 0.4589970501474926 0.8935103244837758 0.03303834808259587 0.02064896755162242
1 0.6029498525073747 0.8923303834808259 0.03775811209439528 0.023008849557522124
