1 0.11238938053097344 0.10353982300884956 0.03480825958702065 0.018289085545722714
1 0.2542772861356932 0.10442477876106195 0.03775811209439528 0.01887905604719764
1 0.396165191740413 0.10914454277286136 0.03716814159292035 0.022418879056047197
1 0.5401179941002949 0.10884955752212389 0.04070796460176991 0.019469026548672566
1 0.7088495575221239 0.11769911504424779 0.03716814159292035 0.02536873156342183
1 0.8592920353982301 0.12418879056047197 0.0359882005899705 0.02064896755162242
1 0.8589970501474926 0.2336283185840708 0.03775811209439528 0.022418879056047197
1 0.7023598820058997 0.228023598820059 0.04424778761061947 0.01710914454277286
1 0.54070796460177 0.22890855457227138 0.03716814159292035 0.020058997050147492
1 0.39557522123893807 0.228023598820059 0.0359882005899705 0.01710914454277286
1 0.24454277286135692 0.23008849557522124 0.028908554572271386 0.017699115044247787
1 0.12182890855457226 0.22890855457227138 0.032448377581120944 0.020058997050147492
1 0.12182890855457226 0.3672566371681416 0.032448377581120944 0.018289085545722714
1 0.23303834808259588 0.36106194690265486 0.03657817109144543 0.017699115044247787
1 0.36991150442477877 0.3687315634218289 0.035398230088495575 0.021238938053097345
1 0.5442477876106194 0.37138643067846605 0.03480825958702065 0.02182890855457227
1 0.6908554572271386 0.36519174041297936 0.03185840707964602 0.022418879056047197
1 0.8646017699115044 0.37669616519174043 0.033628318584070796 0.02182890855457227
1 0.855457227138643 0.49380530973451325 0.03421828908554572 0.021238938053097345
1 0.696165191740413 0.4935103244837758 0.03775811209439528 0.02064896755162242
1 0.5466076696165192 0.49970501474926254 0.033628318584070796 0.02359882005899705
1 0.3702064896755162 0.5067846607669616 0.03480825958702065 0.02359882005899705
1 0.2351032448377581 0.5253687315634218 0.03126843657817109 0.018289085545722714
1 0.11976401179941003 0.5265486725663717 0.02831858407079646 0.027728613569321534
1 0.11445427728613569 0.6592920353982301 0.03185840707964602 0.024188790560471976
1 0.23244837758112094 0.667551622418879 0.035398230088495575 0.019469026548672566
1 0.36666666666666664 0.6646017699115044 0.03480825958702065 0.023008849557522124
1 0.5300884955752212 0.6622418879056047 0.032448377581120944 0.024188790560471976
1 0.6893805309734513 0.6589970501474927 0.03952802359882006 0.01887905604719764
1 0.8533923303834808 0.6622418879056047 0.0359882005899705 0.01710914454277286
1 0.1224188790560472 0.8112094395280236 0.028908554572271386 0.01887905604719764
1 0.2377581120943953 0.8109144542772861 0.035398230088495575 0.02182890855457227
1 0.3734513274336283 0.8141592920353982 0.03657817109144543 0.01887905604719764
1 0.5132743362831859 0.8141592920353982 0.03893805309734513 0.025958702064896755
1 0.6914454277286135 0.8056047197640118 0.030678466076696165 0.019469026548672566
1 0.8513274336283185 0.8123893805309734 0.03421828908554572 0.017699115044247787
