1 0.057227138643067846 0.14601769911504425 0.027138643067846607 0.019469026548672566
1 0.18112094395280237 0.18112094395280237 0.027138643067846607 0.027138643067846607
0 0.36519174041297936 0.1607669616519174 0.02359882005899705 0.038348082595870206
0 0.5209439528023598 0.1430678466076696 0.035398230088495575 0.028908554572271386
1 0.6964601769911505 0.11887905604719765 0.027728613569321534 0.02654867256637168
1 0.8584070796460177 0.09233038348082595 0.03303834808259587 0.02654867256637168
1 0.06519174041297934 0.30855457227138644 0.028908554572271386 0.02359882005899705
1 0.22595870206489677 0.3206489675516224 0.027138643067846607 0.028908554572271386
0 0.37374631268436576 0.34277286135693213 0.03126843657817109 0.03185840707964602
0 0.5460176991150443 0.2837758112094395 0.04070796460176991 0.025958702064896755
0 0.6705014749262537 0.3008849557522124 0.028908554572271386 0.03421828908554572
1 0.8716814159292036 0.29970501474926253 0.032448377581120944 0.035398230088495575
1 0.06047197640117994 0.45781710914454277 0.02182890855457227 0.022418879056047197
1 0.2377581120943953 0.44041297935103246 0.02831858407079646 0.033628318584070796
1 0.3693215339233038 0.4625368731563422 0.02359882005899705 0.03421828908554572
1 0.5483775811209439 0.4424778761061947 0.03008849557522124 0.020058997050147492
1 0.7112094395280236 0.4374631268436578 0.033628318584070796 0.02064896755162242
0 0.8625368731563422 0.463716814159292 0.02831858407079646 0.03421828908554572
0 0.06135693215339233 0.587315634218289 0.030678466076696165 0.032448377581120944
1 0.24867256637168142 0.587905604719764 0.02654867256637168 0.02064896755162242
1 0.3902654867256637 0.5811209439528023 0.03952802359882006 0.017699115044247787
1 0.5495575221238937 0.5793510324483776 0.032448377581120944 0.021238938053097345
0 0.7091445427728613 0.5964601769911504 0.03421828908554572 0.03775811209439528
0 0.8572271386430679 0.5587020648967551 0.029498525073746312 0.040117994100294985
0 0.07227138643067846 0.7032448377581121 0.0359882005899705 0.03185840707964602
0 0.25899705014749264 0.6920353982300885 0.03303834808259587 0.030678466076696165
0 0.39705014749262535 0.7407079646017699 0.03303834808259587 0.032448377581120944
1 0.5530973451327433 0.6849557522123894 0.03008849557522124 0.03893805309734513
1 0.7067846607669617 0.7005899705014749 0.03303834808259587 0.018289085545722714
1 0.8634218289085546 0.7041297935103245 0.02654867256637168 0.032448377581120944
1 0.07227138643067846 0.843952802359882 0.027728613569321534 0.01592920353982301
0 0.24896755162241888 0.8292035398230089 0.035398230088495575 0.032448377581120944
0 0.4117994100294985 0.8209439528023599 0.024778761061946902 0.03716814159292035
0 0.5430678466076696 0.8663716814159292 0.038348082595870206 0.03716814159292035
0 0.6949852507374631 0.8607669616519174 0.030678466076696165 0.03893805309734513
0 0.8884955752212389 0.8761061946902655 0.03893805309734513 0.03775811209439528
