0 0.12064896755162241 0.06135693215339233 0.05486725663716814 0.09557522123893805
0 0.26135693215339234 0.05457227138643068 0.05309734513274336 0.06312684365781711
0 0.4020648967551622 0.07551622418879056 0.04188790560471976 0.06725663716814159
0 0.5345132743362832 0.12182890855457226 0.03421828908554572 0.033628318584070796
0 0.675811209439528 0.06047197640117994 0.11386430678466077 0.04424778761061947
0 0.8533923303834808 0.08702064896755163 0.03952802359882006 0.02536873156342183
0 0.24749262536873157 0.1808259587020649 0.04542772861356932 0.0584070796460177
0 0.12064896755162241 0.2383480825958702 0.05958702064896755 0.07315634218289085
0 0.3769911504424779 0.1823008849557522 0.12625368731563422 0.054277286135693215
0 0.5309734513274336 0.2563421828908555 0.04837758112094395 0.05604719764011799
0 0.707669616519174 0.2271386430678466 0.04660766961651917 0.05191740412979351
0 0.8519174041297934 0.22920353982300884 0.0471976401179941 0.04424778761061947
0 0.12654867256637167 0.31327433628318585 0.03716814159292035 0.07905604719764012
0 0.22979351032448378 0.31386430678466076 0.052507374631268436 0.13097345132743363
0 0.3648967551622419 0.35634218289085545 0.04896755162241888 0.09321533923303835
0 0.5451327433628319 0.3256637168141593 0.0696165191740413 0.05781710914454277
0 0.687905604719764 0.37492625368731564 0.049557522123893805 0.05486725663716814
1 0.8663716814159292 0.38259587020648966 0.04070796460176991 0.05132743362831858
0 0.13421828908554573 0.536283185840708 0.06312684365781711 0.06607669616519174
0 0.22566371681415928 0.5513274336283186 0.0584070796460177 0.09852507374631268
0 0.3584070796460177 0.46607669616519176 0.05368731563421829 0.05309734513274336
0 0.528023598820059 0.4696165191740413 0.05781710914454277 0.0696165191740413
0 0.6958702064896755 0.5168141592920354 0.04070796460176991 0.08377581120943953
0 0.8510324483775811 0.5147492625368731 0.0359882005899705 0.0855457227138643
0 0.8489675516224189 0.6327433628318584 0.03775811209439528 0.04896755162241888
0 0.6834808259587021 0.6230088495575221 0.04188790560471976 0.05545722713864307
0 0.5141592920353982 0.603834808259587 0.043067846607669616 0.05368731563421829
0 0.12359882005899706 0.6793510324483776 0.04070796460176991 0.15988200589970503
0 0.21091445427728614 0.6914454277286135 0.057227138643067846 0.10265486725663717
0 0.3696165191740413 0.6778761061946903 0.052507374631268436 0.08967551622418879
0 0.1398230088495575 0.8047197640117993 0.09085545722713864 0.03893805309734513
0 0.22566371681415928 0.8271386430678466 0.028908554572271386 0.10265486725663717
0 0.36578171091445427 0.7808259587020648 0.03303834808259587 0.0831858407079646
0 0.504424778761062 0.771386430678466 0.06371681415929203 0.061946902654867256
0 0.7029498525073746 0.8392330383480826 0.08436578171091445 0.06902654867256637
0 0.8433628318584071 0.8294985250737463 0.05368731563421829 0.06725663716814159
