0 0.1407079646017699 0.14837758112094396 0.10088495575221239 0.10914454277286136
0 0.3129793510324484 0.13126843657817108 0.1303834808259587 0.1457227138643068
0 0.512684365781711 0.1135693215339233 0.08141592920353982 0.15516224188790562
0 0.6663716814159292 0.12536873156342182 0.08436578171091445 0.21415929203539824
0 0.8766961651917404 0.08702064896755163 0.1592920353982301 0.09852507374631268
0 0.14896755162241887 0.3165191740412979 0.09144542772861357 0.05132743362831858
0 0.3023598820058997 0.28112094395280235 0.03716814159292035 0.043067846607669616
0 0.5238938053097345 0.2825958702064897 0.16283185840707964 0.04837758112094395
0 0.61976401179941 0.24867256637168142 0.06666666666666667 0.09970501474926254
0 0.7873156342182891 0.2510324483775811 0.20235988200589972 0.08436578171091445
1 0.15516224188790562 0.4008849557522124 0.02359882005899705 0.038348082595870206
0 0.32654867256637166 0.4182890855457227 0.1929203539823009 0.08967551622418879
0 0.4112094395280236 0.4654867256637168 0.05545722713864307 0.1215339233038348
0 0.4737463126843658 0.41710914454277287 0.05663716814159292 0.040117994100294985
0 0.6044247787610619 0.396165191740413 0.09026548672566372 0.1952802359882006
0 0.7678466076696165 0.40766961651917405 0.07492625368731563 0.0471976401179941
0 0.11386430678466077 0.5041297935103245 0.12035398230088495 0.08436578171091445
0 0.24513274336283186 0.5572271386430678 0.027728613569321534 0.03480825958702065
0 0.4206489675516224 0.5445427728613569 0.0943952802359882 0.13805309734513274
1 0.5150442477876106 0.5179941002949853 0.04837758112094395 0.024778761061946902
0 0.6722713864306784 0.5634218289085545 0.038348082595870206 0.025958702064896755
0 0.7734513274336283 0.5533923303834808 0.08967551622418879 0.04365781710914454
0 0.10678466076696165 0.6536873156342182 0.10265486725663717 0.17345132743362832
1 0.24867256637168142 0.6781710914454278 0.03480825958702065 0.028908554572271386
0 0.384070796460177 0.6533923303834808 0.04247787610619469 0.11740412979351032
0 0.5026548672566371 0.6377581120943953 0.1958702064896755 0.05781710914454277
0 0.6309734513274337 0.6890855457227139 0.10678466076696165 0.17345132743362832
0 0.7436578171091446 0.6890855457227139 0.043067846607669616 0.05309734513274336
0 0.7460176991150442 0.7430678466076696 0.05368731563421829 0.16460176991150444
0 0.09793510324483776 0.7820058997050148 0.10029498525073746 0.1799410029498525
0 0.20412979351032448 0.7979351032448377 0.08495575221238938 0.14690265486725662
1 0.33008849557522124 0.8073746312684366 0.028908554572271386 0.02536873156342183
0 0.46194690265486726 0.8097345132743363 0.03303834808259587 0.07846607669616519
0 0.5725663716814159 0.8002949852507375 0.10206489675516224 0.12094395280235988
