0 0.3421828908554572 0.17551622418879056 0.07787610619469026 0.15162241887905603
0 0.40058997050147493 0.20088495575221238 0.15339233038348082 0.11032448377581121
0 0.5386430678466076 0.1929203539823009 0.03185840707964602 0.0743362831858407
1 0.6734513274336283 0.19380530973451326 0.02536873156342183 0.024188790560471976
0 0.7410029498525074 0.21002949852507374 0.07905604719764012 0.12035398230088495
0 0.8660766961651918 0.17876106194690267 0.11327433628318584 0.143952802359882
0 0.4070796460176991 0.3640117994100295 0.17463126843657817 0.0696165191740413
0 0.46814159292035395 0.40914454277286133 0.1410029498525074 0.10324483775811209
0 0.6129793510324484 0.335693215339233 0.05073746312684366 0.12507374631268436
0 0.7123893805309734 0.431858407079646 0.09380530973451327 0.18761061946902655
0 0.7371681415929203 0.30678466076696165 0.07728613569321534 0.09793510324483776
0 0.8259587020648967 0.4109144542772861 0.07669616519174041 0.11268436578171091
0 0.8820058997050148 0.34601769911504426 0.10501474926253687 0.19174041297935102
1 0.9230088495575222 0.5056047197640118 0.028908554572271386 0.021238938053097345
0 0.3321533923303835 0.48289085545722715 0.035398230088495575 0.06312684365781711
0 0.5088495575221239 0.5244837758112094 0.1374631268436578 0.1191740412979351
0 0.5227138643067847 0.5660766961651917 0.05073746312684366 0.02536873156342183
0 0.5746312684365782 0.5445427728613569 0.07669616519174041 0.10619469026548672
0 0.5849557522123894 0.5536873156342182 0.1079646017699115 0.1056047197640118
0 0.6905604719764011 0.6283185840707964 0.09144542772861357 0.19469026548672566
0 0.8460176991150442 0.6530973451327433 0.07669616519174041 0.06253687315634218
0 0.3949852507374631 0.6023598820058997 0.09144542772861357 0.19469026548672566
0 0.2622418879056047 0.6466076696165192 0.07610619469026549 0.04247787610619469
0 0.24601769911504423 0.7519174041297935 0.058997050147492625 0.10678466076696165
0 0.3471976401179941 0.7138643067846607 0.14454277286135692 0.12861356932153392
0 0.48112094395280236 0.7171091445427729 0.15752212389380532 0.043067846607669616
0 0.7377581120943952 0.7386430678466076 0.11976401179941003 0.05545722713864307
0 0.8191740412979351 0.7958702064896755 0.13392330383480827 0.071976401179941
0 0.6740412979351033 0.8280235988200589 0.08436578171091445 0.11386430678466077
0 0.32123893805309733 0.8168141592920354 0.12448377581120944 0.04542772861356932
0 0.4616519174041298 0.8371681415929203 0.15870206489675515 0.0743362831858407
0 0.2949852507374631 0.8929203539823009 0.11327433628318584 0.13628318584070798
0 0.25781710914454276 0.3292035398230089 0.10619469026548672 0.08377581120943953
0 0.2628318584070796 0.3938053097345133 0.06902654867256637 0.06784660766961652
