1 0.09882005899705015 0.12772861356932153 0.03126843657817109 0.02182890855457227
1 0.22861356932153393 0.14660766961651917 0.027728613569321534 0.02064896755162242
1 0.38436578171091446 0.1454277286135693 0.027728613569321534 0.02536873156342183
1 0.5380530973451327 0.14454277286135692 0.030678466076696165 0.022418879056047197
1 0.691150442477876 0.1471976401179941 0.02182890855457227 0.0359882005899705
1 0.8474926253687316 0.12064896755162241 0.03716814159292035 0.01710914454277286
1 0.09941002949852507 0.33480825958702065 0.027728613569321534 0.019469026548672566
1 0.21740412979351031 0.32949852507374633 0.033628318584070796 0.018289085545722714
1 0.37315634218289084 0.32418879056047195 0.032448377581120944 0.02064896755162242
1 0.5174041297935104 0.35221238938053095 0.03185840707964602 0.02359882005899705
1 0.6781710914454278 0.347787610619469 0.0359882005899705 0.019469026548672566
1 0.8418879056047197 0.36342182890855457 0.035398230088495575 0.021238938053097345
1 0.08879056047197639 0.4743362831858407 0.028908554572271386 0.020058997050147492
1 0.2368731563421829 0.46991150442477875 0.02654867256637168 0.019469026548672566
1 0.3823008849557522 0.5014749262536873 0.02831858407079646 0.017699115044247787
1 0.53952802359882 0.5218289085545723 0.03126843657817109 0.01592920353982301
1 0.6896755162241888 0.5117994100294985 0.02831858407079646 0.018289085545722714
1 0.8392330383480826 0.5162241887905604 0.033628318584070796 0.021238938053097345
1 0.09793510324483776 0.615339233038348 0.03303834808259587 0.01887905604719764
1 0.24129793510324482 0.6238938053097345 0.024778761061946902 0.01710914454277286
1 0.3864306784660767 0.6374631268436578 0.04129793510324484 0.019469026548672566
1 0.5286135693215339 0.6250737463126843 0.035398230088495575 0.018289085545722714
1 0.6864306784660766 0.6286135693215339 0.03126843657817109 0.02182890855457227
1 0.8463126843657817 0.6330383480825958 0.033628318584070796 0.021238938053097345
1 0.10235988200589971 0.7631268436578171 0.027728613569321534 0.019469026548672566
1 0.24690265486725663 0.7660766961651917 0.02536873156342183 0.01592920353982301
1 0.39764011799410026 0.7654867256637168 0.03893805309734513 0.019469026548672566
1 0.5498525073746312 0.7731563421828909 0.03185840707964602 0.019469026548672566
1 0.7067846607669617 0.7752212389380531 0.03775811209439528 0.024778761061946902
1 0.8501474926253687 0.7808259587020648 0.027138643067846607 0.03126843657817109
1 0.10589970501474927 0.9020648967551622 0.028908554572271386 0.016519174041297935
1 0.2669616519174041 0.9014749262536873 0.02536873156342183 0.020058997050147492
1 0.4088495575221239 0.9109144542772861 0.024778761061946902 0.02359882005899705
1 0.563716814159292 0.9129793510324483 0.028908554572271386 0.024188790560471976
1 0.7094395280235988 0.9171091445427728 0.03008849557522124 0.028908554572271386
1 0.8651917404129793 0.9073746312684365 0.03126843657817109 0.020058997050147492
