0 0.2752212389380531 0.25486725663716814 0.07256637168141593 0.1663716814159292
0 0.2587020648967552 0.30206489675516224 0.043067846607669616 0.03421828908554572
0 0.36843657817109143 0.31474926253687313 0.09498525073746313 0.16696165191740414
0 0.42861356932153394 0.20678466076696164 0.09734513274336283 0.12684365781710916
0 0.5377581120943953 0.1911504424778761 0.03126843657817109 0.07551622418879056
1 0.6725663716814159 0.19410029498525072 0.029498525073746312 0.030678466076696165
0 0.792330383480826 0.17787610619469027 0.06843657817109144 0.1327433628318584
0 0.8949852507374632 0.2191740412979351 0.0920353982300885 0.1846607669616519
0 0.4896755162241888 0.3616519174041298 0.17345132743362832 0.05663716814159292
0 0.6176991150442478 0.3374631268436578 0.04837758112094395 0.12625368731563422
1 0.751622418879056 0.3215339233038348 0.030678466076696165 0.030678466076696165
0 0.9002949852507375 0.3454277286135693 0.10147492625368731 0.1799410029498525
0 0.2327433628318584 0.4492625368731563 0.09498525073746313 0.04070796460176991
1 0.3262536873156342 0.4415929203539823 0.03775811209439528 0.019469026548672566
0 0.4864306784660767 0.4823008849557522 0.04660766961651917 0.02654867256637168
0 0.5793510324483776 0.45722713864306785 0.08259587020648967 0.13215339233038348
0 0.7463126843657817 0.44011799410029495 0.035398230088495575 0.03303834808259587
0 0.8790560471976401 0.49380530973451325 0.11327433628318584 0.08023598820058997
0 0.23215339233038348 0.5846607669616519 0.07846607669616519 0.049557522123893805
0 0.39646017699115044 0.6058997050147492 0.09085545722713864 0.19469026548672566
0 0.5256637168141592 0.5817109144542773 0.054277286135693215 0.03421828908554572
0 0.5882005899705015 0.5300884955752212 0.054277286135693215 0.12920353982300886
0 0.6699115044247788 0.5849557522123894 0.1905604719764012 0.0855457227138643
1 0.8427728613569322 0.5997050147492625 0.019469026548672566 0.038348082595870206
0 0.8507374631268436 0.684070796460177 0.08849557522123894 0.04424778761061947
0 0.6902654867256637 0.7176991150442478 0.040117994100294985 0.043067846607669616
0 0.47227138643067845 0.7144542772861356 0.15870206489675515 0.03775811209439528
0 0.2294985250737463 0.783480825958702 0.1687315634218289 0.15221238938053097
0 0.3392330383480826 0.8589970501474926 0.05781710914454277 0.18525073746312684
0 0.3811209439528024 0.7519174041297935 0.05545722713864307 0.09262536873156342
0 0.4896755162241888 0.8811209439528024 0.08377581120943953 0.1398230088495575
0 0.13126843657817108 0.9215339233038348 0.13864306784660768 0.10501474926253687
0 0.6967551622418879 0.8882005899705014 0.12625368731563422 0.09262536873156342
0 0.8622418879056047 0.8557522123893805 0.10088495575221239 0.1079646017699115
