0 0.12064896755162241 0.06047197640117994 0.05486725663716814 0.09970501474926254
0 0.25162241887905606 0.050442477876106194 0.07138643067846608 0.04424778761061947
0 0.40412979351032446 0.05781710914454277 0.054277286135693215 0.06253687315634218
0 0.5342182890855457 0.11887905604719765 0.02536873156342183 0.028908554572271386
0 0.6752212389380531 0.06430678466076696 0.10914454277286136 0.04129793510324484
0 0.8513274336283185 0.10265486725663717 0.035398230088495575 0.035398230088495575
0 0.1200589970501475 0.23539823008849559 0.06666666666666667 0.0696165191740413
0 0.2471976401179941 0.1846607669616519 0.05545722713864307 0.04837758112094395
0 0.3448377581120944 0.17079646017699116 0.11386430678466077 0.0607669616519174
0 0.5274336283185841 0.2628318584070796 0.07787610619469026 0.05014749262536873
0 0.6973451327433628 0.22212389380530972 0.05781710914454277 0.043067846607669616
0 0.8595870206489675 0.2168141592920354 0.05545722713864307 0.052507374631268436
0 0.12330383480825959 0.3206489675516224 0.049557522123893805 0.05486725663716814
0 0.20914454277286135 0.30619469026548674 0.057227138643067846 0.1191740412979351
0 0.3648967551622419 0.3702064896755162 0.05604719764011799 0.1056047197640118
0 0.5469026548672566 0.3339233038348083 0.0696165191740413 0.044837758112094395
0 0.6882005899705015 0.368141592920354 0.04896755162241888 0.05191740412979351
1 0.8654867256637168 0.3805309734513274 0.04837758112094395 0.05309734513274336
0 0.12861356932153392 0.5312684365781711 0.07905604719764012 0.0831858407079646
0 0.2168141592920354 0.551622418879056 0.07138643067846608 0.10737463126843658
0 0.3595870206489675 0.4654867256637168 0.05132743362831858 0.04837758112094395
0 0.5309734513274336 0.4687315634218289 0.05545722713864307 0.06548672566371681
0 0.6926253687315634 0.5171091445427729 0.03185840707964602 0.09144542772861357
0 0.8460176991150442 0.5179941002949853 0.03657817109144543 0.0696165191740413
0 0.10825958702064897 0.6522123893805309 0.052507374631268436 0.1480825958702065
0 0.22743362831858407 0.6852507374631268 0.04424778761061947 0.10442477876106195
0 0.3631268436578171 0.6964601769911505 0.06430678466076696 0.05958702064896755
0 0.49085545722713864 0.6020648967551623 0.049557522123893805 0.05132743362831858
0 0.6814159292035398 0.6238938053097345 0.05191740412979351 0.05368731563421829
0 0.8501474926253687 0.6321533923303835 0.035398230088495575 0.057227138643067846
0 0.13628318584070798 0.8026548672566372 0.07551622418879056 0.04660766961651917
0 0.20766961651917404 0.8321533923303834 0.06371681415929203 0.09498525073746313
0 0.3705014749262537 0.783480825958702 0.03657817109144543 0.08141592920353982
0 0.5067846607669616 0.7749262536873156 0.06253687315634218 0.05486725663716814
0 0.7041297935103245 0.8404129793510324 0.07964601769911504 0.06312684365781711
0 0.8469026548672566 0.8168141592920354 0.05604719764011799 0.05604719764011799
