0 0.22861356932153393 0.2168141592920354 0.17286135693215338 0.06902654867256637
0 0.34365781710914456 0.21415929203539824 0.05014749262536873 0.07551622418879056
0 0.45634218289085543 0.16519174041297935 0.0808259587020649 0.13333333333333333
0 0.6123893805309735 0.14749262536873156 0.1215339233038348 0.12625368731563422
0 0.5684365781710914 0.2336283185840708 0.11976401179941003 0.11799410029498525
1 0.7230088495575221 0.2271386430678466 0.03480825958702065 0.04247787610619469
0 0.7262536873156342 0.271976401179941 0.030678466076696165 0.04129793510324484
0 0.8882005899705014 0.17787610619469027 0.04542772861356932 0.09144542772861357
1 0.8303834808259587 0.3088495575221239 0.043067846607669616 0.04424778761061947
0 0.2271386430678466 0.32949852507374633 0.1191740412979351 0.09970501474926254
0 0.3141592920353982 0.3230088495575221 0.05368731563421829 0.052507374631268436
0 0.45634218289085543 0.32949852507374633 0.07610619469026549 0.06312684365781711
0 0.5781710914454277 0.3985250737463127 0.1215339233038348 0.07138643067846608
0 0.6678466076696166 0.38761061946902653 0.08023598820058997 0.1486725663716814
0 0.851622418879056 0.4002949852507375 0.03480825958702065 0.052507374631268436
0 0.22005899705014748 0.44601769911504424 0.03303834808259587 0.044837758112094395
0 0.33893805309734515 0.43716814159292033 0.1056047197640118 0.12625368731563422
0 0.4648967551622419 0.479646017699115 0.05073746312684366 0.04247787610619469
0 0.22182890855457227 0.5740412979351033 0.03775811209439528 0.03657817109144543
0 0.32595870206489674 0.5404129793510324 0.10914454277286136 0.058997050147492625
1 0.49498525073746313 0.603834808259587 0.05309734513274336 0.043067846607669616
0 0.6191740412979351 0.5492625368731563 0.06784660766961652 0.143952802359882
0 0.7333333333333333 0.5905604719764012 0.10147492625368731 0.0696165191740413
0 0.8941002949852507 0.5383480825958702 0.04542772861356932 0.03952802359882006
0 0.22271386430678466 0.7684365781710915 0.12094395280235988 0.06784660766961652
0 0.3454277286135693 0.7430678466076696 0.09380530973451327 0.06784660766961652
1 0.49734513274336284 0.7221238938053097 0.0471976401179941 0.03893805309734513
0 0.6628318584070796 0.7333333333333333 0.07138643067846608 0.035398230088495575
1 0.7666666666666666 0.7297935103244838 0.047787610619469026 0.035398230088495575
0 0.8802359882005899 0.7262536873156342 0.040117994100294985 0.07551622418879056
0 0.2368731563421829 0.8277286135693215 0.05958702064896755 0.08023598820058997
0 0.3687315634218289 0.859882005899705 0.10501474926253687 0.06784660766961652
0 0.5206489675516224 0.8634218289085546 0.1303834808259587 0.08200589970501475
0 0.6492625368731564 0.8929203539823009 0.03952802359882006 0.047787610619469026
0 0.7970501474926254 0.840117994100295 0.07315634218289085 0.10619469026548672
0 0.8979351032448377 0.8837758112094395 0.03657817109144543 0.03421828908554572
