0 0.18377581120943953 0.20471976401179942 0.1327433628318584 0.07079646017699115
0 0.3274336283185841 0.17315634218289086 0.08967551622418879 0.11150442477876106
0 0.5300884955752212 0.15693215339233038 0.1398230088495575 0.06017699115044248
0 0.6646017699115044 0.17817109144542773 0.1528023598820059 0.06017699115044248
0 0.7056047197640118 0.10707964601769912 0.11445427728613569 0.1351032448377581
0 0.7492625368731564 0.24896755162241888 0.0696165191740413 0.11091445427728613
0 0.6575221238938053 0.28348082595870205 0.1480825958702065 0.1327433628318584
0 0.7386430678466076 0.3513274336283186 0.07905604719764012 0.043067846607669616
0 0.5212389380530973 0.2820058997050148 0.16460176991150444 0.05073746312684366
0 0.6076696165191741 0.391740412979351 0.09793510324483776 0.19941002949852507
0 0.15663716814159293 0.3486725663716814 0.07256637168141593 0.06135693215339233
0 0.30678466076696165 0.37168141592920356 0.09085545722713864 0.19469026548672566
0 0.4174041297935103 0.44011799410029495 0.11386430678466077 0.09085545722713864
0 0.4253687315634218 0.4545722713864307 0.07787610619469026 0.1056047197640118
0 0.49321533923303834 0.4775811209439528 0.14513274336283186 0.12094395280235988
0 0.47787610619469023 0.43539823008849554 0.05073746312684366 0.022418879056047197
1 0.07551622418879056 0.4935103244837758 0.03657817109144543 0.023008849557522124
1 0.3271386430678466 0.8053097345132744 0.02654867256637168 0.025958702064896755
0 0.6640117994100295 0.5200589970501475 0.03126843657817109 0.06312684365781711
0 0.17581120943952802 0.5899705014749262 0.07669616519174041 0.11327433628318584
0 0.2884955752212389 0.5696165191740413 0.0967551622418879 0.18584070796460178
0 0.11740412979351032 0.6587020648967552 0.10619469026548672 0.1929203539823009
0 0.26253687315634217 0.6967551622418879 0.08023598820058997 0.10147492625368731
0 0.3858407079646018 0.6663716814159292 0.05073746312684366 0.1303834808259587
0 0.5339233038348082 0.5899705014749262 0.1486725663716814 0.10265486725663717
0 0.5943952802359882 0.6336283185840708 0.17404129793510326 0.06725663716814159
0 0.7389380530973452 0.6064896755162241 0.07020648967551622 0.06253687315634218
0 0.7404129793510325 0.6522123893805309 0.0943952802359882 0.11622418879056047
0 0.13421828908554573 0.8218289085545722 0.11386430678466077 0.1463126843657817
0 0.2584070796460177 0.792330383480826 0.07787610619469026 0.12271386430678466
0 0.4625368731563422 0.8073746312684366 0.03185840707964602 0.07610619469026549
0 0.595575221238938 0.7991150442477876 0.1480825958702065 0.11032448377581121
0 0.6592920353982301 0.8268436578171091 0.08672566371681416 0.16224188790560473
0 0.2646017699115044 0.2575221238938053 0.12330383480825959 0.06548672566371681
