0 0.12772861356932153 0.07935103244837757 0.14454277286135692 0.11386430678466077
0 0.3368731563421829 0.13126843657817108 0.07079646017699115 0.20707964601769913
0 0.4896755162241888 0.11976401179941003 0.08141592920353982 0.13805309734513274
0 0.6929203539823009 0.10973451327433628 0.12802359882005898 0.10265486725663717
0 0.8584070796460177 0.14365781710914455 0.10855457227138643 0.11032448377581121
0 0.22536873156342183 0.21622418879056046 0.17699115044247787 0.15634218289085544
0 0.3811209439528024 0.24955752212389382 0.06017699115044248 0.09793510324483776
0 0.47522123893805307 0.2825958702064897 0.15634218289085544 0.04247787610619469
0 0.6908554572271386 0.2820058997050148 0.03303834808259587 0.040117994100294985
0 0.8495575221238938 0.31622418879056047 0.09557522123893805 0.04247787610619469
0 0.2342182890855457 0.41563421828908553 0.07905604719764012 0.04542772861356932
0 0.39705014749262535 0.39410029498525073 0.08849557522123894 0.19233038348082596
0 0.5233038348082596 0.41799410029498524 0.05545722713864307 0.027728613569321534
0 0.5882005899705015 0.4696165191740413 0.05191740412979351 0.12271386430678466
0 0.6696165191740413 0.4168141592920354 0.1911504424778761 0.09026548672566372
1 0.8415929203539823 0.4014749262536873 0.02182890855457227 0.03952802359882006
0 0.22920353982300884 0.552212389380531 0.09734513274336283 0.035398230088495575
1 0.3247787610619469 0.5610619469026549 0.04188790560471976 0.020058997050147492
0 0.4855457227138643 0.5174041297935104 0.044837758112094395 0.02831858407079646
0 0.5834808259587021 0.5442477876106194 0.09085545722713864 0.1327433628318584
0 0.7513274336283186 0.5607669616519174 0.027728613569321534 0.03480825958702065
0 0.8781710914454277 0.5073746312684366 0.11504424778761062 0.08849557522123894
0 0.25663716814159293 0.7 0.04365781710914454 0.03716814159292035
0 0.26666666666666666 0.7421828908554572 0.0696165191740413 0.1640117994100295
0 0.3678466076696165 0.6855457227138643 0.09498525073746313 0.16755162241887905
0 0.4970501474926254 0.6383480825958702 0.19174041297935102 0.049557522123893805
0 0.61976401179941 0.6622418879056047 0.04660766961651917 0.12920353982300886
0 0.4289085545722714 0.7870206489675516 0.09911504424778761 0.12507374631268436
0 0.5392330383480826 0.8123893805309734 0.03185840707964602 0.07315634218289085
1 0.671976401179941 0.8073746312684366 0.02359882005899705 0.02536873156342183
1 0.7507374631268436 0.6781710914454278 0.02654867256637168 0.028908554572271386
0 0.7908554572271387 0.824188790560472 0.06784660766961652 0.13333333333333333
0 0.9005899705014749 0.6536873156342182 0.11386430678466077 0.1710914454277286
0 0.8979351032448377 0.7802359882005899 0.09321533923303835 0.1823008849557522
