0 0.23864306784660766 0.17404129793510326 0.06312684365781711 0.07669616519174041
0 0.3613569321533923 0.1368731563421829 0.11032448377581121 0.06371681415929203
0 0.5179941002949853 0.1327433628318584 0.13097345132743363 0.08613569321533923
0 0.6480825958702064 0.1056047197640118 0.043067846607669616 0.035398230088495575
0 0.7935103244837758 0.15988200589970503 0.07079646017699115 0.10383480825958702
0 0.8952802359882006 0.11858407079646018 0.033628318584070796 0.03303834808259587
0 0.23097345132743363 0.2424778761061947 0.1079646017699115 0.05663716814159292
0 0.34424778761061947 0.25663716814159293 0.09380530973451327 0.06843657817109144
1 0.504424778761062 0.28407079646017697 0.040117994100294985 0.032448377581120944
0 0.6678466076696166 0.2616519174041298 0.07079646017699115 0.0359882005899705
1 0.7672566371681416 0.268141592920354 0.04896755162241888 0.027728613569321534
0 0.876401179941003 0.279646017699115 0.043067846607669616 0.07669616519174041
0 0.2182890855457227 0.42920353982300885 0.035398230088495575 0.043067846607669616
0 0.32536873156342183 0.459882005899705 0.1056047197640118 0.047787610619469026
0 0.4943952802359882 0.396165191740413 0.05191740412979351 0.04424778761061947
0 0.6265486725663717 0.45722713864306785 0.07905604719764012 0.15221238938053097
0 0.7297935103244838 0.412094395280236 0.0967551622418879 0.07256637168141593
0 0.8882005899705014 0.4654867256637168 0.047787610619469026 0.03421828908554572
0 0.22005899705014748 0.5548672566371682 0.03303834808259587 0.05014749262536873
0 0.33657817109144544 0.5533923303834808 0.1079646017699115 0.10737463126843658
0 0.4646017699115044 0.5194690265486726 0.047787610619469026 0.04070796460176991
0 0.6073746312684366 0.5982300884955752 0.057227138643067846 0.071976401179941
0 0.671976401179941 0.6179941002949852 0.0696165191740413 0.1433628318584071
0 0.8510324483775811 0.5870206489675516 0.033628318584070796 0.04129793510324484
1 0.8289085545722714 0.6952802359882005 0.04129793510324484 0.047787610619469026
0 0.7262536873156342 0.7244837758112095 0.03303834808259587 0.027138643067846607
1 0.7277286135693215 0.7710914454277286 0.03480825958702065 0.04247787610619469
0 0.8769911504424779 0.8026548672566372 0.07374631268436578 0.057227138643067846
0 0.22507374631268437 0.6731563421828909 0.12330383480825959 0.0967551622418879
0 0.3141592920353982 0.6775811209439528 0.052507374631268436 0.052507374631268436
0 0.45781710914454277 0.6672566371681415 0.07669616519174041 0.08377581120943953
0 0.564306784660767 0.7578171091445428 0.12330383480825959 0.12094395280235988
0 0.23480825958702065 0.7811209439528024 0.17817109144542773 0.06135693215339233
0 0.34513274336283184 0.7778761061946903 0.05309734513274336 0.07846607669616519
0 0.45545722713864306 0.8398230088495575 0.07787610619469026 0.1327433628318584
0 0.6079646017699115 0.8480825958702065 0.12094395280235988 0.13392330383480827
