0 0.11887905604719765 0.05870206489675516 0.052507374631268436 0.09970501474926254
0 0.24896755162241888 0.0528023598820059 0.0696165191740413 0.043067846607669616
0 0.4056047197640118 0.06017699115044248 0.05958702064896755 0.06017699115044248
0 0.5297935103244837 0.11887905604719765 0.03775811209439528 0.03480825958702065
0 0.6578171091445427 0.06047197640117994 0.06843657817109144 0.038348082595870206
0 0.8489675516224189 0.10294985250737462 0.03775811209439528 0.0359882005899705
0 0.1182890855457227 0.23480825958702065 0.07020648967551622 0.06371681415929203
0 0.24778761061946902 0.1864306784660767 0.05545722713864307 0.044837758112094395
0 0.34277286135693213 0.1710914454277286 0.11445427728613569 0.06607669616519174
0 0.5247787610619469 0.26371681415929205 0.08200589970501475 0.05191740412979351
0 0.6920353982300885 0.22389380530973452 0.0696165191740413 0.04542772861356932
0 0.8592920353982301 0.21858407079646017 0.0584070796460177 0.047787610619469026
0 0.1224188790560472 0.32182890855457225 0.04424778761061947 0.05604719764011799
0 0.20589970501474925 0.3 0.06017699115044248 0.12330383480825959
0 0.3648967551622419 0.3702064896755162 0.05604719764011799 0.1056047197640118
0 0.5463126843657817 0.33480825958702065 0.06843657817109144 0.043067846607669616
0 0.687905604719764 0.36607669616519173 0.05781710914454277 0.047787610619469026
1 0.8651917404129793 0.38259587020648966 0.04660766961651917 0.05958702064896755
1 0.36047197640117995 0.47050147492625366 0.05191740412979351 0.052507374631268436
0 0.13126843657817108 0.5300884955752212 0.07610619469026549 0.08436578171091445
0 0.21769911504424777 0.5510324483775811 0.06843657817109144 0.10501474926253687
0 0.5315634218289086 0.4690265486725664 0.05545722713864307 0.06843657817109144
0 0.6929203539823009 0.5150442477876106 0.03716814159292035 0.0920353982300885
0 0.8445427728613569 0.5135693215339233 0.038348082595870206 0.07492625368731563
0 0.10589970501474927 0.6525073746312684 0.04542772861356932 0.14985250737463127
0 0.22772861356932153 0.6843657817109144 0.0471976401179941 0.10147492625368731
0 0.363716814159292 0.6935103244837758 0.06784660766961652 0.0607669616519174
0 0.491740412979351 0.5997050147492625 0.05486725663716814 0.057227138643067846
0 0.679646017699115 0.6185840707964602 0.05545722713864307 0.05958702064896755
0 0.8510324483775811 0.6336283185840708 0.038348082595870206 0.058997050147492625
0 0.13392330383480827 0.8061946902654867 0.08613569321533923 0.04660766961651917
0 0.20619469026548673 0.8345132743362832 0.06784660766961652 0.09380530973451327
0 0.3710914454277286 0.7828908554572271 0.03303834808259587 0.08023598820058997
0 0.5047197640117994 0.7761061946902654 0.0584070796460177 0.052507374631268436
0 0.7044247787610619 0.8398230088495575 0.07905604719764012 0.07020648967551622
0 0.8436578171091446 0.8141592920353982 0.049557522123893805 0.05663716814159292
