0 0.10147492625368731 0.11740412979351032 0.03893805309734513 0.03185840707964602
0 0.20353982300884954 0.15368731563421828 0.0743362831858407 0.08436578171091445
0 0.34985250737463125 0.10855457227138643 0.03775811209439528 0.0471976401179941
0 0.4831858407079646 0.1359882005899705 0.12979351032448377 0.07610619469026549
0 0.6321533923303835 0.14188790560471976 0.07374631268436578 0.09498525073746313
0 0.7663716814159292 0.1696165191740413 0.06489675516224189 0.07492625368731563
0 0.10884955752212389 0.2734513274336283 0.0584070796460177 0.061946902654867256
1 0.2345132743362832 0.2663716814159292 0.05132743362831858 0.03480825958702065
0 0.3398230088495575 0.268141592920354 0.07315634218289085 0.03008849557522124
1 0.5011799410029498 0.2799410029498525 0.03126843657817109 0.0359882005899705
0 0.6640117994100295 0.25604719764011796 0.08436578171091445 0.06489675516224189
0 0.7873156342182891 0.2359882005899705 0.12802359882005898 0.04601769911504425
1 0.10648967551622418 0.4589970501474926 0.04070796460176991 0.04129793510324484
0 0.2654867256637168 0.4117994100294985 0.09793510324483776 0.06371681415929203
0 0.3817109144542773 0.45132743362831856 0.06253687315634218 0.13215339233038348
0 0.5064896755162241 0.39764011799410026 0.04424778761061947 0.04129793510324484
0 0.6672566371681415 0.4607669616519174 0.09911504424778761 0.05191740412979351
0 0.7761061946902654 0.4277286135693215 0.03716814159292035 0.03185840707964602
0 0.14926253687315633 0.5967551622418878 0.03303834808259587 0.0359882005899705
0 0.3053097345132743 0.6168141592920354 0.0808259587020649 0.1457227138643068
0 0.412094395280236 0.6041297935103245 0.11032448377581121 0.07315634218289085
0 0.536283185840708 0.5185840707964602 0.0471976401179941 0.03775811209439528
0 0.6533923303834808 0.5584070796460177 0.12684365781710916 0.07374631268436578
0 0.7769911504424779 0.5533923303834808 0.04129793510324484 0.05191740412979351
1 0.15457227138643068 0.6696165191740413 0.035398230088495575 0.04365781710914454
0 0.27404129793510323 0.7268436578171091 0.02654867256637168 0.040117994100294985
0 0.10973451327433628 0.8436578171091446 0.040117994100294985 0.1215339233038348
1 0.2545722713864307 0.8392330383480826 0.0359882005899705 0.02182890855457227
0 0.5430678466076696 0.6657817109144543 0.07138643067846608 0.06312684365781711
0 0.6873156342182891 0.6787610619469027 0.04837758112094395 0.05014749262536873
0 0.7707964601769911 0.6722713864306784 0.11622418879056047 0.10088495575221239
0 0.42920353982300885 0.7625368731563422 0.11268436578171091 0.10678466076696165
0 0.3831858407079646 0.8477876106194691 0.12920353982300886 0.10383480825958702
0 0.556047197640118 0.8383480825958702 0.05132743362831858 0.10855457227138643
0 0.6528023598820059 0.7858407079646017 0.04070796460176991 0.07079646017699115
0 0.7793510324483776 0.799410029498525 0.1616519174041298 0.058997050147492625
