1 0.11327433628318584 0.1056047197640118 0.03893805309734513 0.01887905604719764
1 0.2557522123893805 0.10471976401179942 0.043067846607669616 0.01710914454277286
1 0.39882005899705014 0.1079646017699115 0.03775811209439528 0.01887905604719764
1 0.5427728613569321 0.10825958702064897 0.03775811209439528 0.02064896755162242
1 0.7117994100294985 0.1168141592920354 0.038348082595870206 0.022418879056047197
1 0.8560471976401179 0.12566371681415928 0.03775811209439528 0.017699115044247787
1 0.8595870206489675 0.2336283185840708 0.03657817109144543 0.01887905604719764
1 0.7044247787610619 0.22979351032448378 0.03657817109144543 0.01710914454277286
1 0.5389380530973451 0.23156342182890854 0.0359882005899705 0.01592920353982301
1 0.3943952802359882 0.2294985250737463 0.0359882005899705 0.020058997050147492
1 0.24513274336283186 0.22890855457227138 0.03008849557522124 0.01887905604719764
1 0.12359882005899706 0.22772861356932153 0.03480825958702065 0.024778761061946902
1 0.1224188790560472 0.3678466076696165 0.032448377581120944 0.023008849557522124
1 0.2365781710914454 0.3613569321533923 0.03657817109144543 0.02182890855457227
1 0.371976401179941 0.3696165191740413 0.038348082595870206 0.024188790560471976
1 0.5451327433628319 0.3702064896755162 0.03893805309734513 0.024188790560471976
1 0.6893805309734513 0.3672566371681416 0.03480825958702065 0.02182890855457227
1 0.8640117994100295 0.3805309734513274 0.03716814159292035 0.024778761061946902
1 0.12064896755162241 0.5247787610619469 0.024188790560471976 0.02182890855457227
1 0.2345132743362832 0.5262536873156343 0.03480825958702065 0.021238938053097345
1 0.3710914454277286 0.5064896755162241 0.03657817109144543 0.023008849557522124
1 0.5460176991150443 0.4976401179941003 0.033628318584070796 0.024188790560471976
1 0.6982300884955752 0.49616519174041296 0.0359882005899705 0.021238938053097345
1 0.8557522123893805 0.49321533923303834 0.038348082595870206 0.027138643067846607
1 0.11415929203539824 0.6622418879056047 0.032448377581120944 0.01710914454277286
1 0.23008849557522124 0.6669616519174041 0.035398230088495575 0.019469026548672566
1 0.36607669616519173 0.6646017699115044 0.032448377581120944 0.023008849557522124
1 0.5292035398230088 0.6619469026548672 0.03657817109144543 0.021238938053097345
1 0.6908554572271386 0.6607669616519174 0.03775811209439528 0.022418879056047197
1 0.8536873156342183 0.6628318584070796 0.03775811209439528 0.02064896755162242
1 0.12271386430678466 0.8100294985250738 0.02831858407079646 0.017699115044247787
1 0.23716814159292035 0.8109144542772861 0.04129793510324484 0.02064896755162242
1 0.371976401179941 0.8147492625368732 0.03952802359882006 0.016519174041297935
1 0.5150442477876106 0.8141592920353982 0.040117994100294985 0.016519174041297935
1 0.691150442477876 0.8029498525073746 0.04070796460176991 0.021238938053097345
1 0.8495575221238938 0.8112094395280236 0.03775811209439528 0.020058997050147492
