1 0.11799410029498525 0.12566371681415928 0.03185840707964602 0.024778761061946902
1 0.27463126843657815 0.1430678466076696 0.032448377581120944 0.019469026548672566
1 0.4433628318584071 0.15309734513274337 0.03716814159292035 0.018289085545722714
1 0.6056047197640118 0.15103244837758112 0.032448377581120944 0.024778761061946902
1 0.7592920353982301 0.15811209439528023 0.035398230088495575 0.021238938053097345
1 0.9333333333333333 0.1640117994100295 0.035398230088495575 0.016519174041297935
1 0.9353982300884955 0.28053097345132744 0.033628318584070796 0.02182890855457227
1 0.7551622418879056 0.2825958702064897 0.030678466076696165 0.02359882005899705
1 0.6041297935103245 0.29174041297935105 0.03421828908554572 0.023008849557522124
1 0.44778761061946903 0.3008849557522124 0.030678466076696165 0.020058997050147492
1 0.2929203539823009 0.3008849557522124 0.03480825958702065 0.021238938053097345
1 0.11946902654867256 0.28702064896755164 0.03716814159292035 0.019469026548672566
1 0.12743362831858407 0.4176991150442478 0.029498525073746312 0.02831858407079646
1 0.28643067846607667 0.42330383480825956 0.03126843657817109 0.014749262536873156
1 0.4474926253687316 0.4224188790560472 0.03008849557522124 0.021238938053097345
1 0.6044247787610619 0.4212389380530973 0.032448377581120944 0.01887905604719764
1 0.748377581120944 0.4112094395280236 0.028908554572271386 0.021238938053097345
1 0.9353982300884955 0.40176991150442476 0.02654867256637168 0.021238938053097345
1 0.9371681415929204 0.5498525073746312 0.028908554572271386 0.015339233038348082
1 0.7575221238938052 0.5533923303834808 0.03185840707964602 0.017699115044247787
1 0.6070796460176991 0.5557522123893806 0.035398230088495575 0.01887905604719764
1 0.4498525073746313 0.5572271386430678 0.032448377581120944 0.019469026548672566
1 0.28702064896755164 0.559882005899705 0.033628318584070796 0.016519174041297935
1 0.12566371681415928 0.5601769911504425 0.03185840707964602 0.018289085545722714
1 0.1215339233038348 0.7218289085545723 0.040117994100294985 0.019469026548672566
1 0.3008849557522124 0.7153392330383481 0.035398230088495575 0.018289085545722714
1 0.4545722713864307 0.7005899705014749 0.03952802359882006 0.019469026548672566
1 0.615339233038348 0.6958702064896755 0.03421828908554572 0.023008849557522124
1 0.7533923303834809 0.7 0.027138643067846607 0.019469026548672566
1 0.9297935103244838 0.6979351032448378 0.03657817109144543 0.017699115044247787
1 0.12772861356932153 0.8932153392330383 0.02536873156342183 0.024778761061946902
1 0.29852507374631265 0.8843657817109144 0.03303834808259587 0.022418879056047197
1 0.4486725663716814 0.8781710914454277 0.03008849557522124 0.02064896755162242
1 0.6227138643067847 0.8584070796460177 0.027728613569321534 0.017699115044247787
1 0.759882005899705 0.8604719764011799 0.027138643067846607 0.02182890855457227
1 0.9342182890855457 0.8563421828908554 0.0359882005899705 0.019469026548672566
