0 0.25398230088495577 0.25604719764011796 0.06784660766961652 0.1616519174041298
0 0.2587020648967552 0.2991150442477876 0.038348082595870206 0.03421828908554572
0 0.37079646017699114 0.31150442477876106 0.09852507374631268 0.17227138643067846
0 0.4247787610619469 0.1920353982300885 0.10737463126843658 0.10914454277286136
0 0.5401179941002949 0.1887905604719764 0.028908554572271386 0.07787610619469026
1 0.6731563421828909 0.1926253687315634 0.02831858407079646 0.028908554572271386
0 0.7938053097345132 0.20943952802359883 0.10442477876106195 0.13215339233038348
0 0.9026548672566371 0.22005899705014748 0.09793510324483776 0.1663716814159292
0 0.49911504424778763 0.3601769911504425 0.19233038348082596 0.05368731563421829
0 0.6147492625368731 0.3415929203539823 0.04601769911504425 0.1215339233038348
1 0.752802359882006 0.3209439528023599 0.027138643067846607 0.024778761061946902
0 0.9002949852507375 0.3454277286135693 0.10737463126843658 0.1893805309734513
0 0.22595870206489677 0.4457227138643068 0.08259587020648967 0.03716814159292035
0 0.32182890855457225 0.43156342182890856 0.043067846607669616 0.03716814159292035
0 0.48584070796460177 0.4823008849557522 0.04660766961651917 0.02536873156342183
0 0.5805309734513274 0.45663716814159294 0.09321533923303835 0.12979351032448377
0 0.747787610619469 0.4398230088495575 0.032448377581120944 0.032448377581120944
0 0.8914454277286136 0.4988200589970501 0.11327433628318584 0.08200589970501475
0 0.2312684365781711 0.5943952802359882 0.07787610619469026 0.032448377581120944
0 0.39764011799410026 0.6023598820058997 0.09085545722713864 0.19233038348082596
0 0.5286135693215339 0.5808259587020649 0.05191740412979351 0.038348082595870206
0 0.5911504424778761 0.5330383480825959 0.05191740412979351 0.11858407079646018
0 0.6752212389380531 0.584070796460177 0.1846607669616519 0.09085545722713864
1 0.8454277286135693 0.5988200589970502 0.017699115044247787 0.035398230088495575
0 0.21563421828908555 0.7507374631268436 0.19646017699115043 0.07964601769911504
0 0.38259587020648966 0.7519174041297935 0.0584070796460177 0.09498525073746313
0 0.47699115044247786 0.720353982300885 0.15752212389380532 0.05191740412979351
0 0.6967551622418879 0.7206489675516224 0.03185840707964602 0.04188790560471976
0 0.852212389380531 0.6855457227138643 0.09262536873156342 0.04365781710914454
0 0.12920353982300886 0.9103244837758112 0.14277286135693215 0.09557522123893805
0 0.33421828908554574 0.876401179941003 0.07020648967551622 0.20943952802359883
0 0.4887905604719764 0.8941002949852507 0.07492625368731563 0.15752212389380532
0 0.6887905604719764 0.868141592920354 0.12920353982300886 0.14454277286135692
0 0.8643067846607669 0.8563421828908554 0.10383480825958702 0.10324483775811209
