0 0.12477876106194691 0.12890855457227138 0.07020648967551622 0.03952802359882006
0 0.2728613569321534 0.10324483775811209 0.028908554572271386 0.027138643067846607
0 0.35516224188790557 0.1616519174041298 0.02831858407079646 0.030678466076696165
0 0.512684365781711 0.12300884955752212 0.029498525073746312 0.02182890855457227
0 0.7209439528023599 0.15398230088495574 0.03303834808259587 0.03657817109144543
0 0.8492625368731563 0.14778761061946902 0.038348082595870206 0.0359882005899705
0 0.15427728613569322 0.2377581120943953 0.05014749262536873 0.04247787610619469
1 0.2672566371681416 0.26489675516224187 0.030678466076696165 0.03657817109144543
0 0.39469026548672564 0.3215339233038348 0.06607669616519174 0.05663716814159292
1 0.5171091445427729 0.2581120943952802 0.05486725663716814 0.03480825958702065
0 0.7047197640117994 0.2920353982300885 0.052507374631268436 0.04247787610619469
0 0.8238938053097346 0.29469026548672567 0.06784660766961652 0.05486725663716814
0 0.171976401179941 0.37905604719764013 0.07138643067846608 0.05014749262536873
0 0.296165191740413 0.3752212389380531 0.071976401179941 0.04601769911504425
0 0.4737463126843658 0.3728613569321534 0.049557522123893805 0.07315634218289085
0 0.5952802359882006 0.40914454277286133 0.08141592920353982 0.08790560471976401
1 0.7106194690265487 0.412094395280236 0.047787610619469026 0.04542772861356932
0 0.8489675516224189 0.4415929203539823 0.040117994100294985 0.03480825958702065
0 0.1592920353982301 0.49616519174041296 0.044837758112094395 0.05073746312684366
0 0.29380530973451324 0.5221238938053098 0.0471976401179941 0.03893805309734513
0 0.4206489675516224 0.5427728613569321 0.0696165191740413 0.06135693215339233
0 0.55929203539823 0.5345132743362832 0.04365781710914454 0.03657817109144543
1 0.6831858407079646 0.5498525073746312 0.0471976401179941 0.040117994100294985
0 0.8412979351032448 0.5834808259587021 0.06371681415929203 0.05073746312684366
0 0.15722713864306784 0.6542772861356932 0.04070796460176991 0.044837758112094395
0 0.23539823008849559 0.6601769911504425 0.0471976401179941 0.05545722713864307
0 0.45191740412979353 0.6908554572271386 0.06017699115044248 0.09321533923303835
0 0.55929203539823 0.696165191740413 0.03657817109144543 0.04837758112094395
1 0.6634218289085546 0.7348082595870207 0.04896755162241888 0.03952802359882006
1 0.7575221238938052 0.7353982300884956 0.05073746312684366 0.07020648967551622
0 0.18200589970501474 0.7887905604719764 0.04424778761061947 0.03657817109144543
0 0.3958702064896755 0.7702064896755162 0.08023598820058997 0.04660766961651917
0 0.39410029498525073 0.8392330383480826 0.0471976401179941 0.06666666666666667
1 0.591740412979351 0.8648967551622418 0.03421828908554572 0.03421828908554572
0 0.7389380530973452 0.8112094395280236 0.06312684365781711 0.03421828908554572
0 0.8607669616519174 0.8277286135693215 0.06017699115044248 0.0471976401179941
