0 0.17079646017699116 0.12389380530973451 0.06666666666666667 0.0471976401179941
0 0.2952802359882006 0.09587020648967551 0.02064896755162242 0.06548672566371681
0 0.4300884955752212 0.10058997050147492 0.03421828908554572 0.03952802359882006
0 0.6097345132743363 0.16755162241887905 0.038348082595870206 0.07787610619469026
0 0.7707964601769911 0.10855457227138643 0.07138643067846608 0.03893805309734513
1 0.8941002949852507 0.15752212389380532 0.043067846607669616 0.04365781710914454
0 0.1631268436578171 0.30029498525073745 0.08672566371681416 0.06725663716814159
1 0.3274336283185841 0.308259587020649 0.05073746312684366 0.0359882005899705
0 0.42035398230088494 0.30737463126843656 0.033628318584070796 0.044837758112094395
0 0.5699115044247788 0.2887905604719764 0.08141592920353982 0.052507374631268436
0 0.740117994100295 0.3536873156342183 0.052507374631268436 0.07846607669616519
1 0.8805309734513275 0.340117994100295 0.032448377581120944 0.04896755162241888
0 0.14454277286135692 0.4224188790560472 0.07079646017699115 0.071976401179941
1 0.3168141592920354 0.4504424778761062 0.05073746312684366 0.043067846607669616
0 0.4374631268436578 0.4625368731563422 0.04896755162241888 0.04247787610619469
0 0.5982300884955752 0.4191740412979351 0.03893805309734513 0.07374631268436578
0 0.7407079646017699 0.42389380530973453 0.02536873156342183 0.03008849557522124
1 0.8849557522123894 0.44483775811209436 0.0471976401179941 0.03893805309734513
1 0.15663716814159293 0.5510324483775811 0.038348082595870206 0.03893805309734513
1 0.2914454277286136 0.5914454277286135 0.06371681415929203 0.04424778761061947
0 0.4359882005899705 0.5749262536873156 0.03893805309734513 0.09734513274336283
0 0.5342182890855457 0.5902654867256637 0.04188790560471976 0.07964601769911504
0 0.7050147492625368 0.6182890855457227 0.07079646017699115 0.07905604719764012
0 0.8737463126843658 0.5775811209439528 0.06725663716814159 0.040117994100294985
0 0.14188790560471976 0.7755162241887905 0.04660766961651917 0.07492625368731563
1 0.2867256637168142 0.7592920353982301 0.054277286135693215 0.040117994100294985
1 0.4808259587020649 0.7427728613569321 0.058997050147492625 0.03893805309734513
0 0.6076696165191741 0.7474926253687315 0.05191740412979351 0.05545722713864307
0 0.7324483775811209 0.7404129793510325 0.043067846607669616 0.03303834808259587
0 0.855457227138643 0.7454277286135693 0.06489675516224189 0.03480825958702065
0 0.1374631268436578 0.9132743362831859 0.04601769911504425 0.03657817109144543
0 0.27315634218289087 0.9 0.03303834808259587 0.03008849557522124
0 0.49616519174041296 0.8817109144542773 0.029498525073746312 0.02654867256637168
0 0.6575221238938053 0.9041297935103245 0.0359882005899705 0.028908554572271386
0 0.7212389380530974 0.9150442477876106 0.033628318584070796 0.03185840707964602
1 0.8699115044247787 0.9094395280235988 0.04424778761061947 0.03952802359882006
