0 0.14188790560471976 0.07669616519174041 0.03716814159292035 0.04129793510324484
0 0.3233038348082596 0.06047197640117994 0.10501474926253687 0.05368731563421829
0 0.4625368731563422 0.11946902654867256 0.04247787610619469 0.0359882005899705
0 0.5970501474926253 0.06489675516224189 0.03893805309734513 0.0696165191740413
0 0.7377581120943952 0.05486725663716814 0.04896755162241888 0.06843657817109144
0 0.8855457227138643 0.055162241887905604 0.058997050147492625 0.08790560471976401
0 0.14660766961651917 0.23805309734513275 0.043067846607669616 0.038348082595870206
0 0.2902654867256637 0.22566371681415928 0.04129793510324484 0.05486725663716814
0 0.46755162241887904 0.2584070796460177 0.03716814159292035 0.05545722713864307
0 0.6224188790560472 0.18023598820058997 0.12035398230088495 0.06430678466076696
0 0.7536873156342183 0.1831858407079646 0.05368731563421829 0.0584070796460177
0 0.8823008849557522 0.2398230088495575 0.05132743362831858 0.07728613569321534
1 0.13126843657817108 0.3823008849557522 0.03952802359882006 0.04601769911504425
0 0.31150442477876106 0.3734513274336283 0.04247787610619469 0.058997050147492625
0 0.4533923303834808 0.32654867256637166 0.07138643067846608 0.05486725663716814
0 0.6404129793510325 0.3486725663716814 0.05486725663716814 0.06135693215339233
0 0.7693215339233038 0.3117994100294985 0.05073746312684366 0.1079646017699115
0 0.8743362831858407 0.3144542772861357 0.03657817109144543 0.08023598820058997
0 0.14926253687315633 0.5132743362831859 0.03775811209439528 0.08259587020648967
0 0.30383480825958703 0.5176991150442478 0.03775811209439528 0.08200589970501475
0 0.47227138643067845 0.4672566371681416 0.05604719764011799 0.06725663716814159
0 0.6386430678466076 0.4666666666666667 0.05368731563421829 0.049557522123893805
0 0.7778761061946903 0.5525073746312684 0.05368731563421829 0.09852507374631268
0 0.863716814159292 0.5315634218289086 0.06017699115044248 0.07315634218289085
0 0.14896755162241887 0.6324483775811209 0.04188790560471976 0.03657817109144543
0 0.3165191740412979 0.6212389380530974 0.04188790560471976 0.054277286135693215
0 0.484070796460177 0.6088495575221239 0.04188790560471976 0.05663716814159292
0 0.6289085545722713 0.6740412979351033 0.04129793510324484 0.08200589970501475
0 0.7858407079646017 0.6873156342182891 0.05663716814159292 0.10147492625368731
0 0.871976401179941 0.6811209439528023 0.04129793510324484 0.1433628318584071
0 0.15722713864306784 0.824188790560472 0.04542772861356932 0.06135693215339233
0 0.2952802359882006 0.8383480825958702 0.07610619469026549 0.06607669616519174
0 0.49675516224188787 0.772566371681416 0.06489675516224189 0.0584070796460177
0 0.6292035398230088 0.7823008849557522 0.0359882005899705 0.06843657817109144
0 0.7716814159292036 0.8262536873156342 0.029498525073746312 0.09852507374631268
0 0.8587020648967552 0.8023598820058997 0.09380530973451327 0.03185840707964602
