0 0.11946902654867256 0.06047197640117994 0.05368731563421829 0.09498525073746313
0 0.25958702064896755 0.05929203539823009 0.06371681415929203 0.05132743362831858
0 0.4050147492625369 0.08141592920353982 0.04424778761061947 0.058997050147492625
0 0.5356932153392331 0.11946902654867256 0.03185840707964602 0.0359882005899705
0 0.6755162241887905 0.0607669616519174 0.1191740412979351 0.044837758112094395
0 0.8539823008849557 0.09734513274336283 0.03480825958702065 0.025958702064896755
0 0.12123893805309735 0.2342182890855457 0.0607669616519174 0.08141592920353982
0 0.24837758112094394 0.18023598820058997 0.05073746312684366 0.057227138643067846
0 0.3728613569321534 0.18141592920353983 0.13333333333333333 0.03716814159292035
0 0.5265486725663717 0.2575221238938053 0.052507374631268436 0.05368731563421829
0 0.7070796460176991 0.22743362831858407 0.0359882005899705 0.04896755162241888
0 0.8498525073746312 0.2312684365781711 0.04542772861356932 0.05073746312684366
0 0.12831858407079647 0.3126843657817109 0.033628318584070796 0.0743362831858407
0 0.22389380530973452 0.308259587020649 0.052507374631268436 0.12330383480825959
0 0.3663716814159292 0.36578171091445427 0.06135693215339233 0.09793510324483776
0 0.5471976401179941 0.3250737463126844 0.06548672566371681 0.05663716814159292
0 0.6887905604719764 0.37374631268436576 0.04660766961651917 0.05486725663716814
0 0.8666666666666667 0.3817109144542773 0.040117994100294985 0.054277286135693215
0 0.13421828908554573 0.5336283185840708 0.06902654867256637 0.07138643067846608
0 0.22448377581120943 0.5525073746312684 0.052507374631268436 0.10442477876106195
0 0.359882005899705 0.46578171091445425 0.05663716814159292 0.052507374631268436
0 0.5292035398230088 0.4687315634218289 0.05781710914454277 0.06902654867256637
0 0.6926253687315634 0.5135693215339233 0.03303834808259587 0.08436578171091445
0 0.8486725663716814 0.511504424778761 0.043067846607669616 0.08023598820058997
0 0.12949852507374632 0.6705014749262537 0.04896755162241888 0.16578171091445426
0 0.2135693215339233 0.6908554572271386 0.05545722713864307 0.10029498525073746
0 0.37315634218289084 0.6778761061946903 0.04896755162241888 0.08967551622418879
0 0.511504424778761 0.6029498525073747 0.04601769911504425 0.058997050147492625
0 0.6831858407079646 0.6259587020648968 0.04365781710914454 0.049557522123893805
0 0.8486725663716814 0.6330383480825958 0.0359882005899705 0.049557522123893805
0 0.13952802359882005 0.8050147492625369 0.08790560471976401 0.03952802359882006
0 0.22654867256637168 0.8292035398230089 0.03303834808259587 0.10442477876106195
0 0.3696165191740413 0.7811209439528024 0.03480825958702065 0.08259587020648967
0 0.5041297935103245 0.7693215339233038 0.061946902654867256 0.06489675516224189
0 0.7050147492625368 0.8380530973451328 0.07905604719764012 0.06548672566371681
0 0.8430678466076696 0.815929203539823 0.05663716814159292 0.054277286135693215
