0 0.11887905604719765 0.0584070796460177 0.05132743362831858 0.09557522123893805
0 0.25014749262536873 0.05103244837758112 0.07079646017699115 0.038348082595870206
0 0.40471976401179943 0.058997050147492625 0.04837758112094395 0.06253687315634218
0 0.5330383480825959 0.11858407079646018 0.033628318584070796 0.030678466076696165
0 0.6492625368731564 0.06548672566371681 0.09144542772861357 0.03775811209439528
0 0.8501474926253687 0.10294985250737462 0.035398230088495575 0.03716814159292035
0 0.115929203539823 0.23569321533923304 0.07256637168141593 0.06548672566371681
0 0.2471976401179941 0.18525073746312684 0.05781710914454277 0.04601769911504425
0 0.3471976401179941 0.17315634218289086 0.11150442477876106 0.06430678466076696
0 0.5247787610619469 0.26253687315634217 0.07728613569321534 0.05545722713864307
0 0.6973451327433628 0.21887905604719765 0.06135693215339233 0.05073746312684366
0 0.8587020648967552 0.21622418879056046 0.05958702064896755 0.05604719764011799
0 0.1224188790560472 0.3206489675516224 0.043067846607669616 0.057227138643067846
0 0.20766961651917404 0.30324483775811206 0.05309734513274336 0.11799410029498525
0 0.36519174041297936 0.3678466076696165 0.06017699115044248 0.10206489675516224
0 0.547787610619469 0.33362831858407077 0.06902654867256637 0.04542772861356932
0 0.6884955752212389 0.368141592920354 0.04837758112094395 0.05191740412979351
1 0.8625368731563422 0.37964601769911505 0.04247787610619469 0.057227138643067846
0 0.1368731563421829 0.5294985250737463 0.06843657817109144 0.0855457227138643
0 0.21474926253687315 0.5507374631268437 0.06725663716814159 0.10206489675516224
0 0.36047197640117995 0.4672566371681416 0.054277286135693215 0.049557522123893805
0 0.5306784660766961 0.46932153392330384 0.05486725663716814 0.06902654867256637
0 0.6917404129793511 0.5138643067846608 0.038348082595870206 0.08731563421828908
0 0.8448377581120944 0.5135693215339233 0.04129793510324484 0.07138643067846608
0 0.10973451327433628 0.651622418879056 0.05309734513274336 0.1480825958702065
0 0.22772861356932153 0.6852507374631268 0.03893805309734513 0.10442477876106195
0 0.36430678466076694 0.6952802359882005 0.06784660766961652 0.0607669616519174
0 0.49321533923303834 0.6029498525073747 0.05309734513274336 0.05309734513274336
0 0.6784660766961652 0.6230088495575221 0.05191740412979351 0.05309734513274336
0 0.8504424778761062 0.6330383480825958 0.03716814159292035 0.05545722713864307
0 0.13421828908554573 0.8017699115044248 0.08200589970501475 0.04601769911504425
0 0.20825958702064895 0.8342182890855457 0.06843657817109144 0.0943952802359882
0 0.36991150442477877 0.784070796460177 0.03775811209439528 0.08731563421828908
0 0.5058997050147492 0.7764011799410029 0.0584070796460177 0.05309734513274336
0 0.7053097345132743 0.8389380530973451 0.07610619469026549 0.06489675516224189
0 0.8492625368731563 0.8156342182890856 0.05368731563421829 0.0584070796460177
