0 0.10294985250737462 0.1191740412979351 0.04188790560471976 0.02831858407079646
0 0.20589970501474925 0.1592920353982301 0.071976401179941 0.10619469026548672
0 0.35103244837758113 0.10766961651917403 0.04247787610619469 0.04542772861356932
0 0.4808259587020649 0.1359882005899705 0.13569321533923304 0.08908554572271386
0 0.6365781710914454 0.14041297935103245 0.11563421828908554 0.06371681415929203
0 0.7631268436578171 0.17345132743362832 0.05958702064896755 0.07787610619469026
0 0.12300884955752212 0.27935103244837756 0.04896755162241888 0.07964601769911504
1 0.23333333333333334 0.27079646017699116 0.05132743362831858 0.03303834808259587
0 0.33628318584070793 0.26312684365781713 0.08141592920353982 0.03775811209439528
1 0.5035398230088496 0.2808259587020649 0.043067846607669616 0.03303834808259587
0 0.656047197640118 0.25545722713864305 0.09321533923303835 0.07079646017699115
0 0.7690265486725664 0.243952802359882 0.11032448377581121 0.05368731563421829
0 0.11179941002949853 0.46342182890855455 0.04896755162241888 0.033628318584070796
0 0.2728613569321534 0.41710914454277287 0.09144542772861357 0.0743362831858407
0 0.3740412979351032 0.4575221238938053 0.07551622418879056 0.1504424778761062
1 0.5029498525073747 0.39705014749262535 0.05014749262536873 0.03893805309734513
0 0.5353982300884955 0.5174041297935104 0.05014749262536873 0.044837758112094395
0 0.671976401179941 0.46106194690265484 0.11091445427728613 0.05486725663716814
0 0.7793510324483776 0.42861356932153394 0.03893805309734513 0.04070796460176991
0 0.663126843657817 0.5554572271386431 0.10501474926253687 0.11032448377581121
0 0.7805309734513274 0.5563421828908555 0.03421828908554572 0.049557522123893805
0 0.14985250737463127 0.587905604719764 0.03657817109144543 0.03952802359882006
0 0.3247787610619469 0.6176991150442478 0.06784660766961652 0.1463126843657817
0 0.4277286135693215 0.6058997050147492 0.12035398230088495 0.08023598820058997
0 0.5427728613569321 0.6678466076696166 0.07669616519174041 0.08141592920353982
0 0.6882005899705015 0.6778761061946903 0.05604719764011799 0.054277286135693215
0 0.7772861356932154 0.671386430678466 0.12684365781710916 0.10029498525073746
1 0.17050147492625367 0.6893805309734513 0.04129793510324484 0.04188790560471976
0 0.2737463126843658 0.7277286135693215 0.03185840707964602 0.03952802359882006
1 0.2693215339233038 0.7716814159292036 0.033628318584070796 0.04129793510324484
0 0.11740412979351032 0.8097345132743363 0.06253687315634218 0.07138643067846608
0 0.4365781710914454 0.7604719764011799 0.12743362831858407 0.12035398230088495
0 0.39144542772861357 0.8492625368731563 0.12094395280235988 0.12566371681415928
0 0.5448377581120943 0.8404129793510324 0.07492625368731563 0.12920353982300886
0 0.6548672566371682 0.7817109144542773 0.0471976401179941 0.08259587020648967
0 0.7648967551622419 0.7811209439528024 0.17522123893805308 0.06017699115044248
