1 0.10058997050147492 0.12890855457227138 0.03126843657817109 0.023008849557522124
1 0.23008849557522124 0.14660766961651917 0.03185840707964602 0.02182890855457227
1 0.38436578171091446 0.14660766961651917 0.02536873156342183 0.027728613569321534
1 0.5359882005899705 0.143952802359882 0.0359882005899705 0.020058997050147492
1 0.6920353982300885 0.1448377581120944 0.022418879056047197 0.032448377581120944
1 0.8474926253687316 0.11976401179941003 0.03716814159292035 0.017699115044247787
1 0.8415929203539823 0.36430678466076694 0.032448377581120944 0.01710914454277286
1 0.6820058997050147 0.3445427728613569 0.03421828908554572 0.020058997050147492
1 0.5168141592920354 0.35339233038348083 0.03421828908554572 0.01887905604719764
1 0.3740412979351032 0.32536873156342183 0.03421828908554572 0.01710914454277286
1 0.2191740412979351 0.3303834808259587 0.03126843657817109 0.017699115044247787
1 0.10058997050147492 0.3351032448377581 0.02654867256637168 0.015339233038348082
1 0.08938053097345133 0.4749262536873156 0.028908554572271386 0.021238938053097345
1 0.2374631268436578 0.47050147492625366 0.02536873156342183 0.02064896755162242
1 0.3828908554572271 0.5017699115044247 0.02831858407079646 0.019469026548672566
1 0.53952802359882 0.5221238938053098 0.03126843657817109 0.017699115044247787
1 0.6876106194690266 0.512684365781711 0.033628318584070796 0.020058997050147492
1 0.8386430678466077 0.5165191740412979 0.033628318584070796 0.019469026548672566
1 0.09793510324483776 0.6162241887905605 0.029498525073746312 0.01710914454277286
1 0.2430678466076696 0.6250737463126843 0.025958702064896755 0.01710914454277286
1 0.3887905604719764 0.6389380530973451 0.03421828908554572 0.017699115044247787
1 0.5283185840707965 0.6253687315634218 0.03480825958702065 0.022418879056047197
1 0.6876106194690266 0.6292035398230088 0.03008849557522124 0.019469026548672566
1 0.8448377581120944 0.6327433628318584 0.03775811209439528 0.018289085545722714
1 0.8498525073746312 0.7811209439528024 0.03126843657817109 0.03657817109144543
1 0.707669616519174 0.7752212389380531 0.03716814159292035 0.02359882005899705
1 0.5483775811209439 0.772566371681416 0.03716814159292035 0.018289085545722714
1 0.4 0.7654867256637168 0.040117994100294985 0.019469026548672566
1 0.24572271386430677 0.7660766961651917 0.03126843657817109 0.01592920353982301
1 0.10412979351032448 0.7631268436578171 0.033628318584070796 0.019469026548672566
1 0.10737463126843658 0.8997050147492626 0.029498525073746312 0.020058997050147492
1 0.26784660766961654 0.9005899705014749 0.03185840707964602 0.019469026548672566
1 0.4085545722713864 0.9100294985250738 0.032448377581120944 0.02654867256637168
1 0.5622418879056047 0.9126843657817109 0.03303834808259587 0.02359882005899705
1 0.707669616519174 0.9150442477876106 0.03008849557522124 0.02831858407079646
1 0.8651917404129793 0.9053097345132743 0.03126843657817109 0.019469026548672566
