1 0.1336283185840708 0.13097345132743363 0.023008849557522124 0.030678466076696165
1 0.27640117994100294 0.1654867256637168 0.02654867256637168 0.03126843657817109
1 0.4445427728613569 0.15457227138643068 0.0359882005899705 0.024778761061946902
1 0.5964601769911504 0.1663716814159292 0.022418879056047197 0.02831858407079646
1 0.7666666666666666 0.16519174041297935 0.033628318584070796 0.016519174041297935
1 0.9353982300884955 0.1687315634218289 0.03126843657817109 0.021238938053097345
1 0.9359882005899705 0.2766961651917404 0.03126843657817109 0.024778761061946902
1 0.7563421828908554 0.28023598820059 0.027138643067846607 0.027138643067846607
1 0.6041297935103245 0.2926253687315634 0.03185840707964602 0.020058997050147492
1 0.45014749262536874 0.2949852507374631 0.029498525073746312 0.020058997050147492
1 0.29321533923303833 0.30265486725663715 0.035398230088495575 0.021238938053097345
1 0.13451327433628318 0.2949852507374631 0.021238938053097345 0.03185840707964602
1 0.12507374631268436 0.4191740412979351 0.03421828908554572 0.024188790560471976
1 0.28761061946902655 0.42035398230088494 0.032448377581120944 0.024188790560471976
1 0.4498525073746313 0.42330383480825956 0.028908554572271386 0.01710914454277286
1 0.6067846607669617 0.4215339233038348 0.033628318584070796 0.02064896755162242
1 0.7489675516224189 0.41297935103244837 0.02654867256637168 0.020058997050147492
0 0.9353982300884955 0.40530973451327434 0.03126843657817109 0.027138643067846607
1 0.12536873156342182 0.5607669616519174 0.03126843657817109 0.023008849557522124
1 0.2861356932153392 0.5619469026548672 0.03185840707964602 0.01592920353982301
1 0.44955752212389377 0.5572271386430678 0.03303834808259587 0.02182890855457227
1 0.6085545722713864 0.5525073746312684 0.03008849557522124 0.02064896755162242
1 0.7587020648967552 0.5545722713864307 0.029498525073746312 0.020058997050147492
1 0.9383480825958702 0.5501474926253688 0.028908554572271386 0.01710914454277286
1 0.12094395280235988 0.7244837758112095 0.03775811209439528 0.021238938053097345
1 0.30206489675516224 0.7206489675516224 0.030678466076696165 0.02182890855457227
1 0.4557522123893805 0.7008849557522123 0.028908554572271386 0.021238938053097345
1 0.6171091445427729 0.6988200589970501 0.03303834808259587 0.02182890855457227
1 0.7548672566371681 0.7032448377581121 0.024188790560471976 0.022418879056047197
1 0.927433628318584 0.6997050147492625 0.024778761061946902 0.016519174041297935
1 0.12418879056047197 0.8908554572271387 0.028908554572271386 0.01887905604719764
1 0.30029498525073745 0.883480825958702 0.03303834808259587 0.023008849557522124
1 0.4486725663716814 0.8758112094395281 0.02654867256637168 0.024188790560471976
1 0.6265486725663717 0.8551622418879056 0.027138643067846607 0.02064896755162242
1 0.7616519174041297 0.8513274336283185 0.022418879056047197 0.02831858407079646
1 0.9362831858407079 0.8560471976401179 0.02359882005899705 0.01887905604719764
