0 0.143952802359882 0.08643067846607669 0.035398230088495575 0.023008849557522124
0 0.32536873156342183 0.06017699115044248 0.1079646017699115 0.049557522123893805
0 0.4640117994100295 0.12094395280235988 0.03126843657817109 0.03185840707964602
1 0.5970501474926253 0.07610619469026549 0.04601769911504425 0.054277286135693215
0 0.7407079646017699 0.05457227138643068 0.057227138643067846 0.06312684365781711
0 0.8814159292035398 0.06047197640117994 0.054277286135693215 0.09262536873156342
0 0.1430678466076696 0.2303834808259587 0.05132743362831858 0.03952802359882006
0 0.29056047197640117 0.22890855457227138 0.04070796460176991 0.049557522123893805
0 0.4696165191740413 0.25663716814159293 0.044837758112094395 0.05309734513274336
0 0.623598820058997 0.18200589970501474 0.12507374631268436 0.057227138643067846
0 0.7542772861356932 0.1799410029498525 0.057227138643067846 0.05663716814159292
0 0.8802359882005899 0.23864306784660766 0.06135693215339233 0.07964601769911504
1 0.13244837758112094 0.38141592920353984 0.032448377581120944 0.05132743362831858
0 0.3129793510324484 0.3746312684365782 0.03952802359882006 0.05663716814159292
0 0.456047197640118 0.3271386430678466 0.06489675516224189 0.05958702064896755
0 0.6342182890855457 0.35221238938053095 0.05309734513274336 0.08141592920353982
0 0.7684365781710915 0.31504424778761064 0.05368731563421829 0.13333333333333333
0 0.8775811209439528 0.3129793510324484 0.04424778761061947 0.07492625368731563
0 0.14926253687315633 0.5129793510324484 0.03303834808259587 0.0831858407079646
0 0.3029498525073746 0.5150442477876106 0.038348082595870206 0.08259587020648967
0 0.4731563421828908 0.46755162241887904 0.058997050147492625 0.06548672566371681
0 0.6407079646017699 0.4654867256637168 0.054277286135693215 0.04837758112094395
0 0.7769911504424779 0.551622418879056 0.054277286135693215 0.10383480825958702
0 0.8628318584070797 0.5365781710914455 0.0584070796460177 0.06784660766961652
0 0.15250737463126843 0.6321533923303835 0.03716814159292035 0.04070796460176991
0 0.31327433628318585 0.6206489675516225 0.04365781710914454 0.054277286135693215
0 0.4864306784660767 0.6064896755162241 0.043067846607669616 0.05781710914454277
0 0.6283185840707964 0.6752212389380531 0.04601769911504425 0.08672566371681416
0 0.7861356932153393 0.687905604719764 0.05486725663716814 0.10265486725663717
0 0.8731563421828908 0.6784660766961652 0.04129793510324484 0.16047197640117994
0 0.15752212389380532 0.827433628318584 0.0471976401179941 0.0607669616519174
0 0.2952802359882006 0.8389380530973451 0.07846607669616519 0.06725663716814159
0 0.4964601769911504 0.771386430678466 0.057227138643067846 0.05958702064896755
0 0.6286135693215339 0.7790560471976401 0.03716814159292035 0.07020648967551622
0 0.7734513274336283 0.8244837758112095 0.030678466076696165 0.09852507374631268
0 0.856637168141593 0.8044247787610619 0.0943952802359882 0.03952802359882006
