0 0.2345132743362832 0.17581120943952802 0.06666666666666667 0.07905604719764012
0 0.3663716814159292 0.1383480825958702 0.11327433628318584 0.0584070796460177
0 0.5212389380530973 0.13480825958702064 0.1410029498525074 0.09026548672566372
0 0.6463126843657817 0.10471976401179942 0.04424778761061947 0.0359882005899705
0 0.7926253687315634 0.15811209439528023 0.06666666666666667 0.10265486725663717
1 0.8935103244837758 0.1182890855457227 0.03716814159292035 0.03480825958702065
0 0.8743362831858407 0.2775811209439528 0.04365781710914454 0.0831858407079646
1 0.764306784660767 0.2705014749262537 0.052507374631268436 0.03126843657817109
0 0.6654867256637168 0.2622418879056047 0.0743362831858407 0.038348082595870206
1 0.5020648967551622 0.28112094395280235 0.04247787610619469 0.028908554572271386
0 0.3448377581120944 0.25486725663716814 0.09262536873156342 0.07079646017699115
0 0.23067846607669618 0.24277286135693216 0.10855457227138643 0.057227138643067846
0 0.21474926253687315 0.42743362831858406 0.04247787610619469 0.04070796460176991
0 0.33185840707964603 0.46106194690265484 0.11386430678466077 0.052507374631268436
1 0.49616519174041296 0.39705014749262535 0.05191740412979351 0.03893805309734513
0 0.6268436578171092 0.45781710914454277 0.07728613569321534 0.15457227138643068
0 0.7262536873156342 0.41474926253687316 0.09557522123893805 0.0743362831858407
0 0.8882005899705014 0.46430678466076697 0.047787610619469026 0.035398230088495575
0 0.22035398230088496 0.5545722713864307 0.03480825958702065 0.05073746312684366
0 0.3383480825958702 0.5536873156342182 0.11032448377581121 0.11150442477876106
0 0.4646017699115044 0.5215339233038347 0.04424778761061947 0.04247787610619469
0 0.5899705014749262 0.603834808259587 0.08259587020648967 0.07020648967551622
0 0.6737463126843658 0.6250737463126843 0.07315634218289085 0.13156342182890857
0 0.8486725663716814 0.5849557522123894 0.03126843657817109 0.043067846607669616
0 0.22241887905604718 0.6699115044247788 0.12271386430678466 0.10088495575221239
0 0.3126843657817109 0.6725663716814159 0.04365781710914454 0.05663716814159292
0 0.4575221238938053 0.6690265486725664 0.07964601769911504 0.07787610619469026
0 0.564306784660767 0.7578171091445428 0.12566371681415928 0.11976401179941003
1 0.7268436578171091 0.7271386430678466 0.03185840707964602 0.028908554572271386
1 0.831858407079646 0.6890855457227139 0.03893805309734513 0.04129793510324484
1 0.7277286135693215 0.7710914454277286 0.024188790560471976 0.040117994100294985
0 0.8823008849557522 0.8047197640117993 0.06666666666666667 0.06371681415929203
0 0.2342182890855457 0.7814159292035399 0.17581120943952802 0.061946902654867256
0 0.343952802359882 0.7793510324483776 0.05191740412979351 0.07905604719764012
0 0.4542772861356932 0.8383480825958702 0.07079646017699115 0.12979351032448377
0 0.6070796460176991 0.8463126843657817 0.1215339233038348 0.13628318584070798
