0 0.14365781710914455 0.09705014749262536 0.033628318584070796 0.03480825958702065
0 0.31327433628318585 0.07345132743362831 0.07551622418879056 0.0584070796460177
0 0.46135693215339235 0.13569321533923304 0.03303834808259587 0.03657817109144543
0 0.595575221238938 0.07846607669616519 0.03716814159292035 0.071976401179941
0 0.7348082595870207 0.06991150442477875 0.04188790560471976 0.07610619469026549
0 0.8828908554572271 0.07787610619469026 0.04542772861356932 0.08377581120943953
0 0.14454277286135692 0.25604719764011796 0.04837758112094395 0.04601769911504425
1 0.2929203539823009 0.24277286135693216 0.04070796460176991 0.05014749262536873
0 0.4678466076696165 0.2696165191740413 0.03421828908554572 0.05191740412979351
0 0.6067846607669617 0.19557522123893806 0.08436578171091445 0.0808259587020649
0 0.751622418879056 0.19823008849557522 0.05073746312684366 0.05073746312684366
0 0.8740412979351032 0.2504424778761062 0.0584070796460177 0.07610619469026549
1 0.13333333333333333 0.39410029498525073 0.029498525073746312 0.04247787610619469
0 0.3088495575221239 0.38613569321533925 0.04188790560471976 0.05486725663716814
0 0.4545722713864307 0.3421828908554572 0.061946902654867256 0.05309734513274336
0 0.6315634218289086 0.3471976401179941 0.05132743362831858 0.04660766961651917
0 0.7707964601769911 0.3292035398230089 0.03952802359882006 0.10029498525073746
0 0.8710914454277287 0.3333333333333333 0.032448377581120944 0.08731563421828908
0 0.14896755162241887 0.5262536873156343 0.038348082595870206 0.07787610619469026
0 0.3047197640117994 0.531858407079646 0.032448377581120944 0.07374631268436578
0 0.4678466076696165 0.48259587020648964 0.049557522123893805 0.06725663716814159
0 0.6380530973451327 0.4799410029498525 0.04188790560471976 0.047787610619469026
0 0.7699115044247787 0.5595870206489676 0.0471976401179941 0.09026548672566372
0 0.863716814159292 0.536283185840708 0.058997050147492625 0.07551622418879056
0 0.1504424778761062 0.6545722713864307 0.03421828908554572 0.027728613569321534
0 0.31474926253687313 0.6339233038348082 0.04070796460176991 0.05486725663716814
0 0.484070796460177 0.6238938053097345 0.03952802359882006 0.057227138643067846
0 0.6286135693215339 0.6825958702064897 0.03952802359882006 0.07079646017699115
0 0.7802359882005899 0.6970501474926254 0.04660766961651917 0.09144542772861357
0 0.8666666666666667 0.6988200589970501 0.05073746312684366 0.11740412979351032
0 0.15221238938053097 0.8407079646017699 0.04247787610619469 0.058997050147492625
0 0.3126843657817109 0.8315634218289085 0.03775811209439528 0.08790560471976401
0 0.4964601769911504 0.7887905604719764 0.06430678466076696 0.05191740412979351
0 0.6303834808259587 0.7997050147492625 0.032448377581120944 0.06548672566371681
0 0.7693215339233038 0.8365781710914454 0.03303834808259587 0.09085545722713864
0 0.8607669616519174 0.8168141592920354 0.09085545722713864 0.033628318584070796
