0 0.10206489675516224 0.11858407079646018 0.03775811209439528 0.03185840707964602
0 0.20589970501474925 0.1592920353982301 0.07079646017699115 0.10619469026548672
0 0.3513274336283186 0.10973451327433628 0.04188790560471976 0.04601769911504425
0 0.4784660766961652 0.1359882005899705 0.1368731563421829 0.08790560471976401
0 0.6395280235988201 0.140117994100295 0.11327433628318584 0.06312684365781711
0 0.7648967551622419 0.17256637168141592 0.05604719764011799 0.07728613569321534
0 0.1224188790560472 0.27935103244837756 0.05014749262536873 0.08200589970501475
1 0.2342182890855457 0.27168141592920353 0.05309734513274336 0.03126843657817109
0 0.33657817109144544 0.26253687315634217 0.07964601769911504 0.03421828908554572
1 0.504424778761062 0.28112094395280235 0.040117994100294985 0.03480825958702065
0 0.6548672566371682 0.25486725663716814 0.0943952802359882 0.07079646017699115
0 0.7675516224188791 0.24336283185840707 0.10855457227138643 0.05486725663716814
0 0.11032448377581121 0.463716814159292 0.04601769911504425 0.035398230088495575
0 0.27315634218289087 0.4168141592920354 0.09321533923303835 0.07610619469026549
0 0.3734513274336283 0.4575221238938053 0.071976401179941 0.14926253687315633
1 0.5023598820058996 0.39646017699115044 0.047787610619469026 0.03775811209439528
0 0.6693215339233038 0.46283185840707963 0.11386430678466077 0.05014749262536873
0 0.7817109144542773 0.42802359882005897 0.03775811209439528 0.038348082595870206
0 0.14896755162241887 0.5870206489675516 0.032448377581120944 0.04129793510324484
0 0.3256637168141593 0.6162241887905605 0.07315634218289085 0.1480825958702065
0 0.42330383480825956 0.6044247787610619 0.11622418879056047 0.07610619469026549
0 0.5356932153392331 0.5182890855457227 0.044837758112094395 0.04542772861356932
0 0.6622418879056047 0.5557522123893806 0.10678466076696165 0.11209439528023599
0 0.779646017699115 0.5554572271386431 0.0359882005899705 0.05014749262536873
1 0.16902654867256636 0.6887905604719764 0.043067846607669616 0.04188790560471976
0 0.1168141592920354 0.8073746312684366 0.06135693215339233 0.07374631268436578
1 0.2705014749262537 0.7690265486725664 0.028908554572271386 0.03952802359882006
1 0.2728613569321534 0.7286135693215339 0.03126843657817109 0.03657817109144543
0 0.4359882005899705 0.7578171091445428 0.12979351032448377 0.11504424778761062
0 0.3920353982300885 0.8466076696165191 0.12566371681415928 0.13097345132743363
0 0.5436578171091445 0.6654867256637168 0.07964601769911504 0.08023598820058997
0 0.6882005899705015 0.675811209439528 0.05368731563421829 0.05368731563421829
0 0.5454277286135694 0.8407079646017699 0.07610619469026549 0.12979351032448377
0 0.6542772861356932 0.7823008849557522 0.04837758112094395 0.08141592920353982
0 0.7761061946902654 0.6707964601769911 0.12330383480825959 0.09911504424778761
0 0.7651917404129793 0.7808259587020648 0.18171091445427728 0.0607669616519174
