0 0.10265486725663717 0.0663716814159292 0.03893805309734513 0.03008849557522124
0 0.20353982300884954 0.11651917404129794 0.021238938053097345 0.05368731563421829
0 0.3507374631268437 0.11563421828908554 0.033628318584070796 0.05073746312684366
0 0.5191740412979351 0.07492625368731563 0.03893805309734513 0.035398230088495575
1 0.719174041297935 0.08112094395280237 0.054277286135693215 0.038348082595870206
1 0.8772861356932153 0.0752212389380531 0.03893805309734513 0.03480825958702065
1 0.08377581120943953 0.2303834808259587 0.024778761061946902 0.032448377581120944
1 0.2563421828908555 0.23333333333333334 0.0359882005899705 0.03008849557522124
0 0.3893805309734513 0.23097345132743363 0.03185840707964602 0.07020648967551622
0 0.5820058997050147 0.252212389380531 0.033628318584070796 0.04424778761061947
0 0.7466076696165191 0.21622418879056046 0.02654867256637168 0.033628318584070796
1 0.8675516224188791 0.23392330383480825 0.04188790560471976 0.04542772861356932
0 0.0303834808259587 0.4212389380530973 0.033628318584070796 0.06017699115044248
1 0.21533923303834807 0.41061946902654867 0.03775811209439528 0.027138643067846607
1 0.3601769911504425 0.3958702064896755 0.03480825958702065 0.04247787610619469
0 0.5359882005899705 0.4469026548672566 0.04896755162241888 0.04660766961651917
0 0.7371681415929203 0.3902654867256637 0.03480825958702065 0.043067846607669616
0 0.8802359882005899 0.44483775811209436 0.06843657817109144 0.040117994100294985
0 0.06932153392330384 0.587905604719764 0.03126843657817109 0.04188790560471976
0 0.22005899705014748 0.5852507374631268 0.04837758112094395 0.030678466076696165
1 0.38997050147492623 0.575811209439528 0.035398230088495575 0.027138643067846607
0 0.543952802359882 0.6353982300884956 0.05073746312684366 0.02831858407079646
1 0.743952802359882 0.5796460176991151 0.021238938053097345 0.032448377581120944
1 0.8920353982300885 0.5781710914454277 0.03657817109144543 0.03775811209439528
0 0.03333333333333333 0.7056047197640118 0.04188790560471976 0.04247787610619469
0 0.2640117994100295 0.747197640117994 0.038348082595870206 0.03480825958702065
1 0.4014749262536873 0.755457227138643 0.033628318584070796 0.028908554572271386
1 0.5793510324483776 0.7973451327433628 0.04601769911504425 0.05132743362831858
1 0.7418879056047197 0.7410029498525074 0.0359882005899705 0.05191740412979351
1 0.8952802359882006 0.7144542772861356 0.04070796460176991 0.02831858407079646
0 0.049557522123893805 0.8424778761061946 0.04365781710914454 0.04129793510324484
1 0.20353982300884954 0.8911504424778761 0.03775811209439528 0.04070796460176991
0 0.3828908554572271 0.8905604719764012 0.044837758112094395 0.04070796460176991
0 0.5421828908554572 0.9247787610619469 0.030678466076696165 0.032448377581120944
0 0.7433628318584071 0.9171091445427728 0.03303834808259587 0.05368731563421829
1 0.911504424778761 0.9061946902654867 0.030678466076696165 0.04365781710914454
