1 0.15103244837758112 0.19085545722713865 0.03421828908554572 0.02064896755162242
1 0.308259587020649 0.1976401179941003 0.0359882005899705 0.021238938053097345
1 0.4855457227138643 0.1855457227138643 0.035398230088495575 0.019469026548672566
1 0.6297935103244837 0.18672566371681415 0.0359882005899705 0.019469026548672566
1 0.7625368731563422 0.1893805309734513 0.0359882005899705 0.01887905604719764
1 0.8793510324483775 0.1920353982300885 0.03480825958702065 0.01710914454277286
1 0.1463126843657817 0.33952802359882006 0.035398230088495575 0.02182890855457227
1 0.3094395280235988 0.34100294985250734 0.0359882005899705 0.02359882005899705
1 0.4713864306784661 0.340117994100295 0.030678466076696165 0.018289085545722714
1 0.6348082595870206 0.33716814159292036 0.03421828908554572 0.023008849557522124
1 0.7684365781710915 0.33185840707964603 0.033628318584070796 0.018289085545722714
1 0.8849557522123894 0.3368731563421829 0.03657817109144543 0.01887905604719764
1 0.14513274336283186 0.5076696165191741 0.03657817109144543 0.02182890855457227
1 0.3029498525073746 0.5041297935103245 0.0359882005899705 0.02182890855457227
1 0.45250737463126844 0.5017699115044247 0.03421828908554572 0.02182890855457227
1 0.6297935103244837 0.49321533923303834 0.0359882005899705 0.022418879056047197
1 0.763716814159292 0.47404129793510325 0.032448377581120944 0.023008849557522124
1 0.8793510324483775 0.4749262536873156 0.027728613569321534 0.025958702064896755
1 0.1336283185840708 0.6227138643067847 0.0359882005899705 0.018289085545722714
1 0.3094395280235988 0.6339233038348082 0.03480825958702065 0.02064896755162242
1 0.4533923303834808 0.6274336283185841 0.0359882005899705 0.018289085545722714
1 0.6309734513274337 0.6300884955752213 0.03480825958702065 0.01887905604719764
1 0.763716814159292 0.6389380530973451 0.033628318584070796 0.01887905604719764
1 0.8766961651917404 0.6303834808259587 0.030678466076696165 0.023008849557522124
1 0.1398230088495575 0.7646017699115044 0.030678466076696165 0.01887905604719764
1 0.2973451327433628 0.7710914454277286 0.03893805309734513 0.017699115044247787
1 0.4581120943952802 0.7672566371681416 0.03480825958702065 0.019469026548672566
1 0.6047197640117994 0.7705014749262536 0.035398230088495575 0.022418879056047197
1 0.7557522123893805 0.7702064896755162 0.025958702064896755 0.01710914454277286
1 0.8775811209439528 0.7722713864306785 0.033628318584070796 0.020058997050147492
1 0.1398230088495575 0.8734513274336283 0.03421828908554572 0.018289085545722714
1 0.287905604719764 0.8840707964601769 0.03303834808259587 0.02064896755162242
1 0.4551622418879056 0.8908554572271387 0.038348082595870206 0.020058997050147492
1 0.6020648967551623 0.8914454277286136 0.033628318584070796 0.020058997050147492
1 0.7430678466076696 0.8955752212389381 0.033628318584070796 0.017699115044247787
1 0.8882005899705014 0.8946902654867257 0.03952802359882006 0.02182890855457227
