1 0.10117994100294986 0.14837758112094396 0.03008849557522124 0.024188790560471976
1 0.22271386430678466 0.1504424778761062 0.03008849557522124 0.020058997050147492
1 0.3646017699115044 0.14660766961651917 0.025958702064896755 0.024188790560471976
1 0.5265486725663717 0.13952802359882005 0.03480825958702065 0.027728613569321534
1 0.6793510324483776 0.1336283185840708 0.03008849557522124 0.023008849557522124
1 0.8418879056047197 0.12566371681415928 0.03657817109144543 0.025958702064896755
1 0.09852507374631268 0.3359882005899705 0.02831858407079646 0.02182890855457227
1 0.21740412979351031 0.33008849557522124 0.02654867256637168 0.019469026548672566
1 0.3722713864306785 0.3262536873156342 0.03303834808259587 0.02359882005899705
1 0.5156342182890855 0.3501474926253687 0.03303834808259587 0.01710914454277286
1 0.679646017699115 0.3454277286135693 0.03185840707964602 0.027728613569321534
1 0.843952802359882 0.3607669616519174 0.032448377581120944 0.019469026548672566
1 0.08938053097345133 0.47404129793510325 0.03126843657817109 0.027728613569321534
1 0.2359882005899705 0.47404129793510325 0.02831858407079646 0.019469026548672566
1 0.37964601769911505 0.5008849557522124 0.02654867256637168 0.025958702064896755
1 0.536283185840708 0.5218289085545723 0.02831858407079646 0.02064896755162242
1 0.6876106194690266 0.5138643067846608 0.03126843657817109 0.01887905604719764
1 0.8392330383480826 0.5194690265486726 0.033628318584070796 0.027728613569321534
1 0.09734513274336283 0.6168141592920354 0.035398230088495575 0.01710914454277286
1 0.24365781710914453 0.6194690265486725 0.024778761061946902 0.015339233038348082
1 0.38613569321533925 0.6386430678466076 0.03480825958702065 0.019469026548672566
1 0.5289085545722714 0.6256637168141593 0.03008849557522124 0.018289085545722714
1 0.6867256637168142 0.628023598820059 0.029498525073746312 0.02064896755162242
1 0.8498525073746312 0.6339233038348082 0.02654867256637168 0.02182890855457227
1 0.10442477876106195 0.7625368731563422 0.02831858407079646 0.018289085545722714
1 0.24513274336283186 0.7690265486725664 0.028908554572271386 0.024188790560471976
1 0.3991150442477876 0.7657817109144542 0.04070796460176991 0.020058997050147492
1 0.5528023598820059 0.7734513274336283 0.03421828908554572 0.017699115044247787
1 0.7029498525073746 0.7766961651917405 0.0359882005899705 0.02654867256637168
1 0.8510324483775811 0.7793510324483776 0.027728613569321534 0.025958702064896755
1 0.10530973451327433 0.9029498525073746 0.032448377581120944 0.018289085545722714
1 0.2657817109144543 0.9026548672566371 0.033628318584070796 0.025958702064896755
0 0.4056047197640118 0.9150442477876106 0.03008849557522124 0.025958702064896755
1 0.5628318584070796 0.9141592920353983 0.029498525073746312 0.02182890855457227
0 0.712094395280236 0.9203539823008849 0.029498525073746312 0.03421828908554572
1 0.8707964601769911 0.8896755162241887 0.029498525073746312 0.027138643067846607
