0 0.14454277286135692 0.14690265486725662 0.10855457227138643 0.11327433628318584
0 0.308259587020649 0.11091445427728613 0.1303834808259587 0.1168141592920354
0 0.511504424778761 0.11858407079646018 0.08023598820058997 0.143952802359882
0 0.6648967551622419 0.12448377581120944 0.07551622418879056 0.21002949852507374
0 0.8784660766961652 0.08702064896755163 0.15103244837758112 0.09852507374631268
0 0.14749262536873156 0.3174041297935103 0.09557522123893805 0.04365781710914454
0 0.30442477876106194 0.2825958702064897 0.03185840707964602 0.044837758112094395
0 0.5289085545722714 0.2820058997050148 0.16106194690265485 0.049557522123893805
0 0.6188790560471976 0.25073746312684364 0.058997050147492625 0.09911504424778761
0 0.7837758112094395 0.2510324483775811 0.2 0.07728613569321534
1 0.1584070796460177 0.4 0.032448377581120944 0.04129793510324484
0 0.33185840707964603 0.4144542772861357 0.19174041297935102 0.08672566371681416
0 0.412094395280236 0.46814159292035395 0.05958702064896755 0.12566371681415928
0 0.47050147492625366 0.4191740412979351 0.04896755162241888 0.04424778761061947
0 0.5132743362831859 0.5179941002949853 0.049557522123893805 0.024778761061946902
0 0.6058997050147492 0.39646017699115044 0.08967551622418879 0.19823008849557522
0 0.7657817109144542 0.41386430678466074 0.08141592920353982 0.04896755162241888
0 0.12448377581120944 0.5070796460176991 0.10855457227138643 0.08908554572271386
0 0.24513274336283186 0.5616519174041298 0.024188790560471976 0.029498525073746312
0 0.41799410029498524 0.5448377581120943 0.09852507374631268 0.13628318584070798
1 0.668141592920354 0.559882005899705 0.047787610619469026 0.025958702064896755
0 0.7722713864306785 0.551622418879056 0.08967551622418879 0.044837758112094395
0 0.09852507374631268 0.6595870206489676 0.11799410029498525 0.1663716814159292
1 0.24749262536873157 0.6761061946902654 0.028908554572271386 0.027138643067846607
1 0.3268436578171091 0.8058997050147493 0.029498525073746312 0.027138643067846607
0 0.09705014749262536 0.7799410029498525 0.09498525073746313 0.17817109144542773
0 0.20206489675516223 0.800589970501475 0.0808259587020649 0.15339233038348082
0 0.38259587020648966 0.6613569321533923 0.04660766961651917 0.13215339233038348
0 0.5047197640117994 0.6359882005899705 0.1976401179941003 0.05545722713864307
0 0.6315634218289086 0.6902654867256637 0.10088495575221239 0.17817109144542773
0 0.7424778761061946 0.692330383480826 0.04542772861356932 0.0584070796460177
0 0.7486725663716814 0.7448377581120944 0.07315634218289085 0.16696165191740414
0 0.5681415929203539 0.7941002949852507 0.10383480825958702 0.12507374631268436
0 0.45781710914454277 0.8103244837758112 0.03421828908554572 0.07846607669616519
