0 0.10707964601769912 0.11297935103244838 0.027728613569321534 0.03126843657817109
0 0.30442477876106194 0.1398230088495575 0.03421828908554572 0.035398230088495575
1 0.45132743362831856 0.13333333333333333 0.03775811209439528 0.03775811209439528
1 0.5876106194690265 0.17492625368731562 0.027138643067846607 0.03480825958702065
1 0.7610619469026548 0.16578171091445426 0.020058997050147492 0.03657817109144543
1 0.9250737463126844 0.15604719764011798 0.027138643067846607 0.019469026548672566
1 0.13480825958702064 0.29233038348082596 0.02182890855457227 0.032448377581120944
1 0.2920353982300885 0.29557522123893804 0.03185840707964602 0.02359882005899705
1 0.44601769911504424 0.30855457227138644 0.035398230088495575 0.03421828908554572
1 0.6035398230088496 0.2584070796460177 0.04129793510324484 0.027138643067846607
0 0.7421828908554572 0.30914454277286135 0.040117994100294985 0.027138643067846607
0 0.9259587020648967 0.3 0.03480825958702065 0.03008849557522124
0 0.1433628318584071 0.44011799410029495 0.027138643067846607 0.040117994100294985
0 0.2902654867256637 0.40235988200589967 0.025958702064896755 0.03775811209439528
1 0.4469026548672566 0.4191740412979351 0.03008849557522124 0.02064896755162242
1 0.6070796460176991 0.41799410029498524 0.035398230088495575 0.02536873156342183
1 0.7486725663716814 0.41386430678466074 0.03303834808259587 0.02182890855457227
1 0.9386430678466077 0.38348082595870203 0.03185840707964602 0.02831858407079646
0 0.1336283185840708 0.5348082595870206 0.03008849557522124 0.033628318584070796
1 0.28643067846607667 0.56047197640118 0.038348082595870206 0.02359882005899705
1 0.4480825958702065 0.5578171091445427 0.02536873156342183 0.023008849557522124
1 0.6171091445427729 0.5392330383480826 0.03303834808259587 0.03893805309734513
1 0.7660766961651917 0.5622418879056047 0.03126843657817109 0.03185840707964602
1 0.9368731563421828 0.5457227138643068 0.027138643067846607 0.021238938053097345
1 0.9277286135693216 0.6958702064896755 0.03008849557522124 0.018289085545722714
1 0.7660766961651917 0.6926253687315634 0.028908554572271386 0.016519174041297935
0 0.6171091445427729 0.664306784660767 0.03657817109144543 0.03185840707964602
0 0.45309734513274336 0.7209439528023599 0.03657817109144543 0.02831858407079646
0 0.3185840707964602 0.6982300884955752 0.03185840707964602 0.03480825958702065
1 0.1271386430678466 0.7123893805309734 0.04070796460176991 0.027728613569321534
1 0.13392330383480827 0.9005899705014749 0.03775811209439528 0.03126843657817109
1 0.296165191740413 0.8790560471976401 0.03303834808259587 0.027138643067846607
0 0.4761061946902655 0.8725663716814159 0.027138643067846607 0.02831858407079646
0 0.6286135693215339 0.8469026548672566 0.032448377581120944 0.04188790560471976
1 0.7805309734513274 0.8277286135693215 0.035398230088495575 0.027138643067846607
1 0.9359882005899705 0.8563421828908554 0.03008849557522124 0.014749262536873156
