0 0.1887905604719764 0.20471976401179942 0.1191740412979351 0.07315634218289085
0 0.26371681415929205 0.2575221238938053 0.12035398230088495 0.06430678466076696
0 0.3271386430678466 0.17168141592920355 0.0855457227138643 0.10973451327433628
0 0.5300884955752212 0.15693215339233038 0.1374631268436578 0.05781710914454277
0 0.6705014749262537 0.18289085545722714 0.1480825958702065 0.04601769911504425
0 0.7085545722713864 0.10324483775811209 0.10973451327433628 0.12979351032448377
0 0.7522123893805309 0.24631268436578171 0.06371681415929203 0.1079646017699115
0 0.5238938053097345 0.2820058997050148 0.1592920353982301 0.05073746312684366
0 0.6542772861356932 0.28525073746312685 0.1415929203539823 0.12920353982300886
0 0.740117994100295 0.35221238938053095 0.0808259587020649 0.04365781710914454
0 0.6053097345132743 0.396165191740413 0.0920353982300885 0.1929203539823009
0 0.15604719764011798 0.3480825958702065 0.07256637168141593 0.06017699115044248
0 0.30855457227138644 0.3734513274336283 0.08967551622418879 0.18997050147492625
0 0.4191740412979351 0.44041297935103246 0.11504424778761062 0.09144542772861357
0 0.42625368731563423 0.4584070796460177 0.07846607669616519 0.11091445427728613
0 0.47699115044247786 0.4351032448377581 0.05014749262536873 0.023008849557522124
0 0.49144542772861355 0.47522123893805307 0.1368731563421829 0.12094395280235988
0 0.6654867256637168 0.5168141592920354 0.029498525073746312 0.06135693215339233
1 0.07699115044247787 0.4952802359882006 0.03126843657817109 0.02182890855457227
0 0.1743362831858407 0.5896755162241888 0.07846607669616519 0.11032448377581121
0 0.2884955752212389 0.5696165191740413 0.09085545722713864 0.1870206489675516
0 0.11769911504424779 0.656047197640118 0.10206489675516224 0.18997050147492625
0 0.5330383480825959 0.5911504424778761 0.14454277286135692 0.10265486725663717
0 0.5943952802359882 0.6356932153392331 0.17168141592920355 0.06784660766961652
0 0.7348082595870207 0.6035398230088496 0.07138643067846608 0.07079646017699115
0 0.7404129793510325 0.6513274336283186 0.0920353982300885 0.11327433628318584
0 0.387905604719764 0.6663716814159292 0.05368731563421829 0.13156342182890857
0 0.1336283185840708 0.8230088495575221 0.11740412979351032 0.13805309734513274
0 0.25899705014749264 0.791740412979351 0.07315634218289085 0.1215339233038348
1 0.3271386430678466 0.8067846607669616 0.02654867256637168 0.03126843657817109
0 0.4622418879056047 0.8088495575221238 0.03008849557522124 0.07669616519174041
0 0.5958702064896755 0.7982300884955752 0.14749262536873156 0.10619469026548672
0 0.6595870206489676 0.8262536873156342 0.07787610619469026 0.1504424778761062
0 0.2640117994100295 0.691150442477876 0.09026548672566372 0.09734513274336283
