0 0.11799410029498525 0.0584070796460177 0.054277286135693215 0.08849557522123894
0 0.259882005899705 0.056342182890855456 0.05014749262536873 0.07256637168141593
0 0.40176991150442476 0.0728613569321534 0.04247787610619469 0.06548672566371681
0 0.5353982300884955 0.1224188790560472 0.02654867256637168 0.0359882005899705
0 0.6766961651917404 0.06371681415929203 0.11091445427728613 0.05191740412979351
0 0.851622418879056 0.0831858407079646 0.03480825958702065 0.030678466076696165
0 0.11740412979351032 0.2377581120943953 0.05663716814159292 0.07551622418879056
0 0.24749262536873157 0.18053097345132743 0.047787610619469026 0.06017699115044248
0 0.37669616519174043 0.1823008849557522 0.12330383480825959 0.06135693215339233
0 0.5297935103244837 0.25545722713864305 0.04365781710914454 0.05309734513274336
0 0.7106194690265487 0.22861356932153393 0.043067846607669616 0.05132743362831858
1 0.8457227138643068 0.2365781710914454 0.03126843657817109 0.03657817109144543
0 0.12595870206489676 0.31150442477876106 0.03480825958702065 0.07669616519174041
0 0.228023598820059 0.3126843657817109 0.04896755162241888 0.12861356932153392
0 0.36519174041297936 0.34572271386430675 0.0471976401179941 0.07787610619469026
0 0.5469026548672566 0.32831858407079645 0.06725663716814159 0.0584070796460177
0 0.6899705014749262 0.37492625368731564 0.04424778761061947 0.05604719764011799
1 0.8687315634218289 0.3805309734513274 0.04424778761061947 0.049557522123893805
0 0.13480825958702064 0.5342182890855457 0.0607669616519174 0.06784660766961652
0 0.22182890855457227 0.552212389380531 0.05309734513274336 0.09793510324483776
0 0.3601769911504425 0.4654867256637168 0.052507374631268436 0.05073746312684366
0 0.5271386430678466 0.4690265486725664 0.05604719764011799 0.07315634218289085
0 0.6929203539823009 0.5147492625368731 0.03480825958702065 0.0855457227138643
0 0.8498525073746312 0.5120943952802359 0.03480825958702065 0.07905604719764012
0 0.12418879056047197 0.6793510324483776 0.04188790560471976 0.15870206489675515
0 0.21150442477876105 0.6893805309734513 0.057227138643067846 0.09852507374631268
0 0.37079646017699114 0.6772861356932154 0.04542772861356932 0.08967551622418879
0 0.5132743362831859 0.6061946902654867 0.044837758112094395 0.05958702064896755
0 0.684070796460177 0.6233038348082596 0.04188790560471976 0.0607669616519174
0 0.8492625368731563 0.6327433628318584 0.038348082595870206 0.04424778761061947
0 0.1430678466076696 0.8026548672566372 0.09616519174041298 0.03952802359882006
0 0.22595870206489677 0.8262536873156342 0.029498525073746312 0.09734513274336283
0 0.3672566371681416 0.784070796460177 0.032448377581120944 0.0743362831858407
0 0.5041297935103245 0.7710914454277286 0.0607669616519174 0.06135693215339233
0 0.7044247787610619 0.8374631268436578 0.07787610619469026 0.06548672566371681
0 0.8430678466076696 0.8280235988200589 0.05309734513274336 0.0607669616519174
