1 0.10973451327433628 0.12300884955752212 0.029498525073746312 0.03008849557522124
0 0.3047197640117994 0.13952802359882005 0.028908554572271386 0.03716814159292035
1 0.451622418879056 0.13244837758112094 0.03126843657817109 0.0359882005899705
0 0.587905604719764 0.1887905604719764 0.0359882005899705 0.03185840707964602
1 0.7448377581120944 0.17551622418879056 0.0359882005899705 0.03126843657817109
0 0.9289085545722714 0.1654867256637168 0.028908554572271386 0.032448377581120944
1 0.13451327433628318 0.29410029498525075 0.020058997050147492 0.03008849557522124
1 0.2914454277286136 0.3023598820058997 0.024778761061946902 0.018289085545722714
0 0.44365781710914454 0.33067846607669615 0.030678466076696165 0.03126843657817109
0 0.6032448377581121 0.2584070796460177 0.02536873156342183 0.029498525073746312
0 0.7365781710914454 0.30973451327433627 0.033628318584070796 0.029498525073746312
0 0.9235988200589971 0.2967551622418879 0.032448377581120944 0.03421828908554572
0 0.1424778761061947 0.44011799410029495 0.02654867256637168 0.03893805309734513
1 0.2896755162241888 0.40412979351032446 0.030678466076696165 0.040117994100294985
1 0.44778761061946903 0.4212389380530973 0.029498525073746312 0.022418879056047197
1 0.6058997050147492 0.41887905604719766 0.03185840707964602 0.017699115044247787
1 0.7507374631268436 0.4097345132743363 0.03008849557522124 0.02654867256637168
0 0.9427728613569322 0.40530973451327434 0.027138643067846607 0.03185840707964602
1 0.28761061946902655 0.5625368731563422 0.027728613569321534 0.02182890855457227
1 0.4498525073746313 0.5589970501474926 0.03008849557522124 0.019469026548672566
1 0.13775811209439529 0.5359882005899705 0.02654867256637168 0.032448377581120944
0 0.6289085545722713 0.5368731563421829 0.020058997050147492 0.03421828908554572
0 0.7607669616519174 0.5622418879056047 0.03126843657817109 0.03657817109144543
1 0.9371681415929204 0.5415929203539823 0.024188790560471976 0.02359882005899705
1 0.12595870206489676 0.696165191740413 0.03480825958702065 0.024778761061946902
0 0.3315634218289085 0.6973451327433628 0.022418879056047197 0.03893805309734513
0 0.6259587020648968 0.6554572271386431 0.03303834808259587 0.03421828908554572
0 0.771976401179941 0.6737463126843658 0.023008849557522124 0.03185840707964602
0 0.4545722713864307 0.7162241887905605 0.0359882005899705 0.027138643067846607
1 0.9330383480825959 0.6920353982300885 0.02654867256637168 0.020058997050147492
1 0.14041297935103245 0.9070796460176991 0.03775811209439528 0.03008849557522124
1 0.3008849557522124 0.8808259587020649 0.029498525073746312 0.025958702064896755
0 0.48023598820059 0.8584070796460177 0.03185840707964602 0.029498525073746312
0 0.6333333333333333 0.8377581120943953 0.02654867256637168 0.03893805309734513
1 0.8168141592920354 0.8153392330383481 0.02536873156342183 0.030678466076696165
1 0.9407079646017699 0.8519174041297934 0.028908554572271386 0.01415929203539823
