1 0.12448377581120944 0.11002949852507374 0.03303834808259587 0.024188790560471976
1 0.29705014749262537 0.11651917404129794 0.03126843657817109 0.024188790560471976
1 0.44837758112094395 0.12418879056047197 0.029498525073746312 0.023008849557522124
1 0.6221238938053097 0.1424778761061947 0.03716814159292035 0.02064896755162242
1 0.7607669616519174 0.1471976401179941 0.02654867256637168 0.02536873156342183
1 0.9368731563421828 0.1430678466076696 0.02831858407079646 0.018289085545722714
1 0.12212389380530973 0.2775811209439528 0.035398230088495575 0.023008849557522124
1 0.2991150442477876 0.28112094395280235 0.03185840707964602 0.02654867256637168
1 0.45309734513274336 0.2991150442477876 0.03893805309734513 0.020058997050147492
1 0.6126843657817109 0.30206489675516224 0.03716814159292035 0.021238938053097345
1 0.7545722713864307 0.29793510324483774 0.02831858407079646 0.021238938053097345
1 0.9277286135693216 0.3008849557522124 0.03126843657817109 0.015339233038348082
1 0.12448377581120944 0.4398230088495575 0.03185840707964602 0.023008849557522124
1 0.28525073746312685 0.44041297935103246 0.027728613569321534 0.01710914454277286
1 0.44837758112094395 0.44277286135693217 0.030678466076696165 0.02064896755162242
1 0.6079646017699115 0.4474926253687316 0.03480825958702065 0.023008849557522124
1 0.7569321533923303 0.4471976401179941 0.03421828908554572 0.02359882005899705
1 0.9353982300884955 0.45132743362831856 0.03126843657817109 0.016519174041297935
1 0.12389380530973451 0.5820058997050147 0.03185840707964602 0.024188790560471976
1 0.2867256637168142 0.5781710914454277 0.030678466076696165 0.02359882005899705
1 0.4486725663716814 0.5775811209439528 0.03126843657817109 0.017699115044247787
1 0.6047197640117994 0.5799410029498525 0.03303834808259587 0.01887905604719764
1 0.748377581120944 0.5893805309734513 0.028908554572271386 0.016519174041297935
1 0.9348082595870206 0.5964601769911504 0.03008849557522124 0.027138643067846607
1 0.13392330383480827 0.7053097345132743 0.02359882005899705 0.03480825958702065
1 0.29233038348082596 0.6991150442477876 0.028908554572271386 0.021238938053097345
1 0.45014749262536874 0.7041297935103245 0.029498525073746312 0.01710914454277286
1 0.6047197640117994 0.7061946902654868 0.03185840707964602 0.020058997050147492
1 0.7557522123893805 0.7200589970501475 0.030678466076696165 0.027728613569321534
1 0.935693215339233 0.7238938053097345 0.03185840707964602 0.024778761061946902
1 0.13244837758112094 0.8687315634218289 0.023008849557522124 0.028908554572271386
1 0.2749262536873156 0.8362831858407079 0.029498525073746312 0.02654867256637168
1 0.4457227138643068 0.8460176991150442 0.032448377581120944 0.01887905604719764
1 0.5941002949852507 0.8306784660766962 0.024778761061946902 0.02359882005899705
1 0.7663716814159292 0.8336283185840708 0.03185840707964602 0.016519174041297935
1 0.9348082595870206 0.8342182890855457 0.038348082595870206 0.01887905604719764
