0 0.1424778761061947 0.1471976401179941 0.09970501474926254 0.10442477876106195
0 0.3106194690265487 0.1351032448377581 0.1351032448377581 0.143952802359882
0 0.5117994100294985 0.10442477876106195 0.07492625368731563 0.15457227138643068
0 0.6716814159292035 0.11710914454277285 0.05368731563421829 0.21179941002949854
0 0.8696165191740413 0.09793510324483776 0.13333333333333333 0.0943952802359882
0 0.14778761061946902 0.31504424778761064 0.09144542772861357 0.04601769911504425
0 0.3053097345132743 0.28053097345132744 0.03008849557522124 0.03716814159292035
0 0.524188790560472 0.2778761061946903 0.15516224188790562 0.05073746312684366
0 0.6200589970501474 0.24837758112094394 0.058997050147492625 0.0920353982300885
0 0.7837758112094395 0.2342182890855457 0.19174041297935102 0.10147492625368731
1 0.15486725663716813 0.403834808259587 0.018289085545722714 0.03952802359882006
0 0.3274336283185841 0.4176991150442478 0.18525073746312684 0.0967551622418879
0 0.412094395280236 0.4631268436578171 0.05368731563421829 0.11563421828908554
0 0.4731563421828908 0.4212389380530973 0.05191740412979351 0.03893805309734513
0 0.6053097345132743 0.4 0.08613569321533923 0.19233038348082596
0 0.768141592920354 0.40058997050147493 0.0743362831858407 0.03657817109144543
0 0.11268436578171091 0.5035398230088496 0.10855457227138643 0.08200589970501475
0 0.2542772861356932 0.5651917404129794 0.03303834808259587 0.04129793510324484
0 0.41474926253687316 0.5430678466076696 0.08967551622418879 0.1351032448377581
0 0.5132743362831859 0.5179941002949853 0.04365781710914454 0.027138643067846607
0 0.6734513274336283 0.5755162241887906 0.033628318584070796 0.05132743362831858
0 0.7743362831858407 0.5548672566371682 0.07846607669616519 0.04424778761061947
0 0.10265486725663717 0.6510324483775811 0.10737463126843658 0.1846607669616519
1 0.24601769911504423 0.6761061946902654 0.025958702064896755 0.030678466076696165
1 0.32772861356932154 0.8050147492625369 0.02654867256637168 0.027728613569321534
0 0.38613569321533925 0.6519174041297935 0.03716814159292035 0.11209439528023599
0 0.5026548672566371 0.6386430678466076 0.18997050147492625 0.057227138643067846
0 0.616519174041298 0.6501474926253688 0.07669616519174041 0.0967551622418879
0 0.7469026548672566 0.6985250737463127 0.03421828908554572 0.03657817109144543
0 0.09911504424778761 0.7846607669616519 0.0967551622418879 0.16755162241887905
0 0.21297935103244836 0.7882005899705015 0.10501474926253687 0.12743362831858407
0 0.4616519174041298 0.8109144542772861 0.02536873156342183 0.07492625368731563
0 0.6005899705014749 0.8174041297935103 0.15693215339233038 0.09380530973451327
0 0.7351032448377581 0.747197640117994 0.08023598820058997 0.15634218289085544
