0 0.10176991150442477 0.1191740412979351 0.04188790560471976 0.03421828908554572
0 0.20707964601769913 0.15634218289085544 0.07079646017699115 0.10265486725663717
0 0.35103244837758113 0.10766961651917403 0.04247787610619469 0.04188790560471976
0 0.4790560471976401 0.1351032448377581 0.13215339233038348 0.08377581120943953
0 0.6345132743362831 0.14129793510324484 0.11150442477876106 0.06312684365781711
0 0.7640117994100295 0.17374631268436577 0.05781710914454277 0.07846607669616519
0 0.12330383480825959 0.28023598820059 0.04247787610619469 0.08141592920353982
1 0.23392330383480825 0.2693215339233038 0.052507374631268436 0.0359882005899705
0 0.3368731563421829 0.2646017699115044 0.0743362831858407 0.03480825958702065
1 0.5008849557522124 0.28112094395280235 0.03775811209439528 0.03716814159292035
0 0.656047197640118 0.25663716814159293 0.0920353982300885 0.06843657817109144
0 0.7678466076696165 0.2424778761061947 0.10678466076696165 0.054277286135693215
0 0.10943952802359883 0.4622418879056047 0.052507374631268436 0.0359882005899705
0 0.2646017699115044 0.412094395280236 0.11150442477876106 0.06902654867256637
0 0.37492625368731564 0.45486725663716815 0.06902654867256637 0.1486725663716814
0 0.5067846607669616 0.3949852507374631 0.04837758112094395 0.03716814159292035
0 0.6702064896755162 0.46194690265486726 0.11209439528023599 0.05309734513274336
0 0.7811209439528024 0.4271386430678466 0.03657817109144543 0.040117994100294985
0 0.5353982300884955 0.5185840707964602 0.04188790560471976 0.03893805309734513
0 0.6634218289085546 0.5631268436578171 0.10206489675516224 0.12566371681415928
0 0.7799410029498525 0.556047197640118 0.03303834808259587 0.04896755162241888
0 0.1480825958702065 0.5941002949852507 0.03185840707964602 0.05073746312684366
0 0.32772861356932154 0.6179941002949852 0.07256637168141593 0.14454277286135692
0 0.4230088495575221 0.6041297935103245 0.11563421828908554 0.07551622418879056
1 0.16755162241887905 0.6902654867256637 0.04247787610619469 0.04129793510324484
1 0.27227138643067844 0.7283185840707964 0.033628318584070796 0.03716814159292035
1 0.27079646017699116 0.7702064896755162 0.02831858407079646 0.038348082595870206
0 0.1135693215339233 0.8194690265486726 0.04896755162241888 0.08849557522123894
0 0.5427728613569321 0.668141592920354 0.071976401179941 0.07256637168141593
0 0.43480825958702063 0.7604719764011799 0.12507374631268436 0.1168141592920354
0 0.3902654867256637 0.8492625368731563 0.12212389380530973 0.12448377581120944
0 0.5427728613569321 0.8383480825958702 0.07905604719764012 0.13333333333333333
0 0.687905604719764 0.6764011799410029 0.05309734513274336 0.05132743362831858
0 0.7737463126843658 0.6687315634218289 0.11858407079646018 0.10088495575221239
0 0.6525073746312684 0.784070796460177 0.049557522123893805 0.0743362831858407
0 0.7660766961651917 0.7799410029498525 0.17168141592920355 0.06017699115044248
