0 0.2336283185840708 0.21946902654867256 0.1663716814159292 0.06371681415929203
0 0.3480825958702065 0.21769911504424777 0.04365781710914454 0.07787610619469026
0 0.4575221238938053 0.16283185840707964 0.08436578171091445 0.13097345132743363
0 0.6106194690265486 0.1486725663716814 0.1215339233038348 0.12625368731563422
1 0.7277286135693215 0.22979351032448378 0.023008849557522124 0.04188790560471976
0 0.8884955752212389 0.17905604719764012 0.04601769911504425 0.09026548672566372
0 0.22684365781710913 0.32890855457227136 0.12566371681415928 0.10206489675516224
0 0.31386430678466076 0.32271386430678467 0.054277286135693215 0.049557522123893805
0 0.45781710914454277 0.33303834808259586 0.07079646017699115 0.07256637168141593
0 0.5781710914454277 0.3979351032448378 0.1215339233038348 0.07374631268436578
0 0.6705014749262537 0.38377581120943954 0.07138643067846608 0.1457227138643068
1 0.8292035398230089 0.30678466076696165 0.04424778761061947 0.04601769911504425
0 0.7277286135693215 0.27227138643067844 0.033628318584070796 0.03952802359882006
0 0.8533923303834808 0.39882005899705014 0.038348082595870206 0.05191740412979351
0 0.2191740412979351 0.4445427728613569 0.03716814159292035 0.047787610619469026
0 0.33775811209439527 0.43952802359882004 0.11032448377581121 0.12625368731563422
0 0.4663716814159292 0.48112094395280236 0.04660766961651917 0.04188790560471976
0 0.6253687315634218 0.5495575221238937 0.0743362831858407 0.1410029498525074
0 0.7339233038348083 0.5867256637168141 0.10501474926253687 0.06784660766961652
0 0.8884955752212389 0.5359882005899705 0.054277286135693215 0.03716814159292035
1 0.4958702064896755 0.6026548672566372 0.05486725663716814 0.04424778761061947
0 0.22064896755162242 0.5743362831858407 0.03893805309734513 0.038348082595870206
0 0.22330383480825958 0.7607669616519174 0.12330383480825959 0.06430678466076696
0 0.34365781710914456 0.7418879056047197 0.09734513274336283 0.06666666666666667
1 0.49852507374631266 0.7200589970501475 0.04129793510324484 0.03480825958702065
0 0.6637168141592921 0.7330383480825958 0.07669616519174041 0.033628318584070796
1 0.7666666666666666 0.7330383480825958 0.047787610619469026 0.033628318584070796
0 0.8793510324483775 0.7221238938053097 0.043067846607669616 0.07905604719764012
0 0.2342182890855457 0.8250737463126844 0.06371681415929203 0.0808259587020649
0 0.36519174041297936 0.8581120943952802 0.10855457227138643 0.06548672566371681
0 0.5218289085545723 0.863716814159292 0.1398230088495575 0.08377581120943953
0 0.6498525073746313 0.8923303834808259 0.03716814159292035 0.04188790560471976
0 0.7938053097345132 0.8412979351032448 0.07138643067846608 0.10383480825958702
0 0.8985250737463126 0.8823008849557522 0.04129793510324484 0.032448377581120944
