1 0.14926253687315633 0.1882005899705015 0.03421828908554572 0.01887905604719764
1 0.3088495575221239 0.19705014749262537 0.03716814159292035 0.021238938053097345
1 0.4861356932153392 0.18495575221238938 0.03775811209439528 0.01710914454277286
1 0.6283185840707964 0.1855457227138643 0.03775811209439528 0.019469026548672566
1 0.7628318584070797 0.1893805309734513 0.03657817109144543 0.015339233038348082
1 0.8784660766961652 0.19233038348082596 0.03185840707964602 0.021238938053097345
1 0.14690265486725662 0.3383480825958702 0.03893805309734513 0.02182890855457227
1 0.30973451327433627 0.3398230088495575 0.03893805309734513 0.02359882005899705
1 0.47227138643067845 0.3392330383480826 0.028908554572271386 0.016519174041297935
1 0.6348082595870206 0.335693215339233 0.035398230088495575 0.02359882005899705
1 0.7678466076696165 0.3321533923303835 0.03480825958702065 0.01887905604719764
1 0.8846607669616519 0.33657817109144544 0.033628318584070796 0.019469026548672566
1 0.14749262536873156 0.5094395280235988 0.03775811209439528 0.02064896755162242
1 0.30206489675516224 0.5053097345132743 0.03657817109144543 0.018289085545722714
1 0.45250737463126844 0.5023598820058996 0.03185840707964602 0.019469026548672566
1 0.6289085545722713 0.49321533923303834 0.035398230088495575 0.022418879056047197
1 0.7648967551622419 0.4737463126843658 0.032448377581120944 0.021238938053097345
1 0.8793510324483775 0.4755162241887906 0.028908554572271386 0.024778761061946902
1 0.13303834808259588 0.6224188790560472 0.03716814159292035 0.016519174041297935
1 0.3100294985250737 0.6348082595870206 0.03480825958702065 0.01887905604719764
1 0.45634218289085543 0.6286135693215339 0.038348082595870206 0.01710914454277286
1 0.6303834808259587 0.6303834808259587 0.032448377581120944 0.02064896755162242
1 0.7657817109144542 0.6389380530973451 0.03421828908554572 0.021238938053097345
1 0.8784660766961652 0.6333333333333333 0.03421828908554572 0.02182890855457227
1 0.1424778761061947 0.7660766961651917 0.0359882005899705 0.018289085545722714
1 0.2973451327433628 0.7728613569321534 0.03893805309734513 0.017699115044247787
1 0.45870206489675514 0.7675516224188791 0.0359882005899705 0.021238938053097345
1 0.6050147492625368 0.7716814159292036 0.038348082595870206 0.020058997050147492
1 0.756047197640118 0.7702064896755162 0.028908554572271386 0.01710914454277286
1 0.8769911504424779 0.771976401179941 0.03480825958702065 0.023008849557522124
1 0.1421828908554572 0.875221238938053 0.03303834808259587 0.018289085545722714
1 0.28997050147492626 0.8852507374631269 0.03716814159292035 0.02182890855457227
1 0.4581120943952802 0.891740412979351 0.0359882005899705 0.019469026548672566
1 0.6041297935103245 0.8920353982300885 0.03775811209439528 0.01887905604719764
1 0.7474926253687315 0.8955752212389381 0.03421828908554572 0.017699115044247787
1 0.891740412979351 0.896165191740413 0.038348082595870206 0.016519174041297935
