0 0.14660766961651917 0.17345132743362832 0.1303834808259587 0.09557522123893805
0 0.3286135693215339 0.17315634218289086 0.08613569321533923 0.11150442477876106
0 0.5300884955752212 0.15693215339233038 0.1421828908554572 0.06253687315634218
0 0.6660766961651917 0.13952802359882005 0.05781710914454277 0.1846607669616519
0 0.7873156342182891 0.1191740412979351 0.11858407079646018 0.11445427728613569
0 0.26430678466076696 0.25781710914454276 0.12271386430678466 0.058997050147492625
0 0.5200589970501475 0.28171091445427726 0.1457227138643068 0.04070796460176991
0 0.6548672566371682 0.25722713864306784 0.22064896755162242 0.06725663716814159
0 0.7787610619469026 0.24808259587020648 0.05309734513274336 0.04424778761061947
0 0.15368731563421828 0.3165191740412979 0.03952802359882006 0.09262536873156342
0 0.31386430678466076 0.36696165191740415 0.12625368731563422 0.16047197640117994
0 0.7353982300884956 0.3530973451327434 0.08436578171091445 0.04070796460176991
0 0.6047197640117994 0.3935103244837758 0.0967551622418879 0.20058997050147492
0 0.4799410029498525 0.4345132743362832 0.047787610619469026 0.02654867256637168
1 0.1056047197640118 0.5286135693215339 0.02831858407079646 0.022418879056047197
0 0.4144542772861357 0.49144542772861355 0.12094395280235988 0.07905604719764012
0 0.48761061946902656 0.4731563421828908 0.1421828908554572 0.12035398230088495
0 0.459882005899705 0.528023598820059 0.047787610619469026 0.05663716814159292
0 0.6648967551622419 0.5147492625368731 0.030678466076696165 0.06902654867256637
0 0.1182890855457227 0.6536873156342182 0.10678466076696165 0.1935103244837758
0 0.17640117994100296 0.5935103244837758 0.07787610619469026 0.1168141592920354
0 0.28938053097345134 0.6026548672566372 0.16106194690265485 0.11386430678466077
0 0.38849557522123895 0.6651917404129793 0.052507374631268436 0.12330383480825959
0 0.5351032448377581 0.592330383480826 0.14277286135693215 0.10619469026548672
0 0.587315634218289 0.6026548672566372 0.1480825958702065 0.09970501474926254
0 0.7389380530973452 0.6064896755162241 0.07138643067846608 0.06017699115044248
0 0.7404129793510325 0.6539823008849558 0.0967551622418879 0.11622418879056047
0 0.27935103244837756 0.7147492625368731 0.09498525073746313 0.06666666666666667
0 0.13392330383480827 0.8206489675516224 0.1168141592920354 0.1415929203539823
0 0.2448377581120944 0.823598820058997 0.10737463126843658 0.07669616519174041
1 0.3262536873156342 0.8053097345132744 0.025958702064896755 0.025958702064896755
0 0.46106194690265484 0.8056047197640118 0.028908554572271386 0.07138643067846608
0 0.5952802359882006 0.7988200589970501 0.15457227138643068 0.10973451327433628
0 0.6613569321533923 0.8215339233038348 0.08259587020648967 0.15634218289085544
