1 0.10058997050147492 0.1486725663716814 0.027728613569321534 0.02359882005899705
1 0.22300884955752212 0.14985250737463127 0.027138643067846607 0.017699115044247787
1 0.36519174041297936 0.14690265486725662 0.024778761061946902 0.02359882005899705
1 0.5256637168141592 0.1457227138643068 0.03421828908554572 0.022418879056047197
1 0.679646017699115 0.13421828908554573 0.03303834808259587 0.02182890855457227
1 0.8424778761061946 0.11887905604719765 0.03303834808259587 0.019469026548672566
1 0.09557522123893805 0.33539823008849556 0.029498525073746312 0.019469026548672566
1 0.2168141592920354 0.33008849557522124 0.027728613569321534 0.018289085545722714
1 0.3734513274336283 0.3247787610619469 0.03185840707964602 0.018289085545722714
1 0.5168141592920354 0.3513274336283186 0.03185840707964602 0.01592920353982301
1 0.6781710914454278 0.3445427728613569 0.03126843657817109 0.025958702064896755
1 0.843952802359882 0.3616519174041298 0.03716814159292035 0.021238938053097345
1 0.08849557522123894 0.4725663716814159 0.03185840707964602 0.021238938053097345
1 0.23539823008849559 0.4731563421828908 0.02831858407079646 0.01887905604719764
1 0.38023598820058996 0.5005899705014749 0.028908554572271386 0.023008849557522124
1 0.5368731563421829 0.5212389380530973 0.030678466076696165 0.02182890855457227
1 0.6864306784660766 0.5123893805309735 0.03008849557522124 0.018289085545722714
1 0.8404129793510324 0.5156342182890855 0.03480825958702065 0.021238938053097345
1 0.09469026548672566 0.6174041297935103 0.027728613569321534 0.01592920353982301
1 0.24218289085545722 0.6188790560471976 0.02654867256637168 0.017699115044247787
1 0.387905604719764 0.6383480825958702 0.03480825958702065 0.01887905604719764
1 0.5274336283185841 0.6265486725663717 0.03303834808259587 0.017699115044247787
1 0.6843657817109144 0.628023598820059 0.030678466076696165 0.019469026548672566
1 0.8501474926253687 0.6324483775811209 0.03185840707964602 0.01887905604719764
1 0.848377581120944 0.7799410029498525 0.029498525073746312 0.029498525073746312
1 0.7044247787610619 0.7743362831858407 0.03185840707964602 0.03008849557522124
1 0.5510324483775811 0.771976401179941 0.03303834808259587 0.02064896755162242
1 0.3997050147492625 0.7666666666666666 0.03480825958702065 0.018289085545722714
1 0.24631268436578171 0.7657817109144542 0.028908554572271386 0.020058997050147492
1 0.10206489675516224 0.764306784660767 0.02831858407079646 0.019469026548672566
1 0.10353982300884956 0.9047197640117994 0.02654867256637168 0.018289085545722714
1 0.26666666666666666 0.9023598820058997 0.03185840707964602 0.02182890855457227
1 0.40825958702064896 0.9144542772861357 0.02831858407079646 0.022418879056047197
1 0.5631268436578171 0.9123893805309734 0.02536873156342183 0.024188790560471976
0 0.7091445427728613 0.9150442477876106 0.029498525073746312 0.027138643067846607
1 0.8672566371681416 0.9029498525073746 0.030678466076696165 0.02064896755162242
