0 0.14778761061946902 0.10147492625368731 0.038348082595870206 0.03421828908554572
0 0.32536873156342183 0.06165191740412979 0.10324483775811209 0.043067846607669616
0 0.46696165191740413 0.1200589970501475 0.03008849557522124 0.03008849557522124
0 0.5914454277286135 0.05870206489675516 0.047787610619469026 0.05486725663716814
0 0.7557522123893805 0.035398230088495575 0.07551622418879056 0.05309734513274336
0 0.8766961651917404 0.057227138643067846 0.05545722713864307 0.09793510324483776
0 0.1415929203539823 0.21327433628318584 0.05545722713864307 0.05014749262536873
0 0.30383480825958703 0.22241887905604718 0.06017699115044248 0.04601769911504425
0 0.47640117994100295 0.26312684365781713 0.07964601769911504 0.054277286135693215
0 0.6557522123893805 0.1696165191740413 0.11504424778761062 0.061946902654867256
0 0.752802359882006 0.1846607669616519 0.05663716814159292 0.0471976401179941
0 0.8820058997050148 0.2345132743362832 0.06253687315634218 0.06666666666666667
1 0.1327433628318584 0.38495575221238937 0.03421828908554572 0.047787610619469026
0 0.3117994100294985 0.36578171091445427 0.043067846607669616 0.04129793510324484
0 0.45014749262536874 0.3351032448377581 0.0696165191740413 0.04601769911504425
0 0.6371681415929203 0.37315634218289084 0.049557522123893805 0.10442477876106195
0 0.7949852507374631 0.29705014749262537 0.05958702064896755 0.11976401179941003
0 0.876401179941003 0.3221238938053097 0.047787610619469026 0.05663716814159292
0 0.15250737463126843 0.512684365781711 0.04070796460176991 0.07551622418879056
0 0.3041297935103245 0.5138643067846608 0.03716814159292035 0.08731563421828908
0 0.46932153392330384 0.4687315634218289 0.0607669616519174 0.06784660766961652
0 0.6383480825958702 0.4654867256637168 0.05309734513274336 0.05191740412979351
0 0.7837758112094395 0.5495575221238937 0.07728613569321534 0.10678466076696165
0 0.8690265486725663 0.5303834808259587 0.08023598820058997 0.08023598820058997
0 0.14985250737463127 0.6321533923303835 0.03421828908554572 0.06312684365781711
0 0.3174041297935103 0.6221238938053097 0.05781710914454277 0.047787610619469026
0 0.5053097345132743 0.6002949852507374 0.052507374631268436 0.05014749262536873
0 0.6395280235988201 0.6958702064896755 0.06843657817109144 0.05486725663716814
0 0.7734513274336283 0.6820058997050147 0.04247787610619469 0.10265486725663717
0 0.8911504424778761 0.6525073746312684 0.057227138643067846 0.14749262536873156
1 0.15486725663716813 0.8182890855457227 0.05368731563421829 0.05663716814159292
0 0.29646017699115046 0.8374631268436578 0.07610619469026549 0.06666666666666667
0 0.4911504424778761 0.7749262536873156 0.05958702064896755 0.057227138643067846
0 0.6289085545722713 0.7823008849557522 0.035398230088495575 0.08377581120943953
0 0.7976401179941003 0.8327433628318583 0.0696165191740413 0.09380530973451327
0 0.8648967551622418 0.8017699115044248 0.0743362831858407 0.04247787610619469
