0 0.1421828908554572 0.09646017699115045 0.03893805309734513 0.033628318584070796
0 0.31622418879056047 0.07404129793510325 0.08023598820058997 0.057227138643067846
0 0.4592920353982301 0.13628318584070798 0.03480825958702065 0.040117994100294985
0 0.5961651917404129 0.08230088495575222 0.038348082595870206 0.07492625368731563
0 0.7368731563421829 0.0710914454277286 0.04129793510324484 0.07138643067846608
0 0.8864306784660767 0.07610619469026549 0.047787610619469026 0.08023598820058997
0 0.14041297935103245 0.25604719764011796 0.0471976401179941 0.04365781710914454
0 0.2911504424778761 0.24277286135693216 0.038348082595870206 0.052507374631268436
0 0.4672566371681416 0.2693215339233038 0.03893805309734513 0.05368731563421829
0 0.6132743362831858 0.19498525073746312 0.09970501474926254 0.08436578171091445
0 0.7525073746312684 0.1967551622418879 0.05014749262536873 0.05014749262536873
0 0.8746312684365781 0.25162241887905606 0.0607669616519174 0.07964601769911504
1 0.13333333333333333 0.3920353982300885 0.03421828908554572 0.043067846607669616
0 0.30973451327433627 0.3870206489675516 0.044837758112094395 0.06017699115044248
0 0.451622418879056 0.3374631268436578 0.06784660766961652 0.05781710914454277
0 0.6339233038348082 0.3486725663716814 0.05486725663716814 0.044837758112094395
0 0.7693215339233038 0.33067846607669615 0.04601769911504425 0.10442477876106195
0 0.8716814159292036 0.33628318584070793 0.03480825958702065 0.08613569321533923
0 0.14749262536873156 0.5262536873156343 0.040117994100294985 0.08141592920353982
0 0.3053097345132743 0.5286135693215339 0.03480825958702065 0.08141592920353982
0 0.4684365781710914 0.4814159292035398 0.05309734513274336 0.06489675516224189
0 0.6371681415929203 0.479646017699115 0.04247787610619469 0.049557522123893805
0 0.7699115044247787 0.5587020648967551 0.049557522123893805 0.0943952802359882
0 0.863716814159292 0.5392330383480826 0.06135693215339233 0.07315634218289085
0 0.1504424778761062 0.6504424778761062 0.03303834808259587 0.0359882005899705
0 0.31799410029498526 0.6330383480825958 0.04365781710914454 0.054277286135693215
0 0.484070796460177 0.6241887905604719 0.038348082595870206 0.058997050147492625
0 0.6289085545722713 0.6823008849557523 0.04601769911504425 0.07492625368731563
0 0.7811209439528024 0.6976401179941003 0.04837758112094395 0.09262536873156342
0 0.8707964601769911 0.6982300884955752 0.04837758112094395 0.12802359882005898
0 0.15663716814159293 0.8404129793510324 0.04542772861356932 0.057227138643067846
0 0.3117994100294985 0.8345132743362832 0.043067846607669616 0.09262536873156342
0 0.49616519174041296 0.7864306784660767 0.06607669616519174 0.05191740412979351
0 0.6283185840707964 0.7958702064896755 0.03303834808259587 0.06607669616519174
0 0.768141592920354 0.8374631268436578 0.03421828908554572 0.08908554572271386
0 0.8619469026548673 0.8141592920353982 0.08495575221238938 0.03303834808259587
