1 0.10029498525073746 0.12743362831858407 0.029498525073746312 0.02359882005899705
1 0.22772861356932153 0.1454277286135693 0.025958702064896755 0.02064896755162242
1 0.3864306784660767 0.14513274336283186 0.025958702064896755 0.022418879056047197
1 0.536283185840708 0.14277286135693215 0.03303834808259587 0.021238938053097345
1 0.691150442477876 0.14365781710914455 0.027728613569321534 0.032448377581120944
1 0.8489675516224189 0.12389380530973451 0.03775811209439528 0.017699115044247787
1 0.8421828908554572 0.3613569321533923 0.03716814159292035 0.024188790560471976
1 0.6790560471976401 0.34572271386430675 0.035398230088495575 0.022418879056047197
1 0.5188790560471976 0.35162241887905604 0.032448377581120944 0.015339233038348082
1 0.3740412979351032 0.3224188790560472 0.03185840707964602 0.02064896755162242
1 0.21710914454277286 0.328023598820059 0.029498525073746312 0.02359882005899705
1 0.1 0.33244837758112095 0.02654867256637168 0.019469026548672566
1 0.09085545722713864 0.47286135693215336 0.025958702064896755 0.01710914454277286
1 0.2359882005899705 0.4696165191740413 0.02831858407079646 0.015339233038348082
1 0.384070796460177 0.5041297935103245 0.02831858407079646 0.02536873156342183
1 0.5404129793510324 0.5224188790560472 0.027138643067846607 0.02182890855457227
1 0.6896755162241888 0.512684365781711 0.035398230088495575 0.01887905604719764
1 0.8383480825958702 0.5117994100294985 0.03775811209439528 0.028908554572271386
1 0.8486725663716814 0.6324483775811209 0.03008849557522124 0.020058997050147492
1 0.6858407079646017 0.628023598820059 0.03008849557522124 0.018289085545722714
1 0.5289085545722714 0.6230088495575221 0.028908554572271386 0.020058997050147492
1 0.38436578171091446 0.6392330383480825 0.032448377581120944 0.019469026548672566
1 0.24188790560471976 0.6238938053097345 0.030678466076696165 0.02064896755162242
1 0.0967551622418879 0.616519174041298 0.02831858407079646 0.01415929203539823
1 0.1056047197640118 0.7628318584070797 0.027138643067846607 0.017699115044247787
1 0.24660766961651917 0.7651917404129793 0.030678466076696165 0.017699115044247787
1 0.40058997050147493 0.7678466076696165 0.04129793510324484 0.024188790560471976
1 0.5486725663716814 0.7728613569321534 0.03775811209439528 0.022418879056047197
1 0.7058997050147493 0.7755162241887905 0.03008849557522124 0.02536873156342183
1 0.8501474926253687 0.7799410029498525 0.029498525073746312 0.03185840707964602
1 0.10619469026548672 0.9002949852507375 0.030678466076696165 0.016519174041297935
1 0.26666666666666666 0.8997050147492626 0.03185840707964602 0.02359882005899705
1 0.4103244837758112 0.911504424778761 0.02654867256637168 0.02359882005899705
1 0.5660766961651917 0.9135693215339233 0.027728613569321534 0.023008849557522124
1 0.7091445427728613 0.9123893805309734 0.029498525073746312 0.03126843657817109
1 0.8666666666666667 0.9050147492625369 0.03421828908554572 0.020058997050147492
