1 0.11179941002949853 0.10589970501474927 0.04188790560471976 0.014749262536873156
1 0.2551622418879056 0.10442477876106195 0.033628318584070796 0.020058997050147492
1 0.39646017699115044 0.10884955752212389 0.035398230088495575 0.019469026548672566
1 0.5430678466076696 0.10707964601769912 0.03126843657817109 0.019469026548672566
1 0.7100294985250737 0.11799410029498525 0.0359882005899705 0.027138643067846607
1 0.8581120943952802 0.12477876106194691 0.032448377581120944 0.023008849557522124
1 0.12300884955752212 0.22920353982300884 0.03008849557522124 0.019469026548672566
1 0.24336283185840707 0.22861356932153393 0.028908554572271386 0.019469026548672566
1 0.3935103244837758 0.228023598820059 0.030678466076696165 0.02182890855457227
1 0.5410029498525074 0.2312684365781711 0.03657817109144543 0.022418879056047197
1 0.7026548672566372 0.228023598820059 0.03657817109144543 0.024188790560471976
1 0.8604719764011799 0.23628318584070795 0.032448377581120944 0.023008849557522124
1 0.12536873156342182 0.36755162241887906 0.03008849557522124 0.024778761061946902
1 0.23480825958702065 0.36106194690265486 0.03657817109144543 0.01887905604719764
1 0.3702064896755162 0.3678466076696165 0.03716814159292035 0.024188790560471976
1 0.543952802359882 0.37168141592920356 0.03893805309734513 0.01887905604719764
1 0.6893805309734513 0.36696165191740415 0.0359882005899705 0.020058997050147492
1 0.8669616519174042 0.3775811209439528 0.038348082595870206 0.017699115044247787
1 0.1191740412979351 0.5268436578171092 0.030678466076696165 0.025958702064896755
1 0.23628318584070795 0.5271386430678466 0.03008849557522124 0.02064896755162242
1 0.36755162241887906 0.5053097345132743 0.040117994100294985 0.02182890855457227
1 0.5471976401179941 0.4988200589970501 0.038348082595870206 0.019469026548672566
1 0.6973451327433628 0.49557522123893805 0.03657817109144543 0.021238938053097345
1 0.8548672566371681 0.4911504424778761 0.03775811209439528 0.019469026548672566
1 0.11386430678466077 0.6595870206489676 0.03185840707964602 0.027138643067846607
1 0.2312684365781711 0.6678466076696166 0.03303834808259587 0.020058997050147492
1 0.36755162241887906 0.6646017699115044 0.03657817109144543 0.02536873156342183
1 0.5286135693215339 0.6595870206489676 0.03657817109144543 0.020058997050147492
1 0.6905604719764011 0.6604719764011799 0.03716814159292035 0.024188790560471976
1 0.8533923303834808 0.6610619469026549 0.0359882005899705 0.02064896755162242
1 0.1215339233038348 0.8109144542772861 0.03185840707964602 0.02182890855457227
1 0.2359882005899705 0.8082595870206489 0.03185840707964602 0.021238938053097345
1 0.37374631268436576 0.8129793510324483 0.03480825958702065 0.021238938053097345
1 0.5150442477876106 0.8117994100294985 0.03775811209439528 0.027138643067846607
1 0.6920353982300885 0.8047197640117993 0.035398230088495575 0.017699115044247787
1 0.8486725663716814 0.8117994100294985 0.0359882005899705 0.022418879056047197
