1 0.13628318584070798 0.09498525073746313 0.035398230088495575 0.022418879056047197
1 0.28997050147492626 0.08643067846607669 0.03008849557522124 0.028908554572271386
1 0.43805309734513276 0.08613569321533923 0.024188790560471976 0.02359882005899705
1 0.5926253687315635 0.08790560471976401 0.028908554572271386 0.025958702064896755
1 0.7315634218289085 0.09970501474926254 0.030678466076696165 0.021238938053097345
1 0.8926253687315634 0.09911504424778761 0.03303834808259587 0.016519174041297935
1 0.14985250737463127 0.22123893805309736 0.03185840707964602 0.025958702064896755
1 0.2958702064896755 0.22418879056047197 0.038348082595870206 0.027138643067846607
1 0.4510324483775811 0.2271386430678466 0.0359882005899705 0.020058997050147492
1 0.6032448377581121 0.2336283185840708 0.04070796460176991 0.020058997050147492
1 0.7569321533923303 0.2351032448377581 0.027138643067846607 0.01710914454277286
1 0.8952802359882006 0.23569321533923304 0.027728613569321534 0.018289085545722714
1 0.15191740412979352 0.3678466076696165 0.0359882005899705 0.02182890855457227
1 0.3144542772861357 0.37168141592920356 0.03303834808259587 0.021238938053097345
1 0.47227138643067845 0.3752212389380531 0.032448377581120944 0.02359882005899705
1 0.6126843657817109 0.363716814159292 0.03952802359882006 0.023008849557522124
1 0.7613569321533923 0.37492625368731564 0.02654867256637168 0.01592920353982301
1 0.9029498525073746 0.3817109144542773 0.03008849557522124 0.017699115044247787
1 0.1616519174041298 0.4846607669616519 0.03421828908554572 0.024188790560471976
1 0.3123893805309734 0.48672566371681414 0.032448377581120944 0.022418879056047197
1 0.46106194690265484 0.4784660766961652 0.0359882005899705 0.015339233038348082
1 0.6203539823008849 0.5 0.028908554572271386 0.023008849557522124
1 0.7622418879056048 0.5292035398230088 0.027138643067846607 0.017699115044247787
1 0.9100294985250738 0.5259587020648967 0.03008849557522124 0.02654867256637168
1 0.15870206489675515 0.6395280235988201 0.03185840707964602 0.01887905604719764
1 0.31976401179941005 0.6545722713864307 0.03421828908554572 0.019469026548672566
1 0.48348082595870207 0.6480825958702064 0.03008849557522124 0.02182890855457227
1 0.6247787610619469 0.6761061946902654 0.03303834808259587 0.021238938053097345
1 0.7820058997050148 0.6699115044247788 0.03480825958702065 0.02182890855457227
1 0.9014749262536873 0.6651917404129793 0.02831858407079646 0.018289085545722714
1 0.15398230088495574 0.8805309734513275 0.035398230088495575 0.01592920353982301
1 0.3070796460176991 0.856637168141593 0.02536873156342183 0.03185840707964602
1 0.4640117994100295 0.8551622418879056 0.03126843657817109 0.018289085545722714
1 0.615929203539823 0.8528023598820059 0.02359882005899705 0.023008849557522124
1 0.7702064896755162 0.8545722713864307 0.027728613569321534 0.019469026548672566
1 0.9 0.8722713864306785 0.027728613569321534 0.02064896755162242
