1 0.14926253687315633 0.0943952802359882 0.03421828908554572 0.030678466076696165
0 0.3041297935103245 0.06843657817109144 0.05132743362831858 0.058997050147492625
0 0.4663716814159292 0.13185840707964602 0.02536873156342183 0.033628318584070796
0 0.5979351032448378 0.08348082595870207 0.04542772861356932 0.06784660766961652
0 0.7383480825958701 0.07020648967551622 0.052507374631268436 0.07669616519174041
0 0.9020648967551622 0.07168141592920355 0.040117994100294985 0.0584070796460177
0 0.14513274336283186 0.24926253687315633 0.049557522123893805 0.04424778761061947
1 0.29380530973451324 0.23716814159292035 0.04247787610619469 0.05073746312684366
0 0.46755162241887904 0.2669616519174041 0.03126843657817109 0.052507374631268436
0 0.6061946902654867 0.20058997050147492 0.07964601769911504 0.071976401179941
0 0.7530973451327434 0.20766961651917404 0.05368731563421829 0.05663716814159292
0 0.8775811209439528 0.24572271386430677 0.057227138643067846 0.05958702064896755
1 0.13392330383480827 0.3846607669616519 0.03303834808259587 0.027138643067846607
0 0.31091445427728615 0.3828908554572271 0.04601769911504425 0.06135693215339233
0 0.4557522123893805 0.3383480825958702 0.06312684365781711 0.05368731563421829
0 0.6312684365781711 0.3430678466076696 0.04601769911504425 0.05604719764011799
0 0.7731563421828909 0.34041297935103243 0.043067846607669616 0.09321533923303835
0 0.8672566371681416 0.33775811209439527 0.044837758112094395 0.07610619469026549
0 0.14896755162241887 0.5224188790560472 0.04070796460176991 0.07020648967551622
0 0.30737463126843656 0.5221238938053098 0.03303834808259587 0.06135693215339233
0 0.4622418879056047 0.48289085545722715 0.057227138643067846 0.0584070796460177
0 0.6389380530973451 0.479646017699115 0.044837758112094395 0.04129793510324484
0 0.7705014749262536 0.551622418879056 0.04601769911504425 0.08023598820058997
0 0.8601769911504424 0.5386430678466076 0.05191740412979351 0.058997050147492625
1 0.14601769911504425 0.6572271386430678 0.0359882005899705 0.017699115044247787
0 0.3144542772861357 0.631858407079646 0.040117994100294985 0.05309734513274336
0 0.4846607669616519 0.6227138643067847 0.038348082595870206 0.0607669616519174
0 0.6333333333333333 0.6805309734513274 0.033628318584070796 0.061946902654867256
0 0.7737463126843658 0.6932153392330384 0.033628318584070796 0.08023598820058997
0 0.8825958702064897 0.6952802359882005 0.04601769911504425 0.09262536873156342
0 0.15103244837758112 0.8342182890855457 0.03893805309734513 0.05309734513274336
0 0.3094395280235988 0.823598820058997 0.03480825958702065 0.06489675516224189
0 0.49793510324483775 0.7884955752212389 0.06253687315634218 0.05014749262536873
0 0.628023598820059 0.8 0.03480825958702065 0.05191740412979351
0 0.7672566371681416 0.8336283185840708 0.03008849557522124 0.08967551622418879
0 0.8705014749262536 0.8221238938053097 0.08436578171091445 0.0359882005899705
