1 0.1410029498525074 0.12536873156342182 0.03893805309734513 0.018289085545722714
1 0.2861356932153392 0.11740412979351032 0.035398230088495575 0.01887905604719764
1 0.4575221238938053 0.10855457227138643 0.0359882005899705 0.015339233038348082
1 0.5994100294985251 0.10766961651917403 0.03775811209439528 0.019469026548672566
1 0.7427728613569321 0.1056047197640118 0.03893805309734513 0.01887905604719764
1 0.8884955752212389 0.10353982300884956 0.03775811209439528 0.01710914454277286
1 0.8772861356932153 0.22772861356932153 0.03303834808259587 0.022418879056047197
1 0.7510324483775811 0.23067846607669618 0.03185840707964602 0.016519174041297935
1 0.6044247787610619 0.22890855457227138 0.03952802359882006 0.01887905604719764
1 0.4584070796460177 0.23244837758112094 0.03421828908554572 0.020058997050147492
1 0.2967551622418879 0.2271386430678466 0.03775811209439528 0.016519174041297935
1 0.1398230088495575 0.231858407079646 0.035398230088495575 0.017699115044247787
1 0.13303834808259588 0.3769911504424779 0.04424778761061947 0.01887905604719764
1 0.3079646017699115 0.36519174041297936 0.03657817109144543 0.015339233038348082
1 0.45191740412979353 0.3710914454277286 0.03775811209439528 0.01415929203539823
1 0.6289085545722713 0.36991150442477877 0.03775811209439528 0.01887905604719764
1 0.7631268436578171 0.359882005899705 0.0359882005899705 0.02359882005899705
1 0.8769911504424779 0.36755162241887906 0.027728613569321534 0.02359882005899705
1 0.1454277286135693 0.49203539823008846 0.033628318584070796 0.022418879056047197
1 0.3 0.4958702064896755 0.03716814159292035 0.02064896755162242
1 0.45073746312684365 0.4970501474926254 0.035398230088495575 0.02182890855457227
1 0.6306784660766962 0.5079646017699115 0.03775811209439528 0.021238938053097345
1 0.763716814159292 0.5265486725663717 0.033628318584070796 0.018289085545722714
1 0.8787610619469026 0.5247787610619469 0.02182890855457227 0.027728613569321534
1 0.14424778761061946 0.6619469026548672 0.0359882005899705 0.02831858407079646
1 0.3079646017699115 0.6578171091445427 0.03775811209439528 0.021238938053097345
1 0.47109144542772863 0.6592920353982301 0.03008849557522124 0.02064896755162242
1 0.6315634218289086 0.6648967551622419 0.03480825958702065 0.022418879056047197
1 0.7672566371681416 0.6672566371681415 0.027728613569321534 0.020058997050147492
1 0.8861356932153392 0.6637168141592921 0.025958702064896755 0.022418879056047197
1 0.8799410029498524 0.8088495575221238 0.03008849557522124 0.020058997050147492
1 0.7584070796460177 0.8082595870206489 0.038348082595870206 0.017699115044247787
1 0.6297935103244837 0.8147492625368732 0.03126843657817109 0.016519174041297935
1 0.4864306784660767 0.8135693215339233 0.03008849557522124 0.021238938053097345
1 0.3070796460176991 0.8053097345132744 0.038348082595870206 0.016519174041297935
1 0.15073746312684366 0.8106194690265487 0.038348082595870206 0.020058997050147492
