1 0.1 0.14749262536873156 0.027728613569321534 0.025958702064896755
1 0.22182890855457227 0.1504424778761062 0.02831858407079646 0.020058997050147492
1 0.3648967551622419 0.1457227138643068 0.02536873156342183 0.027138643067846607
1 0.5262536873156343 0.1454277286135693 0.03657817109144543 0.023008849557522124
1 0.68023598820059 0.13303834808259588 0.03775811209439528 0.02064896755162242
1 0.8395280235988201 0.1191740412979351 0.02831858407079646 0.022418879056047197
1 0.09587020648967551 0.33628318584070793 0.027728613569321534 0.021238938053097345
1 0.21533923303834807 0.32831858407079645 0.029498525073746312 0.02064896755162242
1 0.37315634218289084 0.3230088495575221 0.032448377581120944 0.019469026548672566
1 0.5156342182890855 0.35221238938053095 0.030678466076696165 0.015339233038348082
1 0.6764011799410029 0.34513274336283184 0.03126843657817109 0.02359882005899705
1 0.8412979351032448 0.3616519174041298 0.03303834808259587 0.017699115044247787
1 0.08820058997050148 0.4749262536873156 0.028908554572271386 0.02359882005899705
1 0.23539823008849559 0.4696165191740413 0.025958702064896755 0.01887905604719764
1 0.3775811209439528 0.5014749262536873 0.030678466076696165 0.02359882005899705
1 0.5356932153392331 0.5203539823008849 0.03185840707964602 0.020058997050147492
1 0.6876106194690266 0.5123893805309735 0.03126843657817109 0.018289085545722714
1 0.8415929203539823 0.5165191740412979 0.03008849557522124 0.019469026548672566
1 0.8454277286135693 0.6327433628318584 0.035398230088495575 0.01592920353982301
1 0.6855457227138643 0.6292035398230088 0.03421828908554572 0.019469026548672566
1 0.5312684365781711 0.623598820058997 0.03126843657817109 0.016519174041297935
1 0.38495575221238937 0.6383480825958702 0.032448377581120944 0.021238938053097345
1 0.24041297935103245 0.612094395280236 0.02654867256637168 0.01710914454277286
1 0.09233038348082595 0.6162241887905605 0.033628318584070796 0.01592920353982301
1 0.10383480825958702 0.7640117994100295 0.024778761061946902 0.021238938053097345
1 0.2471976401179941 0.7684365781710915 0.02831858407079646 0.01710914454277286
1 0.39882005899705014 0.7657817109144542 0.03657817109144543 0.020058997050147492
1 0.5495575221238937 0.771976401179941 0.032448377581120944 0.019469026548672566
1 0.707669616519174 0.7705014749262536 0.032448377581120944 0.02359882005899705
1 0.8507374631268436 0.7823008849557522 0.03657817109144543 0.030678466076696165
1 0.8669616519174042 0.8988200589970501 0.02654867256637168 0.02064896755162242
1 0.7079646017699115 0.9129793510324483 0.03185840707964602 0.023008849557522124
1 0.5628318584070796 0.9141592920353983 0.024778761061946902 0.02182890855457227
1 0.40530973451327434 0.9126843657817109 0.024778761061946902 0.02359882005899705
1 0.2634218289085546 0.9029498525073746 0.032448377581120944 0.02064896755162242
1 0.10235988200589971 0.9038348082595871 0.024188790560471976 0.01415929203539823
