1 0.10058997050147492 0.1480825958702065 0.02654867256637168 0.025958702064896755
1 0.22330383480825958 0.14985250737463127 0.02536873156342183 0.020058997050147492
1 0.36430678466076694 0.1457227138643068 0.02654867256637168 0.021238938053097345
1 0.5256637168141592 0.1383480825958702 0.03303834808259587 0.03008849557522124
1 0.679646017699115 0.13569321533923304 0.03421828908554572 0.024778761061946902
1 0.8418879056047197 0.12536873156342182 0.040117994100294985 0.027728613569321534
1 0.8427728613569322 0.359882005899705 0.032448377581120944 0.022418879056047197
1 0.6787610619469027 0.34572271386430675 0.03126843657817109 0.022418879056047197
1 0.5156342182890855 0.3536873156342183 0.030678466076696165 0.023008849557522124
1 0.3710914454277286 0.328023598820059 0.03303834808259587 0.020058997050147492
1 0.2168141592920354 0.3303834808259587 0.028908554572271386 0.022418879056047197
1 0.09911504424778761 0.3380530973451327 0.02831858407079646 0.01887905604719764
1 0.08761061946902654 0.471976401179941 0.024188790560471976 0.022418879056047197
1 0.2368731563421829 0.4755162241887906 0.02536873156342183 0.015339233038348082
1 0.3817109144542773 0.49970501474926254 0.02831858407079646 0.025958702064896755
1 0.5348082595870206 0.5215339233038347 0.02182890855457227 0.017699115044247787
1 0.684070796460177 0.5129793510324484 0.032448377581120944 0.02064896755162242
1 0.8412979351032448 0.5188790560471976 0.035398230088495575 0.024188790560471976
1 0.09557522123893805 0.6182890855457227 0.025958702064896755 0.017699115044247787
1 0.240117994100295 0.6206489675516225 0.02359882005899705 0.015339233038348082
1 0.387905604719764 0.6368731563421829 0.03008849557522124 0.024188790560471976
1 0.5292035398230088 0.6268436578171092 0.03303834808259587 0.02064896755162242
1 0.6861356932153392 0.628023598820059 0.030678466076696165 0.024188790560471976
1 0.8474926253687316 0.6333333333333333 0.027728613569321534 0.01710914454277286
1 0.10265486725663717 0.7634218289085546 0.030678466076696165 0.022418879056047197
1 0.24660766961651917 0.7684365781710915 0.024778761061946902 0.02536873156342183
1 0.3979351032448378 0.7651917404129793 0.03480825958702065 0.025958702064896755
1 0.5528023598820059 0.7731563421828909 0.030678466076696165 0.02064896755162242
1 0.703834808259587 0.7775811209439528 0.030678466076696165 0.025958702064896755
1 0.8501474926253687 0.7814159292035399 0.030678466076696165 0.027728613569321534
1 0.10619469026548672 0.9011799410029498 0.03185840707964602 0.023008849557522124
1 0.2663716814159292 0.9035398230088495 0.028908554572271386 0.024188790560471976
0 0.40471976401179943 0.9123893805309734 0.027138643067846607 0.02654867256637168
1 0.5628318584070796 0.9106194690265487 0.025958702064896755 0.027728613569321534
0 0.7112094395280236 0.9179941002949852 0.03008849557522124 0.03421828908554572
1 0.8678466076696165 0.891740412979351 0.035398230088495575 0.032448377581120944
