1 0.12212389380530973 0.10855457227138643 0.03185840707964602 0.022418879056047197
1 0.29646017699115046 0.11563421828908554 0.03008849557522124 0.021238938053097345
1 0.44837758112094395 0.12330383480825959 0.029498525073746312 0.022418879056047197
1 0.6215339233038348 0.1421828908554572 0.03008849557522124 0.01887905604719764
1 0.7587020648967552 0.14660766961651917 0.025958702064896755 0.02654867256637168
1 0.935693215339233 0.1424778761061947 0.02359882005899705 0.01592920353982301
1 0.11976401179941003 0.27728613569321536 0.03657817109144543 0.021238938053097345
1 0.29970501474926253 0.2799410029498525 0.03185840707964602 0.024188790560471976
1 0.456047197640118 0.29852507374631265 0.040117994100294985 0.021238938053097345
1 0.6138643067846608 0.3023598820058997 0.03480825958702065 0.023008849557522124
1 0.7545722713864307 0.29882005899705016 0.030678466076696165 0.019469026548672566
1 0.9277286135693216 0.3005899705014749 0.032448377581120944 0.018289085545722714
1 0.12448377581120944 0.4392330383480826 0.03303834808259587 0.019469026548672566
1 0.28466076696165193 0.4407079646017699 0.027728613569321534 0.01887905604719764
1 0.44542772861356933 0.4421828908554572 0.03303834808259587 0.02182890855457227
1 0.608259587020649 0.44660766961651915 0.03185840707964602 0.020058997050147492
1 0.755457227138643 0.4463126843657817 0.0359882005899705 0.02536873156342183
1 0.9362831858407079 0.4498525073746313 0.02831858407079646 0.018289085545722714
1 0.12389380530973451 0.5831858407079646 0.030678466076696165 0.02654867256637168
1 0.28643067846607667 0.5781710914454277 0.03480825958702065 0.021238938053097345
1 0.4471976401179941 0.5787610619469027 0.03185840707964602 0.016519174041297935
1 0.6050147492625368 0.5787610619469027 0.03008849557522124 0.021238938053097345
1 0.7495575221238938 0.5876106194690265 0.028908554572271386 0.01887905604719764
1 0.9330383480825959 0.5976401179941003 0.03126843657817109 0.022418879056047197
1 0.13303834808259588 0.7056047197640118 0.02182890855457227 0.035398230088495575
1 0.2911504424778761 0.7 0.032448377581120944 0.02182890855457227
1 0.4486725663716814 0.7002949852507374 0.027728613569321534 0.020058997050147492
1 0.6058997050147492 0.7061946902654868 0.035398230088495575 0.021238938053097345
1 0.7545722713864307 0.7179941002949852 0.030678466076696165 0.02831858407079646
1 0.9359882005899705 0.7212389380530974 0.033628318584070796 0.02064896755162242
1 0.9327433628318584 0.8348082595870207 0.03893805309734513 0.01887905604719764
1 0.7675516224188791 0.8362831858407079 0.035398230088495575 0.02064896755162242
1 0.5920353982300884 0.8336283185840708 0.03480825958702065 0.017699115044247787
1 0.4457227138643068 0.8477876106194691 0.032448377581120944 0.020058997050147492
1 0.2752212389380531 0.8362831858407079 0.03126843657817109 0.027728613569321534
1 0.12949852507374632 0.8678466076696165 0.023008849557522124 0.030678466076696165
