1 0.09852507374631268 0.12684365781710916 0.030678466076696165 0.025958702064896755
1 0.2294985250737463 0.1454277286135693 0.027138643067846607 0.019469026548672566
1 0.38348082595870203 0.1457227138643068 0.025958702064896755 0.027138643067846607
1 0.5356932153392331 0.14513274336283186 0.03657817109144543 0.022418879056047197
1 0.691150442477876 0.1433628318584071 0.023008849557522124 0.03657817109144543
1 0.8480825958702065 0.11887905604719765 0.03126843657817109 0.01592920353982301
1 0.0967551622418879 0.33539823008849556 0.02831858407079646 0.01710914454277286
1 0.2168141592920354 0.328023598820059 0.032448377581120944 0.020058997050147492
1 0.3740412979351032 0.32359882005899704 0.03421828908554572 0.019469026548672566
1 0.5156342182890855 0.3519174041297935 0.027138643067846607 0.02064896755162242
1 0.6790560471976401 0.34513274336283184 0.03775811209439528 0.02359882005899705
1 0.8430678466076696 0.36224188790560474 0.03303834808259587 0.022418879056047197
1 0.08938053097345133 0.47345132743362833 0.033628318584070796 0.02182890855457227
1 0.2351032448377581 0.47109144542772863 0.03008849557522124 0.02182890855457227
1 0.38082595870206487 0.5011799410029498 0.03008849557522124 0.02064896755162242
1 0.5356932153392331 0.5218289085545723 0.03421828908554572 0.019469026548672566
1 0.6876106194690266 0.5138643067846608 0.03008849557522124 0.01887905604719764
1 0.8398230088495575 0.515339233038348 0.03126843657817109 0.02182890855457227
1 0.09646017699115045 0.615929203539823 0.03126843657817109 0.020058997050147492
1 0.23952802359882006 0.623598820058997 0.029498525073746312 0.01887905604719764
1 0.387905604719764 0.6365781710914454 0.04070796460176991 0.02359882005899705
1 0.5274336283185841 0.6238938053097345 0.03185840707964602 0.02064896755162242
1 0.6846607669616519 0.628023598820059 0.03008849557522124 0.019469026548672566
1 0.8466076696165191 0.6327433628318584 0.035398230088495575 0.02064896755162242
1 0.10294985250737462 0.7625368731563422 0.02654867256637168 0.018289085545722714
1 0.24513274336283186 0.7648967551622419 0.03480825958702065 0.02064896755162242
1 0.39941002949852505 0.7657817109144542 0.040117994100294985 0.022418879056047197
1 0.5513274336283186 0.772566371681416 0.033628318584070796 0.02064896755162242
1 0.7050147492625368 0.7761061946902654 0.035398230088495575 0.028908554572271386
1 0.8513274336283185 0.779646017699115 0.035398230088495575 0.03480825958702065
1 0.10501474926253687 0.9005899705014749 0.030678466076696165 0.019469026548672566
1 0.26666666666666666 0.8991150442477875 0.029498525073746312 0.022418879056047197
1 0.40648967551622417 0.9094395280235988 0.02831858407079646 0.02654867256637168
1 0.5628318584070796 0.9123893805309734 0.030678466076696165 0.024188790560471976
1 0.7094395280235988 0.9135693215339233 0.03008849557522124 0.03008849557522124
1 0.8657817109144542 0.9056047197640118 0.03480825958702065 0.017699115044247787
