0 0.10678466076696165 0.11769911504424779 0.02831858407079646 0.03126843657817109
0 0.30619469026548674 0.1421828908554572 0.029498525073746312 0.035398230088495575
0 0.4545722713864307 0.13628318584070798 0.028908554572271386 0.035398230088495575
1 0.591740412979351 0.17787610619469027 0.02831858407079646 0.033628318584070796
1 0.7616519174041297 0.1672566371681416 0.022418879056047197 0.033628318584070796
1 0.9262536873156342 0.15870206489675515 0.02831858407079646 0.017699115044247787
1 0.13392330383480827 0.29469026548672567 0.02359882005899705 0.03126843657817109
1 0.2929203539823009 0.30117994100294987 0.03126843657817109 0.02064896755162242
1 0.4471976401179941 0.31091445427728615 0.03303834808259587 0.03185840707964602
1 0.6020648967551623 0.2604719764011799 0.0359882005899705 0.027728613569321534
0 0.7392330383480826 0.30855457227138644 0.03775811209439528 0.02831858407079646
0 0.9262536873156342 0.30265486725663715 0.03657817109144543 0.029498525073746312
0 0.1421828908554572 0.4433628318584071 0.02831858407079646 0.038348082595870206
0 0.29174041297935105 0.4044247787610619 0.03126843657817109 0.03952802359882006
1 0.44778761061946903 0.4218289085545723 0.02831858407079646 0.02359882005899705
1 0.6064896755162241 0.4218289085545723 0.03421828908554572 0.02359882005899705
1 0.7501474926253687 0.41386430678466074 0.027728613569321534 0.02182890855457227
1 0.9389380530973451 0.3855457227138643 0.027728613569321534 0.02536873156342183
0 0.13333333333333333 0.5377581120943953 0.030678466076696165 0.03716814159292035
1 0.2849557522123894 0.5619469026548672 0.03421828908554572 0.02064896755162242
1 0.44955752212389377 0.5581120943952802 0.02831858407079646 0.022418879056047197
1 0.6188790560471976 0.5401179941002949 0.035398230088495575 0.03716814159292035
1 0.7646017699115044 0.5634218289085545 0.03421828908554572 0.03303834808259587
1 0.9353982300884955 0.547787610619469 0.024188790560471976 0.02536873156342183
1 0.12507374631268436 0.7112094395280236 0.03421828908554572 0.03716814159292035
0 0.31799410029498526 0.6982300884955752 0.03421828908554572 0.03716814159292035
0 0.4528023598820059 0.7206489675516224 0.038348082595870206 0.02654867256637168
0 0.6191740412979351 0.664306784660767 0.033628318584070796 0.030678466076696165
1 0.7696165191740413 0.6938053097345133 0.03008849557522124 0.017699115044247787
1 0.928023598820059 0.6973451327433628 0.024778761061946902 0.020058997050147492
1 0.1359882005899705 0.9026548672566371 0.0359882005899705 0.03185840707964602
1 0.2982300884955752 0.8799410029498524 0.03126843657817109 0.02536873156342183
0 0.47522123893805307 0.8755162241887906 0.02654867256637168 0.02359882005899705
0 0.6297935103244837 0.8451327433628318 0.032448377581120944 0.03716814159292035
1 0.7820058997050148 0.8218289085545722 0.02654867256637168 0.024778761061946902
1 0.9365781710914454 0.8569321533923304 0.028908554572271386 0.02064896755162242
