1 0.06017699115044248 0.1486725663716814 0.030678466076696165 0.017699115044247787
1 0.18289085545722714 0.18761061946902655 0.025958702064896755 0.03421828908554572
0 0.368141592920354 0.16047197640117994 0.029498525073746312 0.03893805309734513
0 0.5191740412979351 0.14365781710914455 0.03303834808259587 0.032448377581120944
1 0.6991150442477876 0.11946902654867256 0.030678466076696165 0.02536873156342183
1 0.8581120943952802 0.0911504424778761 0.04070796460176991 0.03480825958702065
0 0.0696165191740413 0.30678466076696165 0.024778761061946902 0.022418879056047197
0 0.22625368731563422 0.32654867256637166 0.027728613569321534 0.03480825958702065
0 0.3705014749262537 0.34365781710914456 0.03303834808259587 0.03126843657817109
1 0.543952802359882 0.28761061946902655 0.03657817109144543 0.027728613569321534
0 0.6637168141592921 0.30619469026548674 0.02359882005899705 0.0471976401179941
1 0.8710914454277287 0.307669616519174 0.04188790560471976 0.03126843657817109
1 0.06283185840707964 0.4584070796460177 0.02182890855457227 0.030678466076696165
1 0.23716814159292035 0.4351032448377581 0.035398230088495575 0.0359882005899705
0 0.37079646017699114 0.46283185840707963 0.02182890855457227 0.043067846607669616
1 0.547787610619469 0.4451327433628319 0.033628318584070796 0.024188790560471976
1 0.7117994100294985 0.4368731563421829 0.032448377581120944 0.02064896755162242
0 0.8595870206489675 0.46607669616519176 0.027138643067846607 0.03421828908554572
0 0.05693215339233038 0.5979351032448378 0.02536873156342183 0.043067846607669616
1 0.25073746312684364 0.587315634218289 0.030678466076696165 0.02182890855457227
1 0.39321533923303836 0.5784660766961652 0.033628318584070796 0.02064896755162242
1 0.551622418879056 0.5775811209439528 0.027138643067846607 0.022418879056047197
1 0.7070796460176991 0.5979351032448378 0.033628318584070796 0.03952802359882006
0 0.856637168141593 0.5584070796460177 0.03775811209439528 0.03716814159292035
1 0.07640117994100296 0.7050147492625368 0.04070796460176991 0.02831858407079646
1 0.06784660766961652 0.8333333333333334 0.03421828908554572 0.033628318584070796
1 0.2584070796460177 0.6964601769911505 0.03303834808259587 0.023008849557522124
0 0.2604719764011799 0.8215339233038348 0.0359882005899705 0.032448377581120944
1 0.39882005899705014 0.7380530973451327 0.03421828908554572 0.02831858407079646
1 0.40914454277286133 0.8064896755162242 0.0359882005899705 0.024778761061946902
0 0.5539823008849557 0.6669616519174041 0.03893805309734513 0.032448377581120944
0 0.5480825958702065 0.8669616519174042 0.030678466076696165 0.0359882005899705
1 0.7073746312684366 0.7032448377581121 0.030678466076696165 0.022418879056047197
1 0.8651917404129793 0.7047197640117994 0.023008849557522124 0.03126843657817109
0 0.6917404129793511 0.8581120943952802 0.02654867256637168 0.04188790560471976
1 0.8896755162241887 0.8746312684365781 0.029498525073746312 0.032448377581120944
