0 0.10176991150442477 0.12064896755162241 0.043067846607669616 0.033628318584070796
0 0.2056047197640118 0.15781710914454278 0.07374631268436578 0.10324483775811209
0 0.34985250737463125 0.10707964601769912 0.04247787610619469 0.043067846607669616
0 0.4799410029498525 0.1383480825958702 0.1351032448377581 0.0831858407079646
0 0.6348082595870206 0.1424778761061947 0.10855457227138643 0.06430678466076696
0 0.763716814159292 0.17404129793510326 0.061946902654867256 0.08377581120943953
0 0.12035398230088495 0.2799410029498525 0.04365781710914454 0.07964601769911504
1 0.2327433628318584 0.26843657817109146 0.05604719764011799 0.030678466076696165
0 0.33716814159292036 0.2657817109144543 0.07374631268436578 0.033628318584070796
1 0.49970501474926254 0.28112094395280235 0.03893805309734513 0.03716814159292035
0 0.6548672566371682 0.2563421828908555 0.09321533923303835 0.06666666666666667
0 0.7781710914454277 0.22831858407079647 0.12271386430678466 0.06253687315634218
0 0.10973451327433628 0.4625368731563422 0.05663716814159292 0.035398230088495575
0 0.268141592920354 0.41150442477876104 0.09852507374631268 0.06548672566371681
0 0.37610619469026546 0.45368731563421827 0.07138643067846608 0.1415929203539823
0 0.5047197640117994 0.3973451327433628 0.052507374631268436 0.038348082595870206
0 0.6746312684365782 0.46106194690265484 0.1056047197640118 0.05604719764011799
0 0.7775811209439528 0.424188790560472 0.035398230088495575 0.03893805309734513
0 0.1454277286135693 0.6017699115044248 0.033628318584070796 0.05073746312684366
0 0.32772861356932154 0.6150442477876106 0.07020648967551622 0.14454277286135692
0 0.42212389380530974 0.6017699115044248 0.11504424778761062 0.07315634218289085
0 0.5342182890855457 0.5179941002949853 0.04660766961651917 0.04129793510324484
0 0.6622418879056047 0.5613569321533923 0.10678466076696165 0.12330383480825959
0 0.7814159292035399 0.5530973451327433 0.03480825958702065 0.047787610619469026
1 0.16607669616519175 0.691150442477876 0.04424778761061947 0.043067846607669616
1 0.27227138643067844 0.728023598820059 0.03480825958702065 0.04129793510324484
1 0.26991150442477874 0.771386430678466 0.028908554572271386 0.038348082595870206
0 0.11032448377581121 0.8221238938053097 0.044837758112094395 0.09144542772861357
0 0.4324483775811209 0.7660766961651917 0.12389380530973451 0.11858407079646018
0 0.3902654867256637 0.8513274336283185 0.12920353982300886 0.1215339233038348
0 0.5424778761061947 0.6660766961651917 0.06902654867256637 0.07315634218289085
0 0.5445427728613569 0.8342182890855457 0.08141592920353982 0.13333333333333333
0 0.6896755162241888 0.6775811209439528 0.05309734513274336 0.05014749262536873
0 0.7740412979351032 0.671386430678466 0.12625368731563422 0.10029498525073746
0 0.6525073746312684 0.7837758112094395 0.04601769911504425 0.07138643067846608
0 0.771976401179941 0.7814159292035399 0.17522123893805308 0.06312684365781711
