1 0.13185840707964602 0.13185840707964602 0.019469026548672566 0.033628318584070796
1 0.2743362831858407 0.16342182890855456 0.03303834808259587 0.02831858407079646
1 0.4445427728613569 0.15427728613569322 0.03952802359882006 0.01710914454277286
1 0.5935103244837758 0.16932153392330385 0.030678466076696165 0.025958702064896755
1 0.7646017699115044 0.16519174041297935 0.03775811209439528 0.022418879056047197
1 0.9342182890855457 0.1663716814159292 0.038348082595870206 0.016519174041297935
1 0.935693215339233 0.27728613569321536 0.03657817109144543 0.022418879056047197
1 0.7563421828908554 0.28053097345132744 0.03185840707964602 0.027728613569321534
1 0.6053097345132743 0.2929203539823009 0.030678466076696165 0.023008849557522124
1 0.44955752212389377 0.29852507374631265 0.03185840707964602 0.020058997050147492
1 0.29233038348082596 0.3005899705014749 0.032448377581120944 0.02182890855457227
1 0.13480825958702064 0.2958702064896755 0.023008849557522124 0.03126843657817109
1 0.12389380530973451 0.41622418879056045 0.03185840707964602 0.02536873156342183
1 0.2867256637168142 0.42212389380530974 0.03421828908554572 0.023008849557522124
1 0.4480825958702065 0.4212389380530973 0.032448377581120944 0.020058997050147492
1 0.6053097345132743 0.4215339233038348 0.03185840707964602 0.02064896755162242
1 0.7492625368731564 0.4126843657817109 0.03421828908554572 0.019469026548672566
1 0.9348082595870206 0.40471976401179943 0.028908554572271386 0.022418879056047197
1 0.12536873156342182 0.5613569321533923 0.032448377581120944 0.024188790560471976
1 0.28643067846607667 0.559882005899705 0.03008849557522124 0.01887905604719764
1 0.4471976401179941 0.5569321533923304 0.029498525073746312 0.022418879056047197
1 0.6085545722713864 0.5528023598820059 0.032448377581120944 0.02359882005899705
1 0.7587020648967552 0.5545722713864307 0.030678466076696165 0.024778761061946902
1 0.9339233038348083 0.5486725663716814 0.030678466076696165 0.021238938053097345
1 0.11799410029498525 0.7238938053097345 0.04247787610619469 0.021238938053097345
1 0.30117994100294987 0.7209439528023599 0.03480825958702065 0.024778761061946902
1 0.45486725663716815 0.7011799410029499 0.040117994100294985 0.023008849557522124
1 0.6144542772861357 0.6982300884955752 0.03480825958702065 0.024188790560471976
1 0.7536873156342183 0.7023598820058997 0.03008849557522124 0.02182890855457227
1 0.9289085545722714 0.699410029498525 0.03126843657817109 0.01710914454277286
1 0.93952802359882 0.8581120943952802 0.027728613569321534 0.01710914454277286
1 0.7610619469026548 0.8533923303834808 0.029498525073746312 0.02064896755162242
1 0.6230088495575221 0.8569321533923304 0.03303834808259587 0.023008849557522124
1 0.45014749262536874 0.8766961651917404 0.030678466076696165 0.024778761061946902
1 0.2973451327433628 0.8814159292035398 0.03185840707964602 0.021238938053097345
1 0.12271386430678466 0.8899705014749263 0.03303834808259587 0.023008849557522124
