1 0.09941002949852507 0.12743362831858407 0.033628318584070796 0.021238938053097345
1 0.2303834808259587 0.1463126843657817 0.028908554572271386 0.02359882005899705
1 0.38495575221238937 0.14601769911504425 0.02536873156342183 0.02654867256637168
1 0.5342182890855457 0.14424778761061946 0.033628318584070796 0.023008849557522124
1 0.6908554572271386 0.1448377581120944 0.020058997050147492 0.03716814159292035
1 0.8492625368731563 0.11858407079646018 0.033628318584070796 0.016519174041297935
1 0.09793510324483776 0.33421828908554574 0.029498525073746312 0.02182890855457227
1 0.21386430678466076 0.3286135693215339 0.032448377581120944 0.020058997050147492
1 0.37492625368731564 0.3221238938053097 0.03480825958702065 0.021238938053097345
1 0.5162241887905604 0.35162241887905604 0.03303834808259587 0.01887905604719764
1 0.6831858407079646 0.34690265486725663 0.03303834808259587 0.025958702064896755
1 0.843952802359882 0.36342182890855457 0.032448377581120944 0.020058997050147492
1 0.09026548672566372 0.4737463126843658 0.03185840707964602 0.02359882005899705
1 0.2374631268436578 0.47050147492625366 0.033628318584070796 0.024188790560471976
1 0.3823008849557522 0.5011799410029498 0.029498525073746312 0.02064896755162242
1 0.5392330383480826 0.5200589970501475 0.03421828908554572 0.018289085545722714
1 0.6905604719764011 0.5123893805309735 0.032448377581120944 0.019469026548672566
1 0.8410029498525073 0.5147492625368731 0.032448377581120944 0.024188790560471976
1 0.09646017699115045 0.6168141592920354 0.03480825958702065 0.023008849557522124
1 0.2415929203539823 0.6247787610619469 0.027728613569321534 0.01887905604719764
1 0.38849557522123895 0.6395280235988201 0.04070796460176991 0.020058997050147492
1 0.5283185840707965 0.6256637168141593 0.033628318584070796 0.024188790560471976
1 0.6876106194690266 0.6292035398230088 0.03716814159292035 0.019469026548672566
1 0.8454277286135693 0.631858407079646 0.035398230088495575 0.01887905604719764
1 0.10353982300884956 0.7613569321533923 0.027728613569321534 0.02064896755162242
1 0.2448377581120944 0.7651917404129793 0.027138643067846607 0.01887905604719764
1 0.396165191740413 0.7646017699115044 0.038348082595870206 0.020058997050147492
1 0.5528023598820059 0.7716814159292036 0.030678466076696165 0.017699115044247787
1 0.703834808259587 0.7740412979351032 0.035398230088495575 0.025958702064896755
1 0.8495575221238938 0.7823008849557522 0.03775811209439528 0.03303834808259587
1 0.8654867256637168 0.9053097345132743 0.035398230088495575 0.023008849557522124
1 0.7079646017699115 0.915929203539823 0.035398230088495575 0.02654867256637168
1 0.5628318584070796 0.9135693215339233 0.03185840707964602 0.02182890855457227
1 0.4085545722713864 0.9117994100294985 0.032448377581120944 0.024188790560471976
1 0.2672566371681416 0.8991150442477875 0.030678466076696165 0.020058997050147492
1 0.10678466076696165 0.9029498525073746 0.03185840707964602 0.02064896755162242
