0 0.10324483775811209 0.11740412979351032 0.04129793510324484 0.030678466076696165
0 0.20324483775811208 0.15663716814159293 0.07138643067846608 0.10324483775811209
0 0.35162241887905604 0.10678466076696165 0.04601769911504425 0.04247787610619469
0 0.4808259587020649 0.13864306784660768 0.13805309734513274 0.08495575221238938
0 0.6342182890855457 0.1424778761061947 0.10501474926253687 0.06784660766961652
0 0.7837758112094395 0.17345132743362832 0.11504424778761062 0.08259587020648967
0 0.768141592920354 0.2345132743362832 0.09793510324483776 0.05604719764011799
0 0.6566371681415929 0.2542772861356932 0.09557522123893805 0.07079646017699115
0 0.1191740412979351 0.2761061946902655 0.044837758112094395 0.07551622418879056
1 0.23215339233038348 0.2693215339233038 0.05368731563421829 0.033628318584070796
0 0.33628318584070793 0.2663716814159292 0.0743362831858407 0.03716814159292035
1 0.4982300884955752 0.28112094395280235 0.04070796460176991 0.03716814159292035
0 0.11032448377581121 0.46194690265486726 0.05191740412979351 0.03421828908554572
0 0.268141592920354 0.41061946902654867 0.10206489675516224 0.06843657817109144
0 0.37905604719764013 0.4542772861356932 0.06902654867256637 0.14749262536873156
0 0.5035398230088496 0.39882005899705014 0.0584070796460177 0.044837758112094395
0 0.6746312684365782 0.4616519174041298 0.10088495575221239 0.05368731563421829
0 0.7787610619469026 0.4265486725663717 0.040117994100294985 0.03657817109144543
0 0.14749262536873156 0.5997050147492625 0.03421828908554572 0.05014749262536873
0 0.32831858407079645 0.6156342182890855 0.07610619469026549 0.14926253687315633
0 0.42035398230088494 0.6044247787610619 0.12094395280235988 0.07846607669616519
0 0.5336283185840708 0.5168141592920354 0.04896755162241888 0.044837758112094395
0 0.6646017699115044 0.563716814159292 0.10324483775811209 0.12920353982300886
0 0.7799410029498525 0.5563421828908555 0.03303834808259587 0.0471976401179941
1 0.16696165191740414 0.691150442477876 0.04247787610619469 0.03952802359882006
1 0.27256637168141595 0.7300884955752213 0.029498525073746312 0.03952802359882006
1 0.27079646017699116 0.7728613569321534 0.027138643067846607 0.04129793510324484
0 0.4336283185840708 0.7660766961651917 0.1215339233038348 0.11858407079646018
0 0.5454277286135694 0.8368731563421828 0.0808259587020649 0.12920353982300886
0 0.6542772861356932 0.7858407079646017 0.0471976401179941 0.07551622418879056
0 0.7699115044247787 0.7820058997050148 0.17227138643067846 0.07020648967551622
0 0.11061946902654868 0.8227138643067846 0.04660766961651917 0.09026548672566372
0 0.38820058997050144 0.8513274336283185 0.12271386430678466 0.12389380530973451
0 0.6855457227138643 0.6787610619469027 0.06135693215339233 0.05132743362831858
0 0.7740412979351032 0.671976401179941 0.12035398230088495 0.10383480825958702
0 0.5436578171091445 0.6669616519174041 0.07492625368731563 0.07138643067846608
