0 0.14129793510324484 0.1454277286135693 0.11150442477876106 0.10678466076696165
0 0.3079646017699115 0.10648967551622418 0.13451327433628318 0.10324483775811209
0 0.5088495575221239 0.1182890855457227 0.08436578171091445 0.1457227138643068
0 0.6648967551622419 0.12448377581120944 0.0743362831858407 0.2088495575221239
0 0.8740412979351032 0.08259587020648967 0.1480825958702065 0.09557522123893805
0 0.1463126843657817 0.31710914454277284 0.09793510324483776 0.043067846607669616
0 0.3041297935103245 0.2820058997050148 0.03716814159292035 0.04247787610619469
0 0.5271386430678466 0.28348082595870205 0.15870206489675515 0.04188790560471976
0 0.6176991150442478 0.24955752212389382 0.06371681415929203 0.09321533923303835
0 0.7837758112094395 0.24926253687315633 0.1976401179941003 0.07256637168141593
1 0.15516224188790562 0.4 0.021238938053097345 0.03893805309734513
0 0.32890855457227136 0.41415929203539825 0.19174041297935102 0.08377581120943953
0 0.4109144542772861 0.46814159292035395 0.0584070796460177 0.12448377581120944
0 0.47286135693215336 0.4182890855457227 0.052507374631268436 0.035398230088495575
0 0.6053097345132743 0.39557522123893807 0.0920353982300885 0.1893805309734513
0 0.7654867256637168 0.41238938053097346 0.07492625368731563 0.044837758112094395
0 0.1215339233038348 0.5050147492625369 0.10855457227138643 0.08259587020648967
0 0.41710914454277287 0.5466076696165192 0.09085545722713864 0.1351032448377581
0 0.512684365781711 0.5168141592920354 0.04365781710914454 0.022418879056047197
1 0.24424778761061947 0.5584070796460177 0.022418879056047197 0.032448377581120944
1 0.6734513274336283 0.5610619469026549 0.03480825958702065 0.02359882005899705
0 0.7722713864306785 0.5507374631268437 0.09085545722713864 0.038348082595870206
0 0.09882005899705015 0.6578171091445427 0.10914454277286136 0.17699115044247787
1 0.2471976401179941 0.6775811209439528 0.025958702064896755 0.028908554572271386
0 0.3823008849557522 0.6604719764011799 0.04365781710914454 0.12684365781710916
0 0.504424778761062 0.6374631268436578 0.1958702064896755 0.05486725663716814
0 0.6330383480825958 0.6899705014749262 0.10029498525073746 0.17168141592920355
0 0.7436578171091446 0.7005899705014749 0.04070796460176991 0.04070796460176991
0 0.7407079646017699 0.7421828908554572 0.07492625368731563 0.1616519174041298
0 0.1 0.7772861356932154 0.09144542772861357 0.17876106194690267
0 0.20766961651917404 0.8256637168141593 0.06489675516224189 0.1351032448377581
1 0.3268436578171091 0.8079646017699115 0.027138643067846607 0.02654867256637168
0 0.4616519174041298 0.8115044247787611 0.03126843657817109 0.07256637168141593
0 0.5716814159292035 0.7958702064896755 0.09911504424778761 0.11563421828908554
