0 0.1410029498525074 0.14690265486725662 0.09911504424778761 0.10383480825958702
0 0.3094395280235988 0.13097345132743363 0.13156342182890857 0.15457227138643068
0 0.5123893805309735 0.10353982300884956 0.07492625368731563 0.15634218289085544
0 0.6722713864306784 0.11563421828908554 0.05604719764011799 0.21238938053097345
0 0.8684365781710914 0.09469026548672566 0.13333333333333333 0.09380530973451327
0 0.1448377581120944 0.3144542772861357 0.07846607669616519 0.03775811209439528
0 0.30678466076696165 0.28230088495575223 0.022418879056047197 0.03126843657817109
0 0.5244837758112094 0.2799410029498525 0.16047197640117994 0.05014749262536873
0 0.6188790560471976 0.24749262536873157 0.05663716814159292 0.08908554572271386
0 0.783480825958702 0.2327433628318584 0.19233038348082596 0.09734513274336283
1 0.15250737463126843 0.40294985250737464 0.01710914454277286 0.035398230088495575
0 0.3250737463126844 0.4176991150442478 0.17935103244837758 0.09793510324483776
0 0.4126843657817109 0.4648967551622419 0.05604719764011799 0.11445427728613569
0 0.4731563421828908 0.4194690265486726 0.05545722713864307 0.040117994100294985
0 0.6041297935103245 0.39882005899705014 0.08967551622418879 0.19233038348082596
0 0.7716814159292036 0.4026548672566372 0.071976401179941 0.0359882005899705
0 0.11297935103244838 0.503834808259587 0.10914454277286136 0.08141592920353982
0 0.25722713864306784 0.5687315634218288 0.04129793510324484 0.04837758112094395
0 0.41415929203539825 0.543952802359882 0.08849557522123894 0.12979351032448377
0 0.5112094395280236 0.5203539823008849 0.04542772861356932 0.024778761061946902
0 0.6731563421828909 0.575811209439528 0.03303834808259587 0.04837758112094395
0 0.7740412979351032 0.5510324483775811 0.08023598820058997 0.03657817109144543
0 0.10206489675516224 0.6619469026548672 0.10855457227138643 0.18289085545722714
1 0.24572271386430677 0.6772861356932154 0.028908554572271386 0.027138643067846607
1 0.3256637168141593 0.8053097345132744 0.02831858407079646 0.025958702064896755
0 0.4200589970501475 0.6522123893805309 0.11209439528023599 0.10678466076696165
0 0.5356932153392331 0.6392330383480825 0.1215339233038348 0.0607669616519174
0 0.6289085545722713 0.6873156342182891 0.10147492625368731 0.17699115044247787
0 0.7474926253687315 0.6952802359882005 0.044837758112094395 0.05368731563421829
0 0.7256637168141593 0.7469026548672566 0.10029498525073746 0.16755162241887905
0 0.5997050147492625 0.8153392330383481 0.15516224188790562 0.09321533923303835
0 0.46106194690265484 0.8094395280235989 0.02536873156342183 0.0743362831858407
0 0.2103244837758112 0.7811209439528024 0.1079646017699115 0.1215339233038348
0 0.1 0.7858407079646017 0.10206489675516224 0.16519174041297935
