0 0.10206489675516224 0.11858407079646018 0.03893805309734513 0.03421828908554572
0 0.20619469026548673 0.1592920353982301 0.07256637168141593 0.10737463126843658
0 0.3530973451327434 0.10707964601769912 0.04188790560471976 0.043067846607669616
0 0.48053097345132745 0.1351032448377581 0.13628318584070798 0.08849557522123894
0 0.6383480825958702 0.1359882005899705 0.11327433628318584 0.06312684365781711
0 0.7640117994100295 0.17610619469026548 0.05781710914454277 0.07964601769911504
0 0.12300884955752212 0.28023598820059 0.04424778761061947 0.08259587020648967
1 0.23392330383480825 0.26991150442477874 0.05014749262536873 0.032448377581120944
0 0.33480825958702065 0.2616519174041298 0.07846607669616519 0.03480825958702065
1 0.49675516224188787 0.28230088495575223 0.044837758112094395 0.03126843657817109
0 0.6548672566371682 0.25722713864306784 0.08967551622418879 0.06725663716814159
0 0.7699115044247787 0.2424778761061947 0.11209439528023599 0.05663716814159292
0 0.10943952802359883 0.46283185840707963 0.04896755162241888 0.0359882005899705
0 0.2737463126843658 0.41415929203539825 0.09321533923303835 0.07551622418879056
0 0.3740412979351032 0.45486725663716815 0.07551622418879056 0.15339233038348082
1 0.5026548672566371 0.3958702064896755 0.0471976401179941 0.035398230088495575
0 0.6710914454277286 0.46194690265486726 0.11740412979351032 0.05309734513274336
0 0.7811209439528024 0.4271386430678466 0.040117994100294985 0.04365781710914454
0 0.5368731563421829 0.5194690265486726 0.04365781710914454 0.04070796460176991
0 0.664306784660767 0.5530973451327433 0.10501474926253687 0.11032448377581121
0 0.7814159292035399 0.5533923303834808 0.032448377581120944 0.05309734513274336
0 0.14749262536873156 0.5846607669616519 0.035398230088495575 0.04365781710914454
0 0.3238938053097345 0.6238938053097345 0.0743362831858407 0.1303834808259587
0 0.415929203539823 0.603834808259587 0.09321533923303835 0.07610619469026549
0 0.5445427728613569 0.6660766961651917 0.07551622418879056 0.08141592920353982
0 0.6899705014749262 0.6775811209439528 0.05132743362831858 0.05368731563421829
0 0.7775811209439528 0.6687315634218289 0.12625368731563422 0.10324483775811209
1 0.16932153392330385 0.6882005899705015 0.0471976401179941 0.038348082595870206
1 0.2734513274336283 0.728023598820059 0.033628318584070796 0.03421828908554572
1 0.26755162241887903 0.7699115044247787 0.03126843657817109 0.035398230088495575
0 0.1168141592920354 0.807669616519174 0.06371681415929203 0.06371681415929203
0 0.3902654867256637 0.8492625368731563 0.12330383480825959 0.1327433628318584
0 0.4374631268436578 0.7557522123893805 0.12330383480825959 0.11799410029498525
0 0.543952802359882 0.8383480825958702 0.08259587020648967 0.13333333333333333
0 0.6557522123893805 0.7820058997050148 0.04542772861356932 0.0855457227138643
0 0.7651917404129793 0.7802359882005899 0.18171091445427728 0.06666666666666667
