1 0.13657817109144543 0.0967551622418879 0.03716814159292035 0.025958702064896755
1 0.2982300884955752 0.11887905604719765 0.033628318584070796 0.023008849557522124
0 0.4725663716814159 0.12654867256637167 0.027138643067846607 0.02654867256637168
0 0.628023598820059 0.15132743362831858 0.033628318584070796 0.0359882005899705
1 0.7755162241887905 0.16814159292035397 0.03008849557522124 0.02359882005899705
1 0.9386430678466077 0.14424778761061946 0.027138643067846607 0.019469026548672566
1 0.9259587020648967 0.30265486725663715 0.027728613569321534 0.017699115044247787
1 0.7672566371681416 0.307669616519174 0.03008849557522124 0.01592920353982301
0 0.6185840707964602 0.3327433628318584 0.03716814159292035 0.03185840707964602
0 0.452212389380531 0.2775811209439528 0.038348082595870206 0.028908554572271386
0 0.31622418879056047 0.3017699115044248 0.03421828908554572 0.04070796460176991
1 0.12448377581120944 0.2867256637168142 0.035398230088495575 0.030678466076696165
0 0.13303834808259588 0.46342182890855455 0.028908554572271386 0.03126843657817109
1 0.2831858407079646 0.4392330383480826 0.030678466076696165 0.02182890855457227
1 0.4492625368731563 0.44277286135693217 0.028908554572271386 0.018289085545722714
1 0.6150442477876106 0.4592920353982301 0.033628318584070796 0.0359882005899705
1 0.7631268436578171 0.4359882005899705 0.033628318584070796 0.03185840707964602
1 0.9359882005899705 0.451622418879056 0.02536873156342183 0.023008849557522124
0 0.14129793510324484 0.559882005899705 0.03126843657817109 0.03775811209439528
0 0.28938053097345134 0.5967551622418878 0.028908554572271386 0.04070796460176991
1 0.44778761061946903 0.5778761061946902 0.029498525073746312 0.01710914454277286
1 0.603834808259587 0.5796460176991151 0.028908554572271386 0.018289085545722714
1 0.7480825958702064 0.587905604719764 0.027138643067846607 0.02064896755162242
1 0.9380530973451328 0.6100294985250737 0.029498525073746312 0.024778761061946902
1 0.13421828908554573 0.7061946902654868 0.019469026548672566 0.03185840707964602
1 0.2929203539823009 0.6997050147492625 0.033628318584070796 0.024778761061946902
1 0.4451327433628319 0.6887905604719764 0.033628318584070796 0.0359882005899705
0 0.7410029498525074 0.6902654867256637 0.03775811209439528 0.029498525073746312
0 0.9244837758112094 0.6970501474926254 0.03775811209439528 0.028908554572271386
0 0.6014749262536873 0.7386430678466076 0.03126843657817109 0.029498525073746312
0 0.10501474926253687 0.8808259587020649 0.03185840707964602 0.025958702064896755
0 0.3053097345132743 0.8557522123893805 0.03008849557522124 0.032448377581120944
1 0.4539823008849557 0.863716814159292 0.033628318584070796 0.03185840707964602
1 0.588495575221239 0.8194690265486726 0.03126843657817109 0.03657817109144543
1 0.7619469026548672 0.8312684365781711 0.02182890855457227 0.03657817109144543
1 0.9230088495575222 0.8377581120943953 0.027728613569321534 0.017699115044247787
