1 0.10884955752212389 0.10147492625368731 0.03952802359882006 0.016519174041297935
1 0.2533923303834808 0.10442477876106195 0.03480825958702065 0.021238938053097345
1 0.39705014749262535 0.10855457227138643 0.03303834808259587 0.01887905604719764
1 0.5421828908554572 0.1056047197640118 0.03303834808259587 0.021238938053097345
1 0.7112094395280236 0.11740412979351032 0.032448377581120944 0.024778761061946902
1 0.8595870206489675 0.12536873156342182 0.035398230088495575 0.01592920353982301
1 0.11976401179941003 0.22625368731563422 0.03421828908554572 0.023008849557522124
1 0.24424778761061947 0.2294985250737463 0.02831858407079646 0.01887905604719764
1 0.39233038348082594 0.22890855457227138 0.03303834808259587 0.021238938053097345
1 0.5424778761061947 0.23244837758112094 0.033628318584070796 0.02359882005899705
1 0.7023598820058997 0.22684365781710913 0.0359882005899705 0.02182890855457227
1 0.8587020648967552 0.23480825958702065 0.03716814159292035 0.020058997050147492
1 0.12212389380530973 0.3672566371681416 0.030678466076696165 0.02064896755162242
1 0.23333333333333334 0.36194690265486723 0.0359882005899705 0.019469026548672566
1 0.3710914454277286 0.36902654867256635 0.03303834808259587 0.018289085545722714
1 0.5460176991150443 0.3722713864306785 0.032448377581120944 0.022418879056047197
1 0.6908554572271386 0.3625368731563422 0.035398230088495575 0.019469026548672566
1 0.8657817109144542 0.3781710914454277 0.0359882005899705 0.020058997050147492
1 0.11976401179941003 0.5256637168141592 0.025958702064896755 0.024778761061946902
1 0.2342182890855457 0.5253687315634218 0.03185840707964602 0.023008849557522124
1 0.3696165191740413 0.5064896755162241 0.033628318584070796 0.023008849557522124
1 0.5457227138643068 0.4988200589970501 0.03303834808259587 0.024188790560471976
1 0.6970501474926254 0.4958702064896755 0.03480825958702065 0.02064896755162242
1 0.8542772861356932 0.49321533923303834 0.03421828908554572 0.01887905604719764
1 0.11415929203539824 0.6610619469026549 0.03126843657817109 0.02654867256637168
1 0.2327433628318584 0.667551622418879 0.027728613569321534 0.02182890855457227
1 0.36519174041297936 0.6616519174041298 0.03421828908554572 0.02536873156342183
1 0.5306784660766961 0.659882005899705 0.032448377581120944 0.023008849557522124
1 0.6896755162241888 0.659882005899705 0.035398230088495575 0.02182890855457227
1 0.851622418879056 0.6634218289085546 0.03952802359882006 0.019469026548672566
1 0.12271386430678466 0.8094395280235989 0.025958702064896755 0.017699115044247787
1 0.2359882005899705 0.8097345132743363 0.035398230088495575 0.01710914454277286
1 0.371976401179941 0.8156342182890856 0.0359882005899705 0.014749262536873156
1 0.5129793510324484 0.8135693215339233 0.03716814159292035 0.021238938053097345
1 0.6896755162241888 0.8050147492625369 0.035398230088495575 0.023008849557522124
1 0.8492625368731563 0.8103244837758112 0.032448377581120944 0.019469026548672566
