0 0.2368731563421829 0.17256637168141592 0.05958702064896755 0.07964601769911504
0 0.363716814159292 0.14277286135693215 0.11504424778761062 0.06017699115044248
0 0.51976401179941 0.13805309734513274 0.13569321533923304 0.08731563421828908
0 0.6463126843657817 0.11091445427728613 0.03952802359882006 0.04247787610619469
0 0.7929203539823009 0.15663716814159293 0.07315634218289085 0.11386430678466077
0 0.8958702064896755 0.1200589970501475 0.043067846607669616 0.032448377581120944
0 0.23008849557522124 0.2424778761061947 0.10855457227138643 0.05545722713864307
0 0.34277286135693213 0.2563421828908555 0.0943952802359882 0.07138643067846608
1 0.4964601769911504 0.2814159292035398 0.03952802359882006 0.03421828908554572
0 0.6628318584070796 0.26253687315634217 0.07610619469026549 0.03185840707964602
1 0.7651917404129793 0.2693215339233038 0.049557522123893805 0.03480825958702065
0 0.8778761061946903 0.2784660766961652 0.04129793510324484 0.07905604719764012
0 0.21858407079646017 0.4271386430678466 0.03716814159292035 0.04129793510324484
0 0.3274336283185841 0.4622418879056047 0.10973451327433628 0.05368731563421829
1 0.4958702064896755 0.4 0.052507374631268436 0.040117994100294985
0 0.6259587020648968 0.45545722713864306 0.0743362831858407 0.15221238938053097
0 0.7289085545722713 0.4135693215339233 0.09380530973451327 0.07079646017699115
0 0.8876106194690265 0.4640117994100295 0.047787610619469026 0.03480825958702065
0 0.4646017699115044 0.5200589970501475 0.043067846607669616 0.04188790560471976
0 0.2182890855457227 0.5536873156342182 0.03421828908554572 0.05132743362831858
0 0.33775811209439527 0.5613569321533923 0.10206489675516224 0.12566371681415928
0 0.22448377581120943 0.6702064896755162 0.12566371681415928 0.10029498525073746
0 0.3123893805309734 0.6737463126843658 0.05368731563421829 0.05191740412979351
0 0.4569321533923304 0.6678466076696166 0.07728613569321534 0.08023598820058997
0 0.5648967551622419 0.7436578171091446 0.12920353982300886 0.09380530973451327
0 0.5734513274336284 0.6044247787610619 0.12507374631268436 0.07374631268436578
0 0.6710914454277286 0.6144542772861357 0.07020648967551622 0.14690265486725662
0 0.8480825958702065 0.592330383480826 0.0359882005899705 0.03893805309734513
1 0.8309734513274336 0.6905604719764011 0.03952802359882006 0.043067846607669616
1 0.7262536873156342 0.727433628318584 0.03185840707964602 0.03657817109144543
1 0.727433628318584 0.7702064896755162 0.030678466076696165 0.03716814159292035
0 0.8828908554572271 0.8115044247787611 0.0584070796460177 0.07610619469026549
0 0.608259587020649 0.8504424778761062 0.12389380530973451 0.13392330383480827
0 0.452212389380531 0.8404129793510324 0.07846607669616519 0.13156342182890857
0 0.343952802359882 0.7820058997050148 0.0471976401179941 0.07728613569321534
0 0.2327433628318584 0.7814159292035399 0.17522123893805308 0.06548672566371681
