0 0.12035398230088495 0.057227138643067846 0.05073746312684366 0.10147492625368731
0 0.2392330383480826 0.03480825958702065 0.06784660766961652 0.06607669616519174
0 0.4044247787610619 0.056342182890855456 0.05604719764011799 0.0584070796460177
0 0.531858407079646 0.11858407079646018 0.03126843657817109 0.03421828908554572
0 0.6707964601769911 0.0607669616519174 0.10265486725663717 0.044837758112094395
0 0.8489675516224189 0.10324483775811209 0.04247787610619469 0.04129793510324484
0 0.1191740412979351 0.2342182890855457 0.06725663716814159 0.06607669616519174
0 0.24660766961651917 0.1855457227138643 0.054277286135693215 0.047787610619469026
0 0.3433628318584071 0.17020648967551621 0.11445427728613569 0.06784660766961652
0 0.5247787610619469 0.25958702064896755 0.07728613569321534 0.058997050147492625
0 0.6905604719764011 0.22359882005899706 0.05132743362831858 0.04129793510324484
0 0.8501474926253687 0.22595870206489677 0.03657817109144543 0.06725663716814159
0 0.1200589970501475 0.3215339233038348 0.04896755162241888 0.05663716814159292
0 0.20383480825958702 0.2958702064896755 0.06312684365781711 0.12094395280235988
0 0.3646017699115044 0.36991150442477877 0.054277286135693215 0.10265486725663717
0 0.5463126843657817 0.3345132743362832 0.07079646017699115 0.04247787610619469
0 0.6867256637168142 0.36224188790560474 0.05073746312684366 0.05073746312684366
1 0.8651917404129793 0.3817109144542773 0.03480825958702065 0.054277286135693215
0 0.12772861356932153 0.5292035398230088 0.0808259587020649 0.08495575221238938
0 0.21327433628318584 0.5492625368731563 0.06902654867256637 0.10147492625368731
0 0.36106194690265486 0.4684365781710914 0.05191740412979351 0.04837758112094395
0 0.5271386430678466 0.4672566371681416 0.05958702064896755 0.0743362831858407
0 0.6902654867256637 0.5156342182890855 0.03421828908554572 0.0920353982300885
0 0.8445427728613569 0.5112094395280236 0.04188790560471976 0.07374631268436578
0 0.10737463126843658 0.6510324483775811 0.05545722713864307 0.1457227138643068
0 0.22772861356932153 0.6837758112094395 0.03893805309734513 0.09911504424778761
0 0.3640117994100295 0.6964601769911505 0.06607669616519174 0.0607669616519174
0 0.49262536873156343 0.6023598820058997 0.05191740412979351 0.05191740412979351
0 0.68023598820059 0.6218289085545723 0.05663716814159292 0.05781710914454277
0 0.848377581120944 0.6330383480825958 0.03657817109144543 0.05663716814159292
0 0.13215339233038348 0.8023598820058997 0.08023598820058997 0.04837758112094395
0 0.20353982300884954 0.8303834808259587 0.07315634218289085 0.09026548672566372
0 0.36902654867256635 0.7837758112094395 0.03480825958702065 0.0808259587020649
0 0.5058997050147492 0.7752212389380531 0.05958702064896755 0.049557522123893805
0 0.7035398230088495 0.8386430678466077 0.07964601769911504 0.07256637168141593
0 0.8463126843657817 0.8153392330383481 0.05368731563421829 0.05309734513274336
