0 0.18613569321533924 0.20265486725663717 0.11858407079646018 0.06902654867256637
0 0.32654867256637166 0.17315634218289086 0.08790560471976401 0.11032448377581121
0 0.5315634218289086 0.15663716814159293 0.14513274336283186 0.0584070796460177
0 0.6654867256637168 0.17787610619469027 0.1592920353982301 0.052507374631268436
0 0.7041297935103245 0.10766961651917403 0.11976401179941003 0.1303834808259587
0 0.7123893805309734 0.24572271386430677 0.15516224188790562 0.10324483775811209
0 0.6218289085545723 0.2952802359882006 0.0743362831858407 0.09734513274336283
0 0.523598820058997 0.2814159292035398 0.16578171091445426 0.0471976401179941
0 0.7383480825958701 0.3513274336283186 0.08200589970501475 0.047787610619469026
0 0.2628318584070796 0.2587020648967552 0.12684365781710916 0.0584070796460177
0 0.15693215339233038 0.3489675516224189 0.07315634218289085 0.06430678466076696
0 0.3058997050147493 0.37168141592920356 0.09498525073746313 0.1864306784660767
0 0.41710914454277287 0.44483775811209436 0.11327433628318584 0.08849557522123894
0 0.4253687315634218 0.45191740412979353 0.07787610619469026 0.0967551622418879
0 0.4790560471976401 0.4368731563421829 0.06253687315634218 0.02536873156342183
0 0.49321533923303834 0.4755162241887906 0.1415929203539823 0.12035398230088495
0 0.6056047197640118 0.396165191740413 0.09498525073746313 0.1929203539823009
1 0.07846607669616519 0.49262536873156343 0.035398230088495575 0.027138643067846607
0 0.6646017699115044 0.5171091445427729 0.033628318584070796 0.05958702064896755
0 0.17256637168141592 0.5887905604719764 0.07846607669616519 0.11209439528023599
0 0.11799410029498525 0.6584070796460177 0.10383480825958702 0.1911504424778761
0 0.29321533923303833 0.5663716814159292 0.07905604719764012 0.18761061946902655
0 0.38849557522123895 0.6696165191740413 0.052507374631268436 0.13569321533923304
0 0.5321533923303835 0.5926253687315635 0.143952802359882 0.10088495575221239
0 0.5914454277286135 0.6330383480825958 0.16696165191740414 0.06489675516224189
0 0.2604719764011799 0.6952802359882005 0.0808259587020649 0.09970501474926254
0 0.1327433628318584 0.8191740412979351 0.11563421828908554 0.14690265486725662
0 0.2584070796460177 0.7920353982300885 0.07905604719764012 0.11976401179941003
1 0.32772861356932154 0.8067846607669616 0.02536873156342183 0.02654867256637168
0 0.4604719764011799 0.8070796460176991 0.0359882005899705 0.07551622418879056
0 0.6020648967551623 0.799410029498525 0.16106194690265485 0.10737463126843658
0 0.6607669616519174 0.8271386430678466 0.09085545722713864 0.14749262536873156
0 0.7392330383480826 0.6008849557522123 0.07551622418879056 0.06784660766961652
0 0.7377581120943952 0.668141592920354 0.09970501474926254 0.0855457227138643
