0 0.10117994100294986 0.11799410029498525 0.04070796460176991 0.03303834808259587
0 0.20412979351032448 0.15663716814159293 0.07315634218289085 0.11150442477876106
0 0.35103244837758113 0.10707964601769912 0.04247787610619469 0.04424778761061947
0 0.48053097345132745 0.13864306784660768 0.13392330383480827 0.08259587020648967
0 0.6353982300884956 0.14129793510324484 0.11327433628318584 0.061946902654867256
0 0.7646017699115044 0.17404129793510326 0.05663716814159292 0.07787610619469026
0 0.11976401179941003 0.27876106194690264 0.04247787610619469 0.07964601769911504
1 0.23480825958702065 0.26784660766961654 0.05073746312684366 0.03421828908554572
0 0.33716814159292036 0.2654867256637168 0.07492625368731563 0.03185840707964602
1 0.5014749262536873 0.2814159292035398 0.040117994100294985 0.02831858407079646
0 0.6563421828908554 0.25604719764011796 0.09498525073746313 0.0743362831858407
0 0.7684365781710915 0.2424778761061947 0.11032448377581121 0.05191740412979351
0 0.10973451327433628 0.4646017699115044 0.049557522123893805 0.033628318584070796
0 0.2651917404129793 0.4126843657817109 0.10678466076696165 0.07138643067846608
0 0.3752212389380531 0.4557522123893805 0.071976401179941 0.15162241887905603
0 0.7805309734513274 0.4277286135693215 0.03775811209439528 0.035398230088495575
0 0.671386430678466 0.46106194690265484 0.11563421828908554 0.05368731563421829
0 0.5351032448377581 0.5212389380530973 0.0471976401179941 0.043067846607669616
1 0.5041297935103245 0.3973451327433628 0.05368731563421829 0.04070796460176991
0 0.6616519174041298 0.5640117994100295 0.10088495575221239 0.12389380530973451
0 0.7802359882005899 0.5566371681415929 0.0359882005899705 0.052507374631268436
0 0.14749262536873156 0.5970501474926253 0.035398230088495575 0.05191740412979351
0 0.3268436578171091 0.6168141592920354 0.06725663716814159 0.14454277286135692
0 0.42448377581120944 0.6047197640117994 0.11386430678466077 0.07551622418879056
0 0.5415929203539823 0.6693215339233038 0.0743362831858407 0.06784660766961652
0 0.6858407079646017 0.6778761061946903 0.0584070796460177 0.054277286135693215
0 0.7755162241887905 0.6690265486725664 0.12094395280235988 0.10147492625368731
1 0.1696165191740413 0.6887905604719764 0.043067846607669616 0.04188790560471976
1 0.27079646017699116 0.7292035398230088 0.030678466076696165 0.03775811209439528
1 0.2693215339233038 0.7707964601769911 0.033628318584070796 0.03952802359882006
0 0.4330383480825959 0.7610619469026548 0.12507374631268436 0.12035398230088495
0 0.11238938053097344 0.8200589970501475 0.05014749262536873 0.08731563421828908
0 0.3902654867256637 0.8510324483775811 0.12094395280235988 0.12448377581120944
0 0.543952802359882 0.8380530973451328 0.08259587020648967 0.13156342182890857
0 0.6501474926253688 0.7837758112094395 0.05073746312684366 0.07964601769911504
0 0.7666666666666666 0.7802359882005899 0.17050147492625367 0.06312684365781711
