0 0.1407079646017699 0.1448377581120944 0.10206489675516224 0.10678466076696165
0 0.3117994100294985 0.1336283185840708 0.12802359882005898 0.14454277286135692
0 0.5117994100294985 0.10383480825958702 0.07492625368731563 0.15103244837758112
0 0.6669616519174041 0.11976401179941003 0.06312684365781711 0.21002949852507374
0 0.8728613569321534 0.09321533923303835 0.1421828908554572 0.09557522123893805
0 0.1486725663716814 0.3153392330383481 0.08967551622418879 0.04542772861356932
0 0.3056047197640118 0.2808259587020649 0.024778761061946902 0.03775811209439528
0 0.5221238938053098 0.28053097345132744 0.15575221238938053 0.052507374631268436
0 0.6156342182890855 0.24867256637168142 0.057227138643067846 0.09262536873156342
0 0.7837758112094395 0.24129793510324482 0.19410029498525072 0.08259587020648967
1 0.15457227138643068 0.403834808259587 0.022418879056047197 0.03716814159292035
0 0.3224188790560472 0.41710914454277287 0.18112094395280237 0.08967551622418879
0 0.4109144542772861 0.46696165191740413 0.05132743362831858 0.11740412979351032
0 0.47286135693215336 0.4191740412979351 0.05958702064896755 0.03952802359882006
0 0.6044247787610619 0.3997050147492625 0.09026548672566372 0.1905604719764012
0 0.7702064896755162 0.40353982300884955 0.07374631268436578 0.03657817109144543
0 0.11061946902654868 0.503834808259587 0.1079646017699115 0.08141592920353982
0 0.24837758112094394 0.5607669616519174 0.02831858407079646 0.0359882005899705
0 0.41622418879056045 0.5448377581120943 0.08790560471976401 0.1327433628318584
0 0.5112094395280236 0.5179941002949853 0.04896755162241888 0.024778761061946902
0 0.6761061946902654 0.5710914454277286 0.04365781710914454 0.03775811209439528
0 0.7734513274336283 0.5539823008849557 0.08023598820058997 0.035398230088495575
0 0.10147492625368731 0.6522123893805309 0.10737463126843658 0.18112094395280237
1 0.24631268436578171 0.6766961651917404 0.02536873156342183 0.025958702064896755
1 0.3292035398230089 0.803834808259587 0.027138643067846607 0.03008849557522124
0 0.3831858407079646 0.6542772861356932 0.04542772861356932 0.12035398230088495
0 0.5005899705014749 0.6368731563421829 0.1929203539823009 0.0607669616519174
0 0.6292035398230088 0.6890855457227139 0.10206489675516224 0.17463126843657817
0 0.7436578171091446 0.6979351032448378 0.038348082595870206 0.035398230088495575
0 0.7418879056047197 0.7415929203539823 0.0584070796460177 0.15811209439528023
0 0.5766961651917404 0.8082595870206489 0.10678466076696165 0.10619469026548672
0 0.4604719764011799 0.8085545722713864 0.028908554572271386 0.07256637168141593
0 0.20914454277286135 0.787905604719764 0.11032448377581121 0.12684365781710916
0 0.09882005899705015 0.7846607669616519 0.09498525073746313 0.16283185840707964
