0 0.12182890855457226 0.06578171091445428 0.05132743362831858 0.0808259587020649
0 0.24542772861356932 0.03510324483775811 0.071976401179941 0.05486725663716814
0 0.4070796460176991 0.04513274336283186 0.044837758112094395 0.05486725663716814
1 0.531858407079646 0.11651917404129794 0.03126843657817109 0.03952802359882006
0 0.667551622418879 0.04808259587020649 0.10206489675516224 0.03480825958702065
1 0.8471976401179941 0.08141592920353982 0.03893805309734513 0.03185840707964602
0 0.11179941002949853 0.2336283185840708 0.06784660766961652 0.06135693215339233
0 0.2415929203539823 0.1864306784660767 0.0584070796460177 0.044837758112094395
0 0.3415929203539823 0.16371681415929204 0.07905604719764012 0.07964601769911504
0 0.5262536873156343 0.2581120943952802 0.05663716814159292 0.05014749262536873
0 0.695575221238938 0.22566371681415928 0.06253687315634218 0.043067846607669616
0 0.8507374631268436 0.23392330383480825 0.04247787610619469 0.05014749262536873
0 0.10530973451327433 0.32359882005899704 0.07610619469026549 0.05132743362831858
0 0.2345132743362832 0.2831858407079646 0.0855457227138643 0.08023598820058997
0 0.3616519174041298 0.3743362831858407 0.058997050147492625 0.09970501474926254
0 0.5492625368731563 0.3398230088495575 0.07551622418879056 0.04129793510324484
0 0.6887905604719764 0.34749262536873154 0.04424778761061947 0.06371681415929203
1 0.8648967551622418 0.38023598820058996 0.03893805309734513 0.05132743362831858
0 0.13775811209439529 0.5448377581120943 0.10206489675516224 0.057227138643067846
0 0.20206489675516223 0.5566371681415929 0.0831858407079646 0.08436578171091445
0 0.4887905604719764 0.6032448377581121 0.06784660766961652 0.05014749262536873
0 0.6837758112094395 0.6315634218289086 0.040117994100294985 0.04188790560471976
0 0.8474926253687316 0.623598820058997 0.03952802359882006 0.04247787610619469
0 0.3578171091445428 0.4684365781710914 0.05604719764011799 0.0471976401179941
0 0.5306784660766961 0.47345132743362833 0.052507374631268436 0.05958702064896755
0 0.6952802359882005 0.5176991150442478 0.03952802359882006 0.07020648967551622
0 0.8412979351032448 0.5088495575221239 0.03303834808259587 0.04070796460176991
0 0.07964601769911504 0.6572271386430678 0.10501474926253687 0.14985250737463127
0 0.22418879056047197 0.6702064896755162 0.03775811209439528 0.0696165191740413
0 0.36106194690265486 0.6964601769911505 0.06843657817109144 0.06430678466076696
0 0.13008849557522123 0.8061946902654867 0.07138643067846608 0.04896755162241888
0 0.20324483775811208 0.8259587020648967 0.07964601769911504 0.06135693215339233
0 0.3672566371681416 0.7820058997050148 0.03480825958702065 0.08672566371681416
0 0.5056047197640118 0.784070796460177 0.058997050147492625 0.03775811209439528
0 0.6991150442477876 0.8253687315634218 0.08023598820058997 0.03893805309734513
0 0.8421828908554572 0.8185840707964601 0.052507374631268436 0.05368731563421829
