0 0.11887905604719765 0.06017699115044248 0.05132743362831858 0.10029498525073746
0 0.25545722713864305 0.05929203539823009 0.0696165191740413 0.047787610619469026
1 0.40353982300884955 0.07876106194690266 0.04129793510324484 0.05368731563421829
0 0.5336283185840708 0.11976401179941003 0.028908554572271386 0.03303834808259587
0 0.6778761061946903 0.0584070796460177 0.10147492625368731 0.040117994100294985
0 0.8528023598820059 0.10265486725663717 0.038348082595870206 0.03775811209439528
0 0.12182890855457226 0.2359882005899705 0.05958702064896755 0.07669616519174041
0 0.2471976401179941 0.18259587020648968 0.05073746312684366 0.05368731563421829
0 0.3578171091445428 0.18436578171091444 0.1303834808259587 0.03716814159292035
0 0.5271386430678466 0.2592920353982301 0.06548672566371681 0.05368731563421829
0 0.6991150442477876 0.22890855457227138 0.049557522123893805 0.05073746312684366
0 0.8539823008849557 0.22536873156342183 0.04896755162241888 0.06489675516224189
0 0.1271386430678466 0.3153392330383481 0.03716814159292035 0.06666666666666667
0 0.21946902654867256 0.3079646017699115 0.054277286135693215 0.11799410029498525
0 0.3654867256637168 0.3640117994100295 0.05014749262536873 0.10737463126843658
0 0.5469026548672566 0.32890855457227136 0.0696165191740413 0.052507374631268436
0 0.6873156342182891 0.37138643067846605 0.0471976401179941 0.05486725663716814
0 0.8634218289085546 0.38082595870206487 0.0359882005899705 0.05604719764011799
0 0.1351032448377581 0.5327433628318584 0.06135693215339233 0.07669616519174041
0 0.22566371681415928 0.551622418879056 0.0607669616519174 0.10383480825958702
0 0.35929203539823007 0.4663716814159292 0.05309734513274336 0.05132743362831858
0 0.5256637168141592 0.4684365781710914 0.05781710914454277 0.06843657817109144
0 0.692330383480826 0.5162241887905604 0.03716814159292035 0.09085545722713864
0 0.8454277286135693 0.5112094395280236 0.03775811209439528 0.07610619469026549
0 0.13657817109144543 0.6725663716814159 0.05958702064896755 0.16991150442477876
0 0.21563421828908555 0.691150442477876 0.05604719764011799 0.10088495575221239
0 0.36106194690265486 0.6941002949852507 0.07079646017699115 0.05958702064896755
0 0.5061946902654867 0.6008849557522123 0.04247787610619469 0.05486725663716814
0 0.6799410029498525 0.6292035398230088 0.05132743362831858 0.047787610619469026
0 0.8486725663716814 0.6345132743362831 0.04070796460176991 0.05486725663716814
0 0.1374631268436578 0.8058997050147493 0.08495575221238938 0.04601769911504425
0 0.22182890855457227 0.827433628318584 0.044837758112094395 0.10442477876106195
0 0.36843657817109143 0.7852507374631268 0.03480825958702065 0.08377581120943953
0 0.5041297935103245 0.7702064896755162 0.0607669616519174 0.061946902654867256
0 0.7044247787610619 0.8380530973451328 0.07905604719764012 0.06548672566371681
0 0.8427728613569322 0.8188790560471977 0.052507374631268436 0.05309734513274336
