1 0.12890855457227138 0.11091445427728613 0.028908554572271386 0.02831858407079646
1 0.29233038348082596 0.09321533923303835 0.028908554572271386 0.027138643067846607
1 0.43716814159292033 0.08967551622418879 0.02831858407079646 0.021238938053097345
0 0.595575221238938 0.08643067846607669 0.02536873156342183 0.023008849557522124
0 0.7345132743362832 0.09587020648967551 0.025958702064896755 0.02654867256637168
1 0.8935103244837758 0.09734513274336283 0.02654867256637168 0.017699115044247787
1 0.1504424778761062 0.21976401179941002 0.025958702064896755 0.028908554572271386
1 0.2991150442477876 0.22271386430678466 0.03775811209439528 0.02654867256637168
1 0.4486725663716814 0.22890855457227138 0.03008849557522124 0.01887905604719764
1 0.6050147492625368 0.2359882005899705 0.03126843657817109 0.022418879056047197
1 0.7530973451327434 0.23156342182890854 0.027728613569321534 0.023008849557522124
1 0.896165191740413 0.2377581120943953 0.02831858407079646 0.017699115044247787
1 0.15162241887905603 0.3663716814159292 0.027138643067846607 0.016519174041297935
1 0.3141592920353982 0.3722713864306785 0.02654867256637168 0.020058997050147492
1 0.47079646017699117 0.3743362831858407 0.027138643067846607 0.018289085545722714
1 0.6147492625368731 0.36342182890855457 0.029498525073746312 0.021238938053097345
1 0.7569321533923303 0.38023598820058996 0.02359882005899705 0.01710914454277286
1 0.9064896755162242 0.38377581120943954 0.03126843657817109 0.01592920353982301
1 0.1584070796460177 0.4808259587020649 0.033628318584070796 0.027138643067846607
1 0.3141592920353982 0.48761061946902656 0.03126843657817109 0.01710914454277286
1 0.46607669616519176 0.48023598820059 0.02359882005899705 0.016519174041297935
1 0.6185840707964602 0.5017699115044247 0.03008849557522124 0.024188790560471976
1 0.7616519174041297 0.528023598820059 0.02831858407079646 0.017699115044247787
1 0.911504424778761 0.5286135693215339 0.024778761061946902 0.024778761061946902
1 0.15722713864306784 0.6415929203539823 0.03126843657817109 0.02064896755162242
1 0.32182890855457225 0.6545722713864307 0.03008849557522124 0.027728613569321534
1 0.4846607669616519 0.6486725663716814 0.03480825958702065 0.01710914454277286
1 0.6256637168141593 0.6749262536873156 0.03480825958702065 0.01887905604719764
1 0.7837758112094395 0.6696165191740413 0.028908554572271386 0.017699115044247787
1 0.9008849557522124 0.6648967551622419 0.030678466076696165 0.01887905604719764
1 0.1616519174041298 0.8746312684365781 0.02831858407079646 0.027728613569321534
1 0.3200589970501475 0.8654867256637168 0.032448377581120944 0.02359882005899705
1 0.4731563421828908 0.863716814159292 0.02831858407079646 0.024778761061946902
1 0.6342182890855457 0.8539823008849557 0.02359882005899705 0.02064896755162242
1 0.7793510324483776 0.8519174041297934 0.027138643067846607 0.015339233038348082
1 0.8970501474926253 0.851622418879056 0.023008849557522124 0.02654867256637168
