1 0.12684365781710916 0.10294985250737462 0.025958702064896755 0.02654867256637168
1 0.2967551622418879 0.11622418879056047 0.02831858407079646 0.02359882005899705
1 0.4474926253687316 0.1215339233038348 0.03126843657817109 0.021238938053097345
1 0.6218289085545723 0.14129793510324484 0.03185840707964602 0.018289085545722714
1 0.7569321533923303 0.1374631268436578 0.025958702064896755 0.022418879056047197
1 0.9327433628318584 0.14365781710914455 0.02831858407079646 0.019469026548672566
1 0.9286135693215339 0.2991150442477876 0.035398230088495575 0.020058997050147492
1 0.7551622418879056 0.3 0.030678466076696165 0.01710914454277286
1 0.11976401179941003 0.27699115044247785 0.03303834808259587 0.02064896755162242
1 0.30029498525073745 0.2825958702064897 0.03303834808259587 0.017699115044247787
1 0.4510324483775811 0.2994100294985251 0.032448377581120944 0.019469026548672566
1 0.612094395280236 0.30117994100294987 0.03480825958702065 0.018289085545722714
1 0.12212389380530973 0.43805309734513276 0.03303834808259587 0.02182890855457227
1 0.28702064896755164 0.4383480825958702 0.027728613569321534 0.020058997050147492
1 0.4463126843657817 0.4407079646017699 0.028908554572271386 0.02359882005899705
1 0.6076696165191741 0.4445427728613569 0.03421828908554572 0.02182890855457227
1 0.7569321533923303 0.4469026548672566 0.03303834808259587 0.019469026548672566
1 0.9345132743362832 0.45250737463126844 0.03421828908554572 0.016519174041297935
1 0.12536873156342182 0.5828908554572272 0.03126843657817109 0.02359882005899705
1 0.2849557522123894 0.5781710914454277 0.03303834808259587 0.022418879056047197
1 0.44778761061946903 0.5755162241887906 0.029498525073746312 0.02182890855457227
1 0.603834808259587 0.5790560471976401 0.03480825958702065 0.02064896755162242
1 0.747787610619469 0.5890855457227139 0.032448377581120944 0.01592920353982301
1 0.932448377581121 0.5985250737463127 0.03008849557522124 0.019469026548672566
1 0.9359882005899705 0.7179941002949852 0.03716814159292035 0.016519174041297935
1 0.9351032448377581 0.8339233038348083 0.03893805309734513 0.019469026548672566
1 0.1182890855457227 0.7112094395280236 0.0359882005899705 0.01710914454277286
1 0.29056047197640117 0.6991150442477876 0.03126843657817109 0.024778761061946902
1 0.4471976401179941 0.6997050147492625 0.030678466076696165 0.02359882005899705
1 0.6035398230088496 0.7061946902654868 0.03303834808259587 0.01887905604719764
1 0.7557522123893805 0.7174041297935103 0.03185840707964602 0.025958702064896755
1 0.11858407079646018 0.8740412979351032 0.03185840707964602 0.02182890855457227
1 0.2775811209439528 0.8542772861356932 0.03480825958702065 0.01887905604719764
1 0.44277286135693217 0.8477876106194691 0.0359882005899705 0.015339233038348082
1 0.6044247787610619 0.8471976401179941 0.032448377581120944 0.01887905604719764
1 0.7557522123893805 0.8421828908554572 0.035398230088495575 0.02064896755162242
