0 0.09410029498525074 0.11268436578171091 0.03716814159292035 0.03185840707964602
0 0.20648967551622419 0.15781710914454278 0.06489675516224189 0.10678466076696165
0 0.3542772861356932 0.11651917404129794 0.04070796460176991 0.04188790560471976
0 0.479646017699115 0.13539823008849558 0.13097345132743363 0.09026548672566372
0 0.6430678466076696 0.13126843657817108 0.10737463126843658 0.06430678466076696
0 0.7572271386430678 0.17522123893805308 0.07610619469026549 0.08023598820058997
0 0.12418879056047197 0.279646017699115 0.05014749262536873 0.07905604719764012
1 0.21946902654867256 0.26135693215339234 0.03185840707964602 0.030678466076696165
0 0.33362831858407077 0.28289085545722714 0.07964601769911504 0.0359882005899705
1 0.49262536873156343 0.2837758112094395 0.0471976401179941 0.035398230088495575
0 0.6575221238938053 0.25663716814159293 0.09026548672566372 0.0696165191740413
0 0.7669616519174041 0.231858407079646 0.11209439528023599 0.05191740412979351
1 0.10825958702064897 0.46342182890855455 0.04660766961651917 0.03952802359882006
0 0.2587020648967552 0.40294985250737464 0.08790560471976401 0.08495575221238938
0 0.37079646017699114 0.46017699115044247 0.07610619469026549 0.1368731563421829
0 0.5061946902654867 0.396165191740413 0.05073746312684366 0.038348082595870206
0 0.6634218289085546 0.46342182890855455 0.12330383480825959 0.05368731563421829
0 0.7808259587020648 0.42743362831858406 0.038348082595870206 0.043067846607669616
0 0.15781710914454278 0.5761061946902655 0.05132743362831858 0.057227138643067846
0 0.32418879056047195 0.6117994100294986 0.07846607669616519 0.15339233038348082
0 0.37846607669616517 0.591740412979351 0.06784660766961652 0.08259587020648967
0 0.5359882005899705 0.51976401179941 0.043067846607669616 0.04247787610619469
0 0.6690265486725664 0.5466076696165192 0.11091445427728613 0.10678466076696165
0 0.7784660766961652 0.5533923303834808 0.033628318584070796 0.05309734513274336
1 0.1648967551622419 0.6908554572271386 0.04660766961651917 0.030678466076696165
1 0.27315634218289087 0.7168141592920354 0.030678466076696165 0.02831858407079646
1 0.27699115044247785 0.8008849557522124 0.03126843657817109 0.02654867256637168
0 0.5469026548672566 0.6734513274336283 0.0920353982300885 0.06902654867256637
0 0.6849557522123894 0.6743362831858407 0.049557522123893805 0.05073746312684366
0 0.7693215339233038 0.6716814159292035 0.08967551622418879 0.11504424778761062
0 0.11061946902654868 0.7964601769911505 0.05132743362831858 0.06725663716814159
0 0.4247787610619469 0.7575221238938052 0.10973451327433628 0.1215339233038348
0 0.391740412979351 0.8466076696165191 0.12271386430678466 0.12979351032448377
0 0.543952802359882 0.8424778761061946 0.07669616519174041 0.13097345132743363
0 0.6563421828908554 0.7805309734513274 0.04660766961651917 0.08023598820058997
0 0.764306784660767 0.7861356932153393 0.1893805309734513 0.057227138643067846
