0 0.10235988200589971 0.11238938053097344 0.03480825958702065 0.033628318584070796
0 0.20471976401179942 0.15604719764011798 0.0696165191740413 0.10914454277286136
0 0.35162241887905604 0.11120943952802359 0.04837758112094395 0.0359882005899705
0 0.4823008849557522 0.13421828908554573 0.12330383480825959 0.09026548672566372
0 0.6430678466076696 0.13156342182890857 0.10265486725663717 0.06607669616519174
0 0.756047197640118 0.17492625368731562 0.07610619469026549 0.0855457227138643
0 0.12094395280235988 0.28171091445427726 0.049557522123893805 0.07846607669616519
1 0.2168141592920354 0.26430678466076696 0.03008849557522124 0.03657817109144543
0 0.3327433628318584 0.2837758112094395 0.07669616519174041 0.040117994100294985
1 0.49557522123893805 0.28171091445427726 0.04601769911504425 0.033628318584070796
0 0.6587020648967552 0.25781710914454276 0.09380530973451327 0.06725663716814159
0 0.7699115044247787 0.2336283185840708 0.11563421828908554 0.049557522123893805
1 0.10530973451327433 0.46106194690265484 0.04660766961651917 0.04070796460176991
0 0.26607669616519175 0.40412979351032446 0.08495575221238938 0.07787610619469026
0 0.3728613569321534 0.45722713864306785 0.07787610619469026 0.15221238938053097
1 0.5067846607669616 0.39646017699115044 0.04837758112094395 0.04129793510324484
0 0.6778761061946903 0.4607669616519174 0.11091445427728613 0.05191740412979351
0 0.7808259587020648 0.43067846607669613 0.04070796460176991 0.04247787610619469
0 0.15545722713864307 0.5764011799410029 0.05132743362831858 0.054277286135693215
0 0.3230088495575221 0.6179941002949852 0.07846607669616519 0.1504424778761062
0 0.3855457227138643 0.588495575221239 0.05604719764011799 0.07138643067846608
0 0.5368731563421829 0.5203539823008849 0.049557522123893805 0.04247787610619469
0 0.6690265486725664 0.5489675516224188 0.10147492625368731 0.10678466076696165
0 0.7802359882005899 0.5536873156342182 0.03008849557522124 0.05132743362831858
1 0.1696165191740413 0.696165191740413 0.03952802359882006 0.04365781710914454
1 0.2734513274336283 0.7150442477876107 0.0359882005899705 0.024778761061946902
0 0.424188790560472 0.7607669616519174 0.10973451327433628 0.11150442477876106
0 0.547787610619469 0.6743362831858407 0.0808259587020649 0.0743362831858407
0 0.6855457227138643 0.6764011799410029 0.05073746312684366 0.047787610619469026
0 0.7707964601769911 0.6722713864306784 0.08790560471976401 0.11622418879056047
0 0.11209439528023599 0.7964601769911505 0.05191740412979351 0.06843657817109144
1 0.2752212389380531 0.7973451327433628 0.04070796460176991 0.024188790560471976
0 0.3920353982300885 0.8474926253687316 0.11976401179941003 0.12684365781710916
0 0.5448377581120943 0.8424778761061946 0.07610619469026549 0.13333333333333333
0 0.6548672566371682 0.7808259587020648 0.05073746312684366 0.0808259587020649
0 0.7648967551622419 0.7858407079646017 0.18584070796460178 0.05545722713864307
