1 0.06165191740412979 0.14454277286135692 0.027728613569321534 0.016519174041297935
1 0.22064896755162242 0.1687315634218289 0.02831858407079646 0.021238938053097345
0 0.36991150442477877 0.1528023598820059 0.030678466076696165 0.040117994100294985
0 0.5247787610619469 0.12389380530973451 0.028908554572271386 0.025958702064896755
1 0.7020648967551623 0.1182890855457227 0.035398230088495575 0.027728613569321534
1 0.8601769911504424 0.09557522123893805 0.040117994100294985 0.02831858407079646
1 0.07138643067846608 0.3035398230088496 0.02831858407079646 0.018289085545722714
1 0.231858407079646 0.3064896755162242 0.03303834808259587 0.013569321533923304
0 0.37905604719764013 0.33421828908554574 0.033628318584070796 0.03008849557522124
0 0.547787610619469 0.27728613569321536 0.03480825958702065 0.02831858407079646
0 0.6820058997050147 0.3008849557522124 0.03421828908554572 0.03657817109144543
1 0.8731563421828908 0.28820058997050146 0.035398230088495575 0.028908554572271386
1 0.06371681415929203 0.451622418879056 0.029498525073746312 0.02182890855457227
1 0.23628318584070795 0.4365781710914454 0.0359882005899705 0.029498525073746312
1 0.3828908554572271 0.46106194690265484 0.029498525073746312 0.033628318584070796
1 0.5504424778761062 0.4407079646017699 0.029498525073746312 0.024778761061946902
1 0.7123893805309734 0.4374631268436578 0.03126843657817109 0.027728613569321534
0 0.8628318584070797 0.46194690265486726 0.0359882005899705 0.035398230088495575
1 0.06312684365781711 0.6112094395280236 0.02831858407079646 0.025958702064896755
1 0.2510324483775811 0.5864306784660767 0.028908554572271386 0.020058997050147492
1 0.3952802359882006 0.5775811209439528 0.02831858407079646 0.01887905604719764
1 0.5489675516224188 0.5769911504424778 0.03480825958702065 0.016519174041297935
0 0.7097345132743362 0.5961651917404129 0.027138643067846607 0.043067846607669616
0 0.8589970501474926 0.5572271386430678 0.027138643067846607 0.0359882005899705
0 0.07463126843657816 0.6967551622418879 0.03716814159292035 0.030678466076696165
0 0.25958702064896755 0.691150442477876 0.035398230088495575 0.02536873156342183
0 0.39705014749262535 0.7377581120943952 0.030678466076696165 0.02654867256637168
1 0.5554572271386431 0.6890855457227139 0.028908554572271386 0.03421828908554572
1 0.7067846607669617 0.6982300884955752 0.03185840707964602 0.02064896755162242
1 0.8648967551622418 0.7044247787610619 0.02359882005899705 0.03421828908554572
1 0.07463126843657816 0.8386430678466077 0.027728613569321534 0.019469026548672566
1 0.2368731563421829 0.8309734513274336 0.027728613569321534 0.03480825958702065
1 0.40825958702064896 0.8191740412979351 0.025958702064896755 0.04070796460176991
1 0.5442477876106194 0.8622418879056047 0.0359882005899705 0.03952802359882006
0 0.691150442477876 0.8548672566371681 0.027728613569321534 0.030678466076696165
0 0.8941002949852507 0.8811209439528024 0.03008849557522124 0.03126843657817109
