1 0.06401179941002949 0.1454277286135693 0.028908554572271386 0.01710914454277286
1 0.21769911504424777 0.17610619469026548 0.030678466076696165 0.03008849557522124
0 0.37256637168141593 0.15250737463126843 0.028908554572271386 0.03952802359882006
0 0.5277286135693215 0.12802359882005898 0.02654867256637168 0.025958702064896755
1 0.7020648967551623 0.11563421828908554 0.030678466076696165 0.029498525073746312
1 0.8646017699115044 0.09557522123893805 0.04070796460176991 0.029498525073746312
1 0.8766961651917404 0.28702064896755164 0.03421828908554572 0.0359882005899705
1 0.6834808259587021 0.3008849557522124 0.0359882005899705 0.04129793510324484
0 0.5463126843657817 0.28053097345132744 0.035398230088495575 0.02536873156342183
0 0.3823008849557522 0.33421828908554574 0.03421828908554572 0.03126843657817109
1 0.2327433628318584 0.3056047197640118 0.02654867256637168 0.020058997050147492
1 0.06991150442477875 0.3029498525073746 0.03126843657817109 0.02064896755162242
1 0.06312684365781711 0.45309734513274336 0.025958702064896755 0.02359882005899705
1 0.2336283185840708 0.4359882005899705 0.03657817109144543 0.030678466076696165
1 0.3828908554572271 0.4622418879056047 0.030678466076696165 0.03716814159292035
1 0.5513274336283186 0.44277286135693217 0.03008849557522124 0.02182890855457227
1 0.7135693215339233 0.43716814159292033 0.03126843657817109 0.02359882005899705
0 0.8672566371681416 0.4625368731563422 0.029498525073746312 0.03893805309734513
0 0.8581120943952802 0.55929203539823 0.03008849557522124 0.04129793510324484
0 0.712094395280236 0.5952802359882006 0.025958702064896755 0.044837758112094395
1 0.552212389380531 0.5769911504424778 0.03657817109144543 0.020058997050147492
1 0.3920353982300885 0.5793510324483776 0.033628318584070796 0.017699115044247787
1 0.25162241887905606 0.5855457227138643 0.02654867256637168 0.023008849557522124
1 0.05958702064896755 0.6106194690265486 0.02831858407079646 0.025958702064896755
1 0.07876106194690266 0.6970501474926254 0.03952802359882006 0.03126843657817109
0 0.2584070796460177 0.687905604719764 0.03893805309734513 0.03185840707964602
1 0.3973451327433628 0.7386430678466076 0.0359882005899705 0.02831858407079646
1 0.5545722713864307 0.6902654867256637 0.03185840707964602 0.04365781710914454
1 0.7091445427728613 0.7005899705014749 0.030678466076696165 0.023008849557522124
1 0.8660766961651918 0.7056047197640118 0.022418879056047197 0.027138643067846607
1 0.0743362831858407 0.840117994100295 0.025958702064896755 0.017699115044247787
1 0.2392330383480826 0.831858407079646 0.02654867256637168 0.03185840707964602
1 0.4079646017699115 0.8176991150442477 0.028908554572271386 0.035398230088495575
1 0.5454277286135694 0.8666666666666667 0.028908554572271386 0.03421828908554572
0 0.6929203539823009 0.8563421828908554 0.02654867256637168 0.033628318584070796
0 0.8935103244837758 0.8814159292035398 0.03480825958702065 0.030678466076696165
