1 0.11799410029498525 0.12625368731563422 0.030678466076696165 0.022418879056047197
1 0.27935103244837756 0.1448377581120944 0.03480825958702065 0.01592920353982301
1 0.44365781710914454 0.15398230088495574 0.03893805309734513 0.022418879056047197
1 0.6035398230088496 0.15103244837758112 0.029498525073746312 0.021238938053097345
1 0.7575221238938052 0.15663716814159293 0.03421828908554572 0.02182890855457227
1 0.932448377581121 0.16696165191740414 0.0359882005899705 0.01887905604719764
1 0.9371681415929204 0.2799410029498525 0.033628318584070796 0.02064896755162242
1 0.7557522123893805 0.2831858407079646 0.030678466076696165 0.02359882005899705
1 0.6023598820058997 0.29321533923303833 0.03185840707964602 0.020058997050147492
1 0.4471976401179941 0.3014749262536873 0.030678466076696165 0.02359882005899705
1 0.2908554572271386 0.3017699115044248 0.03185840707964602 0.019469026548672566
1 0.1191740412979351 0.28820058997050146 0.03421828908554572 0.01710914454277286
1 0.12418879056047197 0.41710914454277287 0.028908554572271386 0.02359882005899705
1 0.28643067846607667 0.42271386430678465 0.028908554572271386 0.019469026548672566
1 0.4471976401179941 0.42271386430678465 0.029498525073746312 0.02064896755162242
1 0.6041297935103245 0.4218289085545723 0.03185840707964602 0.020058997050147492
1 0.748377581120944 0.4109144542772861 0.033628318584070796 0.018289085545722714
1 0.9339233038348083 0.40176991150442476 0.02831858407079646 0.020058997050147492
1 0.12448377581120944 0.559882005899705 0.03185840707964602 0.020058997050147492
1 0.28466076696165193 0.5607669616519174 0.03008849557522124 0.019469026548672566
1 0.4474926253687316 0.5575221238938053 0.028908554572271386 0.017699115044247787
1 0.6076696165191741 0.5566371681415929 0.03185840707964602 0.019469026548672566
1 0.7569321533923303 0.552212389380531 0.02831858407079646 0.021238938053097345
1 0.9321533923303835 0.5486725663716814 0.027138643067846607 0.017699115044247787
1 0.11976401179941003 0.7221238938053097 0.03421828908554572 0.020058997050147492
1 0.29852507374631265 0.7171091445427729 0.03303834808259587 0.018289085545722714
1 0.45368731563421827 0.6988200589970501 0.040117994100294985 0.02182890855457227
1 0.6144542772861357 0.6973451327433628 0.03480825958702065 0.021238938053097345
1 0.7533923303834809 0.7008849557522123 0.03185840707964602 0.017699115044247787
1 0.9265486725663716 0.7002949852507374 0.03126843657817109 0.022418879056047197
1 0.12743362831858407 0.8955752212389381 0.025958702064896755 0.022418879056047197
1 0.2982300884955752 0.8817109144542773 0.02654867256637168 0.023008849557522124
1 0.44896755162241886 0.8775811209439528 0.030678466076696165 0.02064896755162242
1 0.6230088495575221 0.8578171091445428 0.03421828908554572 0.020058997050147492
1 0.7578171091445428 0.8616519174041298 0.027728613569321534 0.019469026548672566
1 0.935693215339233 0.856637168141593 0.025958702064896755 0.017699115044247787
