1 0.06401179941002949 0.1430678466076696 0.028908554572271386 0.018289085545722714
1 0.23805309734513275 0.1480825958702065 0.028908554572271386 0.024778761061946902
1 0.37610619469026546 0.14188790560471976 0.03126843657817109 0.024188790560471976
1 0.5489675516224188 0.12389380530973451 0.027728613569321534 0.027138643067846607
1 0.7008849557522123 0.11799410029498525 0.027138643067846607 0.022418879056047197
1 0.8772861356932153 0.11032448377581121 0.03303834808259587 0.02359882005899705
1 0.0728613569321534 0.30117994100294987 0.028908554572271386 0.01592920353982301
1 0.24424778761061947 0.2982300884955752 0.02831858407079646 0.02182890855457227
1 0.38495575221238937 0.3023598820058997 0.033628318584070796 0.02182890855457227
1 0.5454277286135694 0.30206489675516224 0.03480825958702065 0.021238938053097345
1 0.699410029498525 0.28053097345132744 0.032448377581120944 0.02064896755162242
1 0.8793510324483775 0.27463126843657815 0.0359882005899705 0.02536873156342183
1 0.06401179941002949 0.4504424778761062 0.02536873156342183 0.019469026548672566
1 0.240117994100295 0.44483775811209436 0.03185840707964602 0.01887905604719764
1 0.3902654867256637 0.4457227138643068 0.03126843657817109 0.02064896755162242
1 0.551622418879056 0.44188790560471974 0.02831858407079646 0.020058997050147492
1 0.7150442477876107 0.43952802359882004 0.030678466076696165 0.017699115044247787
1 0.8746312684365781 0.4398230088495575 0.033628318584070796 0.02064896755162242
1 0.06460176991150443 0.5952802359882006 0.027728613569321534 0.024778761061946902
1 0.25014749262536873 0.5882005899705015 0.02831858407079646 0.016519174041297935
1 0.3943952802359882 0.5787610619469027 0.033628318584070796 0.01887905604719764
1 0.5513274336283186 0.5775811209439528 0.03126843657817109 0.01887905604719764
1 0.7135693215339233 0.5787610619469027 0.028908554572271386 0.020058997050147492
1 0.8758112094395281 0.5820058997050147 0.027728613569321534 0.024188790560471976
1 0.06430678466076696 0.7227138643067846 0.03421828908554572 0.024778761061946902
1 0.2424778761061947 0.7194690265486725 0.03303834808259587 0.024188790560471976
1 0.3935103244837758 0.7085545722713864 0.03303834808259587 0.021238938053097345
1 0.5495575221238937 0.7035398230088495 0.03008849557522124 0.02064896755162242
1 0.7085545722713864 0.7014749262536873 0.035398230088495575 0.01887905604719764
1 0.8646017699115044 0.7061946902654868 0.02536873156342183 0.030678466076696165
1 0.06607669616519174 0.8327433628318583 0.03421828908554572 0.02182890855457227
1 0.23215339233038348 0.8327433628318583 0.032448377581120944 0.02182890855457227
1 0.4070796460176991 0.8297935103244838 0.02831858407079646 0.02536873156342183
1 0.5569321533923304 0.8445427728613569 0.02831858407079646 0.02182890855457227
1 0.7247787610619469 0.8359882005899705 0.028908554572271386 0.02831858407079646
1 0.8687315634218289 0.8687315634218289 0.023008849557522124 0.032448377581120944
