0 0.12035398230088495 0.05486725663716814 0.054277286135693215 0.08849557522123894
0 0.2536873156342183 0.05870206489675516 0.0743362831858407 0.04542772861356932
0 0.4044247787610619 0.07404129793510325 0.047787610619469026 0.057227138643067846
0 0.5327433628318584 0.12123893805309735 0.029498525073746312 0.033628318584070796
0 0.6752212389380531 0.05870206489675516 0.11268436578171091 0.04070796460176991
0 0.8536873156342183 0.09970501474926254 0.03657817109144543 0.03185840707964602
0 0.1224188790560472 0.2368731563421829 0.057227138643067846 0.07964601769911504
0 0.2471976401179941 0.18259587020648968 0.05191740412979351 0.05014749262536873
0 0.3595870206489675 0.1808259587020649 0.1303834808259587 0.0359882005899705
0 0.5268436578171092 0.26135693215339234 0.06017699115044248 0.05663716814159292
0 0.7026548672566372 0.22684365781710913 0.044837758112094395 0.04660766961651917
0 0.8528023598820059 0.22831858407079647 0.04424778761061947 0.05545722713864307
0 0.12743362831858407 0.31474926253687313 0.035398230088495575 0.07256637168141593
0 0.22005899705014748 0.30619469026548674 0.054277286135693215 0.12507374631268436
0 0.36519174041297936 0.36519174041297936 0.05309734513274336 0.10973451327433628
0 0.5460176991150443 0.3274336283185841 0.06902654867256637 0.058997050147492625
0 0.6873156342182891 0.3710914454277286 0.0471976401179941 0.05191740412979351
1 0.8660766961651918 0.3831858407079646 0.03421828908554572 0.05486725663716814
0 0.1359882005899705 0.5342182890855457 0.05958702064896755 0.07374631268436578
0 0.22241887905604718 0.5539823008849557 0.054277286135693215 0.10265486725663717
0 0.3616519174041298 0.4654867256637168 0.054277286135693215 0.05073746312684366
0 0.5294985250737463 0.46814159292035395 0.05368731563421829 0.07020648967551622
0 0.691150442477876 0.5138643067846608 0.0359882005899705 0.08613569321533923
0 0.8480825958702065 0.5109144542772861 0.03952802359882006 0.07905604719764012
0 0.13657817109144543 0.6690265486725664 0.06312684365781711 0.16283185840707964
0 0.21386430678466076 0.6899705014749262 0.05486725663716814 0.10442477876106195
0 0.35752212389380533 0.6949852507374631 0.07669616519174041 0.06017699115044248
0 0.5058997050147492 0.6017699115044248 0.04070796460176991 0.05545722713864307
0 0.6814159292035398 0.6271386430678466 0.0471976401179941 0.04837758112094395
0 0.8504424778761062 0.631858407079646 0.04070796460176991 0.05545722713864307
0 0.13775811209439529 0.8032448377581121 0.0855457227138643 0.047787610619469026
0 0.22212389380530972 0.8283185840707965 0.038348082595870206 0.10619469026548672
0 0.368141592920354 0.7811209439528024 0.03185840707964602 0.08141592920353982
0 0.5056047197640118 0.7684365781710915 0.058997050147492625 0.06312684365781711
0 0.7044247787610619 0.8395280235988201 0.07905604719764012 0.06489675516224189
0 0.8427728613569322 0.8150442477876106 0.052507374631268436 0.0584070796460177
