1 0.058112094395280235 0.14896755162241887 0.028908554572271386 0.01710914454277286
1 0.1831858407079646 0.1864306784660767 0.027728613569321534 0.03421828908554572
1 0.3654867256637168 0.15958702064896754 0.023008849557522124 0.03952802359882006
1 0.5215339233038347 0.13893805309734514 0.03421828908554572 0.027728613569321534
1 0.6964601769911505 0.1200589970501475 0.02654867256637168 0.027728613569321534
1 0.8581120943952802 0.09233038348082595 0.03716814159292035 0.028908554572271386
0 0.06460176991150443 0.3117994100294985 0.02536873156342183 0.02182890855457227
0 0.22418879056047197 0.3345132743362832 0.03185840707964602 0.03185840707964602
0 0.37168141592920356 0.3424778761061947 0.03185840707964602 0.03126843657817109
1 0.5404129793510324 0.28348082595870205 0.03775811209439528 0.032448377581120944
0 0.6646017699115044 0.3056047197640118 0.024188790560471976 0.04129793510324484
1 0.8713864306784661 0.3088495575221239 0.03893805309734513 0.02654867256637168
1 0.06283185840707964 0.45781710914454277 0.02536873156342183 0.020058997050147492
0 0.2303834808259587 0.4351032448377581 0.024188790560471976 0.03480825958702065
0 0.3678466076696165 0.46519174041297934 0.02064896755162242 0.04070796460176991
1 0.5492625368731563 0.44277286135693217 0.02831858407079646 0.023008849557522124
1 0.7112094395280236 0.4368731563421829 0.028908554572271386 0.02064896755162242
0 0.8616519174041298 0.463716814159292 0.03008849557522124 0.03775811209439528
0 0.05870206489675516 0.5982300884955752 0.02536873156342183 0.03421828908554572
1 0.24808259587020648 0.5899705014749262 0.024188790560471976 0.022418879056047197
1 0.39469026548672564 0.5793510324483776 0.03303834808259587 0.020058997050147492
1 0.552212389380531 0.5784660766961652 0.027138643067846607 0.02064896755162242
1 0.7035398230088495 0.6005899705014749 0.03008849557522124 0.035398230088495575
0 0.8578171091445428 0.5578171091445427 0.024778761061946902 0.032448377581120944
1 0.07551622418879056 0.7058997050147493 0.04129793510324484 0.02654867256637168
1 0.25781710914454276 0.6982300884955752 0.03185840707964602 0.02064896755162242
1 0.3958702064896755 0.7407079646017699 0.03893805309734513 0.027728613569321534
0 0.5548672566371682 0.6625368731563421 0.038348082595870206 0.035398230088495575
1 0.7041297935103245 0.7023598820058997 0.032448377581120944 0.02064896755162242
1 0.8666666666666667 0.7053097345132743 0.022418879056047197 0.028908554572271386
1 0.06519174041297934 0.8324483775811209 0.03480825958702065 0.03185840707964602
1 0.25899705014749264 0.8212389380530973 0.03421828908554572 0.03421828908554572
1 0.41297935103244837 0.8085545722713864 0.030678466076696165 0.024188790560471976
0 0.5460176991150443 0.8675516224188791 0.038348082595870206 0.04188790560471976
0 0.6917404129793511 0.8631268436578171 0.02654867256637168 0.04247787610619469
1 0.887905604719764 0.8769911504424779 0.02359882005899705 0.032448377581120944
