0 0.10324483775811209 0.11740412979351032 0.03775811209439528 0.03421828908554572
0 0.20501474926253688 0.15958702064896754 0.07020648967551622 0.10678466076696165
0 0.35044247787610616 0.10855457227138643 0.0471976401179941 0.04129793510324484
0 0.47787610619469023 0.1368731563421829 0.13805309734513274 0.08495575221238938
0 0.6342182890855457 0.1421828908554572 0.11209439528023599 0.06135693215339233
0 0.7646017699115044 0.17492625368731562 0.06135693215339233 0.0831858407079646
0 0.1215339233038348 0.2799410029498525 0.044837758112094395 0.0808259587020649
1 0.2336283185840708 0.26902654867256637 0.05073746312684366 0.03421828908554572
0 0.335693215339233 0.2651917404129793 0.071976401179941 0.032448377581120944
1 0.5 0.28112094395280235 0.038348082595870206 0.03008849557522124
0 0.6551622418879056 0.2575221238938053 0.09380530973451327 0.06666666666666667
0 0.7716814159292036 0.2398230088495575 0.10973451327433628 0.0584070796460177
0 0.11032448377581121 0.46430678466076697 0.05073746312684366 0.03421828908554572
0 0.26489675516224187 0.4117994100294985 0.10383480825958702 0.0696165191740413
0 0.3752212389380531 0.45309734513274336 0.07079646017699115 0.14749262536873156
0 0.5026548672566371 0.3979351032448378 0.0471976401179941 0.04070796460176991
0 0.6755162241887905 0.459882005899705 0.11563421828908554 0.052507374631268436
0 0.779646017699115 0.4247787610619469 0.038348082595870206 0.04129793510324484
0 0.5339233038348082 0.5203539823008849 0.04365781710914454 0.03775811209439528
0 0.14896755162241887 0.5997050147492625 0.033628318584070796 0.05604719764011799
0 0.3268436578171091 0.6162241887905605 0.06843657817109144 0.14690265486725662
0 0.4224188790560472 0.603834808259587 0.12035398230088495 0.07610619469026549
0 0.663126843657817 0.5628318584070796 0.10619469026548672 0.12743362831858407
0 0.7799410029498525 0.5557522123893806 0.03421828908554572 0.05073746312684366
1 0.16755162241887905 0.6902654867256637 0.04129793510324484 0.03893805309734513
1 0.2710914454277286 0.7289085545722713 0.0359882005899705 0.03952802359882006
1 0.26902654867256637 0.7696165191740413 0.03185840707964602 0.038348082595870206
0 0.11120943952802359 0.8194690265486726 0.04542772861356932 0.08849557522123894
0 0.5430678466076696 0.6678466076696166 0.06902654867256637 0.06843657817109144
0 0.6867256637168142 0.6784660766961652 0.05191740412979351 0.05073746312684366
0 0.7743362831858407 0.6707964601769911 0.12212389380530973 0.09911504424778761
0 0.4324483775811209 0.759882005899705 0.12271386430678466 0.1191740412979351
0 0.3896755162241888 0.8498525073746312 0.12448377581120944 0.12802359882005898
0 0.5448377581120943 0.8377581120943953 0.07846607669616519 0.13451327433628318
0 0.6525073746312684 0.7823008849557522 0.044837758112094395 0.07551622418879056
0 0.7678466076696165 0.7814159292035399 0.17404129793510326 0.0584070796460177
