1 0.05870206489675516 0.1463126843657817 0.028908554572271386 0.017699115044247787
1 0.16932153392330385 0.18613569321533924 0.03185840707964602 0.032448377581120944
0 0.3513274336283186 0.17079646017699116 0.02182890855457227 0.04188790560471976
0 0.5233038348082596 0.1398230088495575 0.035398230088495575 0.020058997050147492
1 0.6979351032448378 0.12035398230088495 0.025958702064896755 0.030678466076696165
1 0.8530973451327434 0.08259587020648967 0.03657817109144543 0.030678466076696165
1 0.0663716814159292 0.32123893805309733 0.02654867256637168 0.03008849557522124
0 0.22094395280235987 0.3368731563421829 0.028908554572271386 0.03775811209439528
1 0.371976401179941 0.33775811209439527 0.0359882005899705 0.02654867256637168
1 0.5427728613569321 0.2849557522123894 0.04129793510324484 0.02831858407079646
0 0.6607669616519174 0.3053097345132743 0.022418879056047197 0.043067846607669616
1 0.8740412979351032 0.3017699115044248 0.0359882005899705 0.02536873156342183
0 0.06017699115044248 0.4569321533923304 0.024778761061946902 0.023008849557522124
0 0.22625368731563422 0.431858407079646 0.024188790560471976 0.03893805309734513
1 0.36902654867256635 0.4604719764011799 0.02182890855457227 0.03952802359882006
1 0.5474926253687316 0.443952802359882 0.03185840707964602 0.02182890855457227
1 0.7097345132743362 0.43539823008849554 0.02359882005899705 0.02359882005899705
0 0.8601769911504424 0.46578171091445425 0.029498525073746312 0.03480825958702065
0 0.0607669616519174 0.595575221238938 0.02831858407079646 0.028908554572271386
1 0.24749262536873157 0.5920353982300884 0.028908554572271386 0.02064896755162242
1 0.39233038348082594 0.5808259587020649 0.03303834808259587 0.014749262536873156
1 0.5501474926253688 0.5796460176991151 0.028908554572271386 0.02182890855457227
1 0.7011799410029499 0.5997050147492625 0.03008849557522124 0.03716814159292035
0 0.8589970501474926 0.55929203539823 0.024778761061946902 0.04129793510324484
1 0.07699115044247787 0.707669616519174 0.038348082595870206 0.032448377581120944
1 0.06696165191740414 0.8300884955752212 0.0359882005899705 0.035398230088495575
1 0.26017699115044246 0.7 0.030678466076696165 0.02182890855457227
1 0.25398230088495577 0.8303834808259587 0.02654867256637168 0.0359882005899705
1 0.38761061946902653 0.7188790560471976 0.03185840707964602 0.03008849557522124
1 0.4103244837758112 0.8053097345132744 0.03480825958702065 0.029498525073746312
0 0.5415929203539823 0.7117994100294985 0.03303834808259587 0.04070796460176991
0 0.5469026548672566 0.8675516224188791 0.027138643067846607 0.04188790560471976
0 0.7041297935103245 0.7147492625368731 0.038348082595870206 0.03126843657817109
1 0.8654867256637168 0.7044247787610619 0.02359882005899705 0.02831858407079646
1 0.6967551622418879 0.8613569321533923 0.021238938053097345 0.04365781710914454
1 0.8887905604719764 0.8772861356932153 0.03126843657817109 0.030678466076696165
