0 0.3185840707964602 0.212094395280236 0.09793510324483776 0.15516224188790562
0 0.43628318584070797 0.2542772861356932 0.1410029498525074 0.1486725663716814
0 0.5392330383480826 0.19469026548672566 0.029498525073746312 0.0743362831858407
1 0.6734513274336283 0.19616519174041297 0.02536873156342183 0.023008849557522124
0 0.7150442477876107 0.1696165191740413 0.0743362831858407 0.09616519174041298
0 0.9097345132743363 0.2191740412979351 0.071976401179941 0.17168141592920355
0 0.26784660766961654 0.3501474926253687 0.09085545722713864 0.11858407079646018
0 0.40648967551622417 0.36578171091445427 0.1710914454277286 0.0696165191740413
0 0.47109144542772863 0.4085545722713864 0.1480825958702065 0.09616519174041298
0 0.6141592920353982 0.335693215339233 0.049557522123893805 0.12979351032448377
0 0.7368731563421829 0.4492625368731563 0.11209439528023599 0.18348082595870208
0 0.7407079646017699 0.308259587020649 0.07492625368731563 0.10206489675516224
0 0.8569321533923304 0.36194690265486723 0.15398230088495574 0.15162241887905603
0 0.827433628318584 0.4646017699115044 0.09498525073746313 0.1056047197640118
1 0.9235988200589971 0.5073746312684366 0.02654867256637168 0.024778761061946902
0 0.3064896755162242 0.48849557522123893 0.047787610619469026 0.06017699115044248
0 0.36106194690265486 0.4631268436578171 0.024778761061946902 0.06253687315634218
0 0.5365781710914455 0.4941002949852507 0.16932153392330385 0.05486725663716814
0 0.6646017699115044 0.5607669616519174 0.09970501474926254 0.11386430678466077
0 0.2657817109144543 0.6492625368731564 0.08790560471976401 0.04188790560471976
0 0.4351032448377581 0.5740412979351033 0.20589970501474925 0.044837758112094395
0 0.5206489675516224 0.5646017699115045 0.05132743362831858 0.024778761061946902
0 0.5958702064896755 0.6067846607669617 0.0743362831858407 0.11504424778761062
0 0.38495575221238937 0.6917404129793511 0.07846607669616519 0.09498525073746313
0 0.48584070796460177 0.7150442477876107 0.14454277286135692 0.06135693215339233
0 0.6973451327433628 0.699410029498525 0.09911504424778761 0.1952802359882006
0 0.8445427728613569 0.6563421828908554 0.07374631268436578 0.07138643067846608
0 0.7955752212389381 0.7315634218289085 0.05486725663716814 0.12625368731563422
0 0.8129793510324483 0.7997050147492625 0.12625368731563422 0.06902654867256637
0 0.29410029498525075 0.751622418879056 0.1905604719764012 0.10855457227138643
0 0.315929203539823 0.8147492625368732 0.13392330383480827 0.0471976401179941
0 0.46932153392330384 0.8460176991150442 0.14454277286135692 0.05781710914454277
0 0.675811209439528 0.8283185840707965 0.07728613569321534 0.11563421828908554
0 0.2873156342182891 0.8884955752212389 0.0967551622418879 0.13333333333333333
