0 0.12064896755162241 0.1433628318584071 0.06666666666666667 0.10383480825958702
0 0.2973451327433628 0.11740412979351032 0.11445427728613569 0.06607669616519174
0 0.5103244837758112 0.12064896755162241 0.08023598820058997 0.1410029498525074
0 0.659882005899705 0.140117994100295 0.05486725663716814 0.1823008849557522
0 0.8687315634218289 0.07935103244837757 0.1327433628318584 0.10088495575221239
0 0.1495575221238938 0.315929203539823 0.09262536873156342 0.04188790560471976
0 0.308259587020649 0.2825958702064897 0.03126843657817109 0.040117994100294985
0 0.5262536873156343 0.28820058997050146 0.15575221238938053 0.038348082595870206
0 0.6224188790560472 0.2519174041297935 0.054277286135693215 0.0943952802359882
0 0.7740412979351032 0.23480825958702065 0.1710914454277286 0.11091445427728613
1 0.15811209439528023 0.4032448377581121 0.020058997050147492 0.038348082595870206
0 0.32536873156342183 0.4150442477876106 0.1799410029498525 0.08908554572271386
0 0.40943952802359884 0.46696165191740413 0.05545722713864307 0.12684365781710916
0 0.4737463126843658 0.4200589970501475 0.044837758112094395 0.029498525073746312
0 0.6070796460176991 0.396165191740413 0.08967551622418879 0.19882005899705013
0 0.7693215339233038 0.40914454277286133 0.06725663716814159 0.03952802359882006
0 0.5100294985250737 0.5176991150442478 0.043067846607669616 0.02654867256637168
0 0.1215339233038348 0.5050147492625369 0.10619469026548672 0.08023598820058997
1 0.24601769911504423 0.5607669616519174 0.01887905604719764 0.03952802359882006
0 0.4215339233038348 0.5392330383480826 0.07374631268436578 0.11445427728613569
1 0.6722713864306784 0.5569321533923304 0.03716814159292035 0.020058997050147492
0 0.7693215339233038 0.552212389380531 0.08967551622418879 0.04129793510324484
0 0.10442477876106195 0.6528023598820059 0.0920353982300885 0.17640117994100296
1 0.24778761061946902 0.6787610619469027 0.029498525073746312 0.02654867256637168
0 0.3831858407079646 0.659882005899705 0.05014749262536873 0.11976401179941003
0 0.5129793510324484 0.6342182890855457 0.17286135693215338 0.05191740412979351
0 0.631858407079646 0.6882005899705015 0.0967551622418879 0.16814159292035397
0 0.7392330383480826 0.6914454277286135 0.0471976401179941 0.04601769911504425
0 0.7259587020648968 0.7498525073746313 0.06902654867256637 0.16991150442477876
0 0.5699115044247788 0.7943952802359882 0.10265486725663717 0.11976401179941003
0 0.4622418879056047 0.8070796460176991 0.033628318584070796 0.07669616519174041
1 0.32772861356932154 0.8070796460176991 0.028908554572271386 0.027138643067846607
0 0.2088495575221239 0.8185840707964601 0.06489675516224189 0.13156342182890857
0 0.10206489675516224 0.7802359882005899 0.08259587020648967 0.17286135693215338
