1 0.10206489675516224 0.1495575221238938 0.024778761061946902 0.023008849557522124
1 0.22241887905604718 0.1495575221238938 0.022418879056047197 0.023008849557522124
1 0.3654867256637168 0.1457227138643068 0.02536873156342183 0.025958702064896755
1 0.5277286135693215 0.14601769911504425 0.038348082595870206 0.023008849557522124
1 0.6793510324483776 0.13451327433628318 0.03008849557522124 0.017699115044247787
1 0.8410029498525073 0.11946902654867256 0.03716814159292035 0.02182890855457227
1 0.09793510324483776 0.335693215339233 0.024778761061946902 0.016519174041297935
1 0.21533923303834807 0.3303834808259587 0.029498525073746312 0.017699115044247787
1 0.3705014749262537 0.3238938053097345 0.03185840707964602 0.020058997050147492
1 0.5168141592920354 0.3507374631268437 0.03421828908554572 0.01592920353982301
1 0.6799410029498525 0.34513274336283184 0.033628318584070796 0.024778761061946902
1 0.8436578171091446 0.36106194690265486 0.03185840707964602 0.021238938053097345
1 0.08790560471976401 0.47404129793510325 0.025958702064896755 0.023008849557522124
1 0.23569321533923304 0.47286135693215336 0.02536873156342183 0.018289085545722714
1 0.38082595870206487 0.49911504424778763 0.023008849557522124 0.021238938053097345
1 0.5351032448377581 0.5221238938053098 0.022418879056047197 0.016519174041297935
1 0.6882005899705015 0.5120943952802359 0.027728613569321534 0.02359882005899705
1 0.840117994100295 0.5162241887905604 0.03421828908554572 0.02359882005899705
1 0.09469026548672566 0.6156342182890855 0.03008849557522124 0.013569321533923304
1 0.24336283185840707 0.6191740412979351 0.02654867256637168 0.018289085545722714
1 0.3858407079646018 0.6380530973451327 0.03421828908554572 0.02064896755162242
1 0.5292035398230088 0.6253687315634218 0.030678466076696165 0.017699115044247787
1 0.6834808259587021 0.6286135693215339 0.03126843657817109 0.014749262536873156
1 0.8466076696165191 0.6336283185840708 0.02831858407079646 0.01887905604719764
1 0.10176991150442477 0.763716814159292 0.028908554572271386 0.018289085545722714
1 0.2430678466076696 0.7678466076696165 0.029498525073746312 0.019469026548672566
1 0.4008849557522124 0.7657817109144542 0.03716814159292035 0.022418879056047197
1 0.5519174041297935 0.7716814159292036 0.033628318584070796 0.020058997050147492
1 0.703834808259587 0.7766961651917405 0.029498525073746312 0.027728613569321534
1 0.8510324483775811 0.7805309734513274 0.028908554572271386 0.027138643067846607
1 0.10117994100294986 0.9035398230088495 0.024188790560471976 0.01710914454277286
1 0.2646017699115044 0.9023598820058997 0.03008849557522124 0.02182890855457227
1 0.41002949852507375 0.9162241887905604 0.02831858407079646 0.022418879056047197
1 0.5628318584070796 0.9138643067846608 0.030678466076696165 0.022418879056047197
1 0.7100294985250737 0.9135693215339233 0.02654867256637168 0.028908554572271386
1 0.8669616519174042 0.9023598820058997 0.028908554572271386 0.02536873156342183
