1 0.06165191740412979 0.143952802359882 0.027728613569321534 0.020058997050147492
1 0.215929203539823 0.17817109144542773 0.027138643067846607 0.025958702064896755
0 0.3705014749262537 0.15250737463126843 0.02831858407079646 0.04070796460176991
0 0.5247787610619469 0.12300884955752212 0.03008849557522124 0.027728613569321534
1 0.6997050147492625 0.12094395280235988 0.029498525073746312 0.02359882005899705
1 0.8634218289085546 0.0943952802359882 0.03716814159292035 0.03185840707964602
1 0.0728613569321534 0.3017699115044248 0.027728613569321534 0.024188790560471976
1 0.2312684365781711 0.30501474926253686 0.03657817109144543 0.02359882005899705
0 0.3787610619469026 0.33775811209439527 0.035398230088495575 0.03126843657817109
0 0.5454277286135694 0.27817109144542773 0.038348082595870206 0.028908554572271386
0 0.6823008849557523 0.3005899705014749 0.032448377581120944 0.03952802359882006
1 0.8731563421828908 0.2884955752212389 0.03657817109144543 0.035398230088495575
1 0.06312684365781711 0.452212389380531 0.025958702064896755 0.02536873156342183
1 0.23480825958702065 0.4365781710914454 0.03185840707964602 0.03185840707964602
1 0.3799410029498525 0.4607669616519174 0.03421828908554572 0.03775811209439528
1 0.551622418879056 0.4424778761061947 0.030678466076696165 0.021238938053097345
1 0.7126843657817109 0.43864306784660767 0.03303834808259587 0.023008849557522124
0 0.8660766961651918 0.4654867256637168 0.02831858407079646 0.030678466076696165
1 0.05958702064896755 0.6126843657817109 0.030678466076696165 0.02536873156342183
1 0.2510324483775811 0.5861356932153392 0.02654867256637168 0.02064896755162242
1 0.3967551622418879 0.5796460176991151 0.028908554572271386 0.02064896755162242
1 0.5513274336283186 0.5775811209439528 0.03480825958702065 0.01887905604719764
1 0.7097345132743362 0.5967551622418878 0.02831858407079646 0.038348082595870206
0 0.8589970501474926 0.5569321533923304 0.03303834808259587 0.04129793510324484
0 0.07492625368731563 0.6985250737463127 0.03775811209439528 0.03185840707964602
0 0.2587020648967552 0.6902654867256637 0.0359882005899705 0.030678466076696165
0 0.3952802359882006 0.7398230088495575 0.03421828908554572 0.030678466076696165
1 0.5554572271386431 0.6890855457227139 0.03008849557522124 0.03775811209439528
1 0.7085545722713864 0.7020648967551623 0.030678466076696165 0.021238938053097345
1 0.863716814159292 0.7044247787610619 0.02831858407079646 0.03893805309734513
1 0.07463126843657816 0.8404129793510324 0.02536873156342183 0.019469026548672566
1 0.24100294985250736 0.831858407079646 0.019469026548672566 0.03893805309734513
1 0.4112094395280236 0.824188790560472 0.02359882005899705 0.035398230088495575
1 0.5471976401179941 0.8628318584070797 0.028908554572271386 0.0359882005899705
0 0.6929203539823009 0.8601769911504424 0.02654867256637168 0.03421828908554572
0 0.8958702064896755 0.8828908554572271 0.03008849557522124 0.033628318584070796
