0 0.10147492625368731 0.1182890855457227 0.040117994100294985 0.03008849557522124
0 0.20206489675516223 0.16017699115044248 0.07492625368731563 0.09498525073746313
0 0.35044247787610616 0.1079646017699115 0.03657817109144543 0.04601769911504425
0 0.48259587020648964 0.1368731563421829 0.12861356932153392 0.07787610619469026
0 0.6330383480825958 0.14041297935103245 0.07315634218289085 0.0943952802359882
0 0.7663716814159292 0.1631268436578171 0.06371681415929203 0.0831858407079646
0 0.1168141592920354 0.27463126843657815 0.0471976401179941 0.07256637168141593
1 0.2327433628318584 0.26784660766961654 0.05132743362831858 0.03775811209439528
0 0.3392330383480826 0.2657817109144543 0.071976401179941 0.03008849557522124
0 0.4964601769911504 0.2784660766961652 0.03952802359882006 0.03775811209439528
0 0.6578171091445427 0.2592920353982301 0.08613569321533923 0.07138643067846608
0 0.7873156342182891 0.23480825958702065 0.13392330383480827 0.049557522123893805
0 0.10825958702064897 0.4616519174041298 0.04424778761061947 0.04188790560471976
0 0.26430678466076696 0.4103244837758112 0.10383480825958702 0.06548672566371681
0 0.37787610619469025 0.4510324483775811 0.06548672566371681 0.14454277286135692
0 0.5058997050147492 0.39469026548672564 0.04896755162241888 0.03775811209439528
0 0.6699115044247788 0.4607669616519174 0.09970501474926254 0.05663716814159292
0 0.7755162241887905 0.42625368731563423 0.0359882005899705 0.03480825958702065
0 0.14660766961651917 0.5967551622418878 0.038348082595870206 0.04424778761061947
1 0.14985250737463127 0.667551622418879 0.03657817109144543 0.05014749262536873
0 0.30737463126843656 0.6150442477876106 0.08259587020648967 0.14926253687315633
0 0.41386430678466074 0.6026548672566372 0.11032448377581121 0.07256637168141593
0 0.5339233038348082 0.5194690265486726 0.04601769911504425 0.043067846607669616
0 0.6536873156342182 0.5731563421828908 0.11799410029498525 0.10324483775811209
0 0.7808259587020648 0.5545722713864307 0.032448377581120944 0.04837758112094395
0 0.543952802359882 0.6651917404129793 0.071976401179941 0.0607669616519174
1 0.271976401179941 0.7265486725663717 0.03303834808259587 0.03716814159292035
1 0.25162241887905606 0.8427728613569322 0.03716814159292035 0.027728613569321534
0 0.11091445427728613 0.8259587020648967 0.04129793510324484 0.09085545722713864
0 0.4312684365781711 0.7669616519174041 0.10855457227138643 0.11327433628318584
0 0.384070796460177 0.8477876106194691 0.12861356932153392 0.10737463126843658
0 0.5548672566371682 0.8415929203539823 0.052507374631268436 0.09970501474926254
0 0.6498525073746313 0.7861356932153393 0.04188790560471976 0.07492625368731563
0 0.6870206489675517 0.6772861356932154 0.05132743362831858 0.05073746312684366
0 0.7690265486725664 0.671386430678466 0.11386430678466077 0.10029498525073746
0 0.7728613569321534 0.7985250737463127 0.1592920353982301 0.0607669616519174
