1 0.10412979351032448 0.12979351032448377 0.028908554572271386 0.02831858407079646
1 0.2294985250737463 0.14277286135693215 0.025958702064896755 0.022418879056047197
1 0.3852507374631268 0.1454277286135693 0.02359882005899705 0.02182890855457227
1 0.5348082595870206 0.1448377581120944 0.03126843657817109 0.023008849557522124
1 0.691150442477876 0.14601769911504425 0.023008849557522124 0.0359882005899705
1 0.8460176991150442 0.11740412979351032 0.040117994100294985 0.02359882005899705
1 0.1 0.33539823008849556 0.027728613569321534 0.019469026548672566
1 0.21769911504424777 0.32654867256637166 0.03303834808259587 0.023008849557522124
1 0.3743362831858407 0.3209439528023599 0.033628318584070796 0.02359882005899705
1 0.5165191740412979 0.3501474926253687 0.033628318584070796 0.024188790560471976
1 0.679646017699115 0.34424778761061947 0.03657817109144543 0.024188790560471976
1 0.8418879056047197 0.3616519174041298 0.03303834808259587 0.022418879056047197
1 0.08761061946902654 0.4731563421828908 0.028908554572271386 0.024778761061946902
1 0.23716814159292035 0.4702064896755162 0.029498525073746312 0.020058997050147492
1 0.3817109144542773 0.5020648967551622 0.030678466076696165 0.02359882005899705
1 0.5374631268436578 0.5191740412979351 0.027138643067846607 0.024778761061946902
1 0.6882005899705015 0.5117994100294985 0.033628318584070796 0.03126843657817109
1 0.8386430678466077 0.5135693215339233 0.028908554572271386 0.024188790560471976
1 0.8486725663716814 0.631858407079646 0.03716814159292035 0.01887905604719764
1 0.6870206489675517 0.6268436578171092 0.032448377581120944 0.018289085545722714
1 0.5297935103244837 0.6238938053097345 0.029498525073746312 0.019469026548672566
1 0.3828908554572271 0.6386430678466076 0.030678466076696165 0.018289085545722714
1 0.2430678466076696 0.6247787610619469 0.030678466076696165 0.015339233038348082
1 0.09734513274336283 0.6179941002949852 0.024778761061946902 0.01592920353982301
1 0.10412979351032448 0.764306784660767 0.027728613569321534 0.02064896755162242
1 0.24454277286135692 0.7654867256637168 0.03126843657817109 0.02064896755162242
1 0.39764011799410026 0.768141592920354 0.040117994100294985 0.027138643067846607
1 0.5519174041297935 0.7731563421828909 0.0359882005899705 0.023008849557522124
1 0.708259587020649 0.7737463126843658 0.03008849557522124 0.023008849557522124
1 0.851622418879056 0.7787610619469026 0.028908554572271386 0.030678466076696165
1 0.8648967551622418 0.903244837758112 0.03185840707964602 0.016519174041297935
1 0.7079646017699115 0.9153392330383481 0.030678466076696165 0.02182890855457227
1 0.5631268436578171 0.9123893805309734 0.028908554572271386 0.02182890855457227
1 0.40648967551622417 0.9135693215339233 0.030678466076696165 0.02654867256637168
1 0.26784660766961654 0.9008849557522124 0.02831858407079646 0.020058997050147492
1 0.10648967551622418 0.9014749262536873 0.027728613569321534 0.01887905604719764
