1 0.11091445427728613 0.10530973451327433 0.03657817109144543 0.01710914454277286
1 0.25398230088495577 0.10088495575221239 0.03480825958702065 0.021238938053097345
1 0.39705014749262535 0.10943952802359883 0.03775811209439528 0.01710914454277286
1 0.5430678466076696 0.11032448377581121 0.033628318584070796 0.01887905604719764
1 0.7109144542772862 0.11533923303834809 0.03775811209439528 0.023008849557522124
1 0.8595870206489675 0.12654867256637167 0.035398230088495575 0.02064896755162242
1 0.12271386430678466 0.22654867256637168 0.027138643067846607 0.024778761061946902
1 0.24513274336283186 0.22979351032448378 0.028908554572271386 0.02064896755162242
1 0.3935103244837758 0.23008849557522124 0.030678466076696165 0.020058997050147492
1 0.5412979351032449 0.23392330383480825 0.03480825958702065 0.023008849557522124
1 0.7058997050147493 0.23097345132743363 0.033628318584070796 0.018289085545722714
1 0.8613569321533923 0.2359882005899705 0.03421828908554572 0.01887905604719764
1 0.12212389380530973 0.36902654867256635 0.03775811209439528 0.02536873156342183
1 0.2351032448377581 0.3601769911504425 0.03480825958702065 0.02182890855457227
1 0.3728613569321534 0.37168141592920356 0.03303834808259587 0.017699115044247787
1 0.5463126843657817 0.37079646017699114 0.03657817109144543 0.024188790560471976
1 0.6902654867256637 0.3648967551622419 0.035398230088495575 0.02064896755162242
1 0.8648967551622418 0.3752212389380531 0.040117994100294985 0.020058997050147492
1 0.12300884955752212 0.5253687315634218 0.024188790560471976 0.02536873156342183
1 0.2359882005899705 0.5250737463126843 0.029498525073746312 0.029498525073746312
1 0.3702064896755162 0.5053097345132743 0.032448377581120944 0.023008849557522124
1 0.5480825958702065 0.4982300884955752 0.03303834808259587 0.027728613569321534
1 0.6964601769911505 0.49557522123893805 0.033628318584070796 0.022418879056047197
1 0.8557522123893805 0.4941002949852507 0.03480825958702065 0.02182890855457227
1 0.11297935103244838 0.6637168141592921 0.032448377581120944 0.021238938053097345
1 0.2351032448377581 0.6666666666666666 0.03008849557522124 0.024778761061946902
1 0.3663716814159292 0.6619469026548672 0.030678466076696165 0.025958702064896755
1 0.5321533923303835 0.659882005899705 0.03657817109144543 0.02064896755162242
1 0.6908554572271386 0.6601769911504425 0.030678466076696165 0.02359882005899705
1 0.8530973451327434 0.663126843657817 0.03657817109144543 0.024778761061946902
1 0.12359882005899706 0.8097345132743363 0.03126843657817109 0.019469026548672566
1 0.23952802359882006 0.8123893805309734 0.040117994100294985 0.025958702064896755
1 0.37374631268436576 0.8153392330383481 0.0359882005899705 0.020058997050147492
1 0.5120943952802359 0.8147492625368732 0.03775811209439528 0.02831858407079646
1 0.6926253687315634 0.803834808259587 0.035398230088495575 0.02064896755162242
1 0.8486725663716814 0.8115044247787611 0.03480825958702065 0.023008849557522124
