0 0.2365781710914454 0.17551622418879056 0.05781710914454277 0.07492625368731563
0 0.36106194690265486 0.13628318584070798 0.10855457227138643 0.058997050147492625
0 0.5200589970501475 0.13126843657817108 0.13156342182890857 0.08790560471976401
0 0.6463126843657817 0.10383480825958702 0.04070796460176991 0.03657817109144543
0 0.7932153392330383 0.16106194690265485 0.07020648967551622 0.10855457227138643
1 0.8929203539823009 0.12035398230088495 0.03008849557522124 0.03421828908554572
0 0.2312684365781711 0.24277286135693216 0.10973451327433628 0.05368731563421829
0 0.343952802359882 0.25722713864306784 0.09085545722713864 0.0696165191740413
1 0.5056047197640118 0.28466076696165193 0.03893805309734513 0.03480825958702065
0 0.6651917404129793 0.26253687315634217 0.07020648967551622 0.03775811209439528
1 0.7696165191740413 0.26843657817109146 0.04070796460176991 0.027138643067846607
0 0.8746312684365781 0.27876106194690264 0.04188790560471976 0.07964601769911504
0 0.21651917404129795 0.4271386430678466 0.03893805309734513 0.04365781710914454
0 0.3215339233038348 0.4589970501474926 0.10383480825958702 0.05073746312684366
0 0.4941002949852507 0.3958702064896755 0.05368731563421829 0.04365781710914454
0 0.6274336283185841 0.45663716814159294 0.07374631268436578 0.15457227138643068
0 0.7292035398230088 0.41150442477876104 0.09557522123893805 0.07020648967551622
0 0.8876106194690265 0.46430678466076697 0.047787610619469026 0.03303834808259587
0 0.21769911504424777 0.5542772861356932 0.030678466076696165 0.04896755162241888
0 0.335693215339233 0.5525073746312684 0.11445427728613569 0.1079646017699115
0 0.46283185840707963 0.5200589970501475 0.04896755162241888 0.03952802359882006
0 0.6064896755162241 0.5988200589970502 0.06253687315634218 0.06843657817109144
0 0.6749262536873156 0.6179941002949852 0.06725663716814159 0.14454277286135692
0 0.8489675516224189 0.5882005899705015 0.03303834808259587 0.03893805309734513
0 0.22477876106194689 0.671386430678466 0.12271386430678466 0.0943952802359882
0 0.3153392330383481 0.6734513274336283 0.05014749262536873 0.05014749262536873
0 0.4575221238938053 0.6678466076696166 0.07492625368731563 0.08141592920353982
0 0.564306784660767 0.7619469026548672 0.12212389380530973 0.11740412979351032
1 0.7271386430678466 0.7218289085545723 0.03716814159292035 0.028908554572271386
1 0.8297935103244838 0.6949852507374631 0.038348082595870206 0.0471976401179941
1 0.7265486725663717 0.7696165191740413 0.03008849557522124 0.03952802359882006
0 0.8740412979351032 0.8011799410029499 0.07374631268436578 0.05663716814159292
0 0.23480825958702065 0.7817109144542773 0.17699115044247787 0.06253687315634218
0 0.343952802359882 0.7799410029498525 0.05309734513274336 0.07551622418879056
0 0.45486725663716815 0.8407079646017699 0.07787610619469026 0.13215339233038348
0 0.6076696165191741 0.8448377581120944 0.1215339233038348 0.13333333333333333
