1 0.0607669616519174 0.1463126843657817 0.025958702064896755 0.01887905604719764
1 0.17374631268436577 0.1864306784660767 0.02654867256637168 0.03303834808259587
0 0.3507374631268437 0.16843657817109145 0.02654867256637168 0.04070796460176991
0 0.5212389380530973 0.1415929203539823 0.033628318584070796 0.03303834808259587
1 0.699410029498525 0.11858407079646018 0.02654867256637168 0.02831858407079646
1 0.8536873156342183 0.08348082595870207 0.03775811209439528 0.03480825958702065
0 0.06430678466076696 0.31946902654867254 0.02831858407079646 0.03126843657817109
0 0.21799410029498525 0.3345132743362832 0.02654867256637168 0.040117994100294985
1 0.3705014749262537 0.33539823008849556 0.03657817109144543 0.027728613569321534
1 0.5451327433628319 0.2867256637168142 0.03421828908554572 0.03657817109144543
0 0.6607669616519174 0.3079646017699115 0.02359882005899705 0.04129793510324484
0 0.871976401179941 0.30383480825958703 0.04129793510324484 0.025958702064896755
0 0.06224188790560472 0.45663716814159294 0.02182890855457227 0.022418879056047197
0 0.22595870206489677 0.4312684365781711 0.021238938053097345 0.040117994100294985
0 0.371976401179941 0.4625368731563422 0.02182890855457227 0.03893805309734513
0 0.5489675516224188 0.44277286135693217 0.02654867256637168 0.02654867256637168
0 0.7100294985250737 0.4368731563421829 0.023008849557522124 0.018289085545722714
0 0.8607669616519174 0.4684365781710914 0.02831858407079646 0.03657817109144543
0 0.05958702064896755 0.5970501474926253 0.025958702064896755 0.03303834808259587
1 0.2504424778761062 0.5949852507374631 0.027728613569321534 0.023008849557522124
1 0.39144542772861357 0.5811209439528023 0.032448377581120944 0.021238938053097345
1 0.5483775811209439 0.5787610619469027 0.02536873156342183 0.02359882005899705
0 0.7020648967551623 0.6023598820058997 0.035398230088495575 0.035398230088495575
0 0.8569321533923304 0.559882005899705 0.024188790560471976 0.035398230088495575
1 0.07787610619469026 0.7041297935103245 0.03303834808259587 0.02654867256637168
1 0.06666666666666667 0.8306784660766962 0.03303834808259587 0.03303834808259587
1 0.2584070796460177 0.6982300884955752 0.029498525073746312 0.024188790560471976
1 0.25486725663716814 0.828613569321534 0.024778761061946902 0.032448377581120944
1 0.38761061946902653 0.719174041297935 0.030678466076696165 0.02359882005899705
1 0.41061946902654867 0.8082595870206489 0.03185840707964602 0.024778761061946902
0 0.5415929203539823 0.707669616519174 0.035398230088495575 0.04188790560471976
1 0.5451327433628319 0.8716814159292036 0.03303834808259587 0.03952802359882006
1 0.6997050147492625 0.8622418879056047 0.025958702064896755 0.04542772861356932
0 0.7056047197640118 0.7174041297935103 0.03421828908554572 0.03303834808259587
1 0.8663716814159292 0.7047197640117994 0.018289085545722714 0.03008849557522124
1 0.8890855457227138 0.8758112094395281 0.02831858407079646 0.033628318584070796
