0 0.10294985250737462 0.1191740412979351 0.03716814159292035 0.03185840707964602
0 0.2056047197640118 0.1592920353982301 0.07138643067846608 0.10619469026548672
0 0.3525073746312684 0.10855457227138643 0.04188790560471976 0.04129793510324484
0 0.479646017699115 0.1368731563421829 0.13451327433628318 0.08495575221238938
0 0.6392330383480825 0.14188790560471976 0.11032448377581121 0.0607669616519174
0 0.764306784660767 0.17315634218289086 0.05958702064896755 0.07610619469026549
0 0.12359882005899706 0.279646017699115 0.04660766961651917 0.08023598820058997
1 0.2345132743362832 0.2713864306784661 0.047787610619469026 0.03185840707964602
0 0.33657817109144544 0.2634218289085546 0.07846607669616519 0.03126843657817109
1 0.5008849557522124 0.2820058997050148 0.04247787610619469 0.03185840707964602
0 0.656047197640118 0.25398230088495577 0.09085545722713864 0.07256637168141593
0 0.7690265486725664 0.24336283185840707 0.1079646017699115 0.052507374631268436
0 0.11091445427728613 0.46283185840707963 0.04837758112094395 0.033628318584070796
0 0.2734513274336283 0.4150442477876106 0.09026548672566372 0.07374631268436578
0 0.37374631268436576 0.45663716814159294 0.07610619469026549 0.14985250737463127
1 0.5029498525073747 0.3958702064896755 0.04896755162241888 0.035398230088495575
0 0.671386430678466 0.4607669616519174 0.11445427728613569 0.05191740412979351
0 0.7808259587020648 0.4271386430678466 0.0359882005899705 0.03893805309734513
0 0.5351032448377581 0.5176991150442478 0.044837758112094395 0.03952802359882006
0 0.6640117994100295 0.556047197640118 0.10678466076696165 0.11032448377581121
0 0.7799410029498525 0.556047197640118 0.03185840707964602 0.05132743362831858
0 0.14837758112094396 0.5882005899705015 0.032448377581120944 0.04365781710914454
0 0.3271386430678466 0.6191740412979351 0.07256637168141593 0.1421828908554572
0 0.42684365781710915 0.603834808259587 0.11976401179941003 0.07492625368731563
1 0.1678466076696165 0.6887905604719764 0.04070796460176991 0.04188790560471976
0 0.5445427728613569 0.6669616519174041 0.07551622418879056 0.07846607669616519
0 0.6884955752212389 0.675811209439528 0.05309734513274336 0.04660766961651917
0 0.7752212389380531 0.6699115044247788 0.12271386430678466 0.09852507374631268
1 0.2734513274336283 0.7289085545722713 0.032448377581120944 0.03480825958702065
1 0.27079646017699116 0.7693215339233038 0.02831858407079646 0.035398230088495575
0 0.11710914454277285 0.8100294985250738 0.0584070796460177 0.071976401179941
0 0.4351032448377581 0.7563421828908554 0.12920353982300886 0.12035398230088495
0 0.39085545722713866 0.8477876106194691 0.12330383480825959 0.12861356932153392
0 0.5463126843657817 0.8404129793510324 0.07669616519174041 0.12802359882005898
0 0.6539823008849558 0.7820058997050148 0.052507374631268436 0.0831858407079646
0 0.7675516224188791 0.7808259587020648 0.17463126843657817 0.0607669616519174
