0 0.11415929203539824 0.061061946902654866 0.05604719764011799 0.08436578171091445
0 0.26194690265486725 0.058112094395280235 0.0471976401179941 0.07492625368731563
0 0.4044247787610619 0.06814159292035399 0.038348082595870206 0.07374631268436578
0 0.5348082595870206 0.12389380530973451 0.0359882005899705 0.03303834808259587
0 0.68023598820059 0.06371681415929203 0.09321533923303835 0.04837758112094395
0 0.855457227138643 0.08053097345132743 0.03657817109144543 0.04070796460176991
0 0.12300884955752212 0.2383480825958702 0.05604719764011799 0.08141592920353982
0 0.24778761061946902 0.1831858407079646 0.05191740412979351 0.05486725663716814
0 0.3817109144542773 0.18053097345132743 0.11209439528023599 0.071976401179941
0 0.5333333333333333 0.25486725663716814 0.03185840707964602 0.054277286135693215
0 0.7064896755162242 0.2294985250737463 0.03480825958702065 0.0471976401179941
0 0.8510324483775811 0.24336283185840707 0.03480825958702065 0.032448377581120944
0 0.12831858407079647 0.315929203539823 0.028908554572271386 0.08672566371681416
0 0.2303834808259587 0.3174041297935103 0.04542772861356932 0.11445427728613569
0 0.3654867256637168 0.343952802359882 0.05486725663716814 0.05663716814159292
0 0.547787610619469 0.3274336283185841 0.06666666666666667 0.06017699115044248
0 0.6882005899705015 0.3746312684365782 0.04188790560471976 0.058997050147492625
1 0.8651917404129793 0.3823008849557522 0.03480825958702065 0.05073746312684366
0 0.13480825958702064 0.5297935103244837 0.05958702064896755 0.071976401179941
0 0.22477876106194689 0.5498525073746312 0.05663716814159292 0.09085545722713864
0 0.3616519174041298 0.4666666666666667 0.049557522123893805 0.05191740412979351
0 0.5300884955752212 0.4684365781710914 0.05604719764011799 0.07079646017699115
0 0.6941002949852507 0.5176991150442478 0.0359882005899705 0.08436578171091445
0 0.851622418879056 0.5123893805309735 0.04070796460176991 0.0831858407079646
0 0.12536873156342182 0.6828908554572272 0.043067846607669616 0.13864306784660768
0 0.21474926253687315 0.6893805309734513 0.05073746312684366 0.10088495575221239
0 0.37374631268436576 0.6743362831858407 0.04188790560471976 0.08731563421828908
0 0.5168141592920354 0.6091445427728613 0.03893805309734513 0.05604719764011799
0 0.6843657817109144 0.6227138643067847 0.04129793510324484 0.0584070796460177
0 0.8504424778761062 0.6351032448377582 0.03480825958702065 0.0359882005899705
0 0.1424778761061947 0.803834808259587 0.09144542772861357 0.033628318584070796
0 0.22920353982300884 0.8244837758112095 0.032448377581120944 0.09380530973451327
0 0.3696165191740413 0.7858407079646017 0.028908554572271386 0.06607669616519174
0 0.5041297935103245 0.7728613569321534 0.061946902654867256 0.05663716814159292
0 0.6970501474926254 0.8348082595870207 0.05958702064896755 0.06843657817109144
0 0.8463126843657817 0.823598820058997 0.04542772861356932 0.05781710914454277
