0 0.14129793510324484 0.14749262536873156 0.09380530973451327 0.10029498525073746
0 0.308259587020649 0.13008849557522123 0.12920353982300886 0.15752212389380532
0 0.511504424778761 0.10383480825958702 0.071976401179941 0.15221238938053097
0 0.6725663716814159 0.11445427728613569 0.05663716814159292 0.21002949852507374
0 0.871976401179941 0.09646017699115045 0.13569321533923304 0.09026548672566372
0 0.14454277286135692 0.31327433628318585 0.08023598820058997 0.04365781710914454
0 0.3064896755162242 0.2831858407079646 0.024188790560471976 0.03775811209439528
0 0.524188790560472 0.27876106194690264 0.15516224188790562 0.05486725663716814
0 0.6185840707964602 0.25014749262536873 0.05958702064896755 0.0943952802359882
0 0.7846607669616519 0.2342182890855457 0.1911504424778761 0.0967551622418879
1 0.15486725663716813 0.4026548672566372 0.018289085545722714 0.0359882005899705
0 0.32359882005899704 0.415929203539823 0.17640117994100296 0.0943952802359882
0 0.41150442477876104 0.46430678466076697 0.05368731563421829 0.11445427728613569
0 0.4749262536873156 0.4206489675516224 0.05545722713864307 0.035398230088495575
0 0.6041297935103245 0.39823008849557523 0.08613569321533923 0.1887905604719764
0 0.7675516224188791 0.39882005899705014 0.07315634218289085 0.03775811209439528
0 0.11268436578171091 0.5047197640117994 0.10619469026548672 0.07964601769911504
0 0.25958702064896755 0.5648967551622419 0.04129793510324484 0.043067846607669616
0 0.4144542772861357 0.5424778761061947 0.0855457227138643 0.13156342182890857
0 0.5120943952802359 0.5188790560471976 0.04365781710914454 0.02182890855457227
0 0.6731563421828909 0.5766961651917404 0.030678466076696165 0.05132743362831858
0 0.7728613569321534 0.5519174041297935 0.07669616519174041 0.04188790560471976
0 0.10206489675516224 0.6654867256637168 0.11091445427728613 0.18289085545722714
1 0.24808259587020648 0.6769911504424778 0.02064896755162242 0.024188790560471976
0 0.10088495575221239 0.7837758112094395 0.0943952802359882 0.16696165191740414
0 0.20943952802359883 0.784070796460177 0.10737463126843658 0.12035398230088495
1 0.3271386430678466 0.807669616519174 0.023008849557522124 0.025958702064896755
0 0.4604719764011799 0.8100294985250738 0.023008849557522124 0.07315634218289085
0 0.42271386430678465 0.6495575221238938 0.11268436578171091 0.11091445427728613
0 0.5336283185840708 0.6392330383480825 0.12212389380530973 0.0607669616519174
0 0.6289085545722713 0.6825958702064897 0.0967551622418879 0.18053097345132743
0 0.6 0.8153392330383481 0.15339233038348082 0.09557522123893805
0 0.7504424778761062 0.7029498525073746 0.04837758112094395 0.04660766961651917
0 0.7206489675516224 0.7530973451327434 0.09616519174041298 0.17050147492625367
