1 0.10294985250737462 0.1480825958702065 0.027728613569321534 0.02359882005899705
1 0.22300884955752212 0.1504424778761062 0.027138643067846607 0.01415929203539823
1 0.36696165191740415 0.1454277286135693 0.022418879056047197 0.02182890855457227
1 0.5265486725663717 0.14690265486725662 0.033628318584070796 0.01887905604719764
1 0.6805309734513274 0.13333333333333333 0.032448377581120944 0.016519174041297935
1 0.8410029498525073 0.11858407079646018 0.033628318584070796 0.020058997050147492
1 0.09793510324483776 0.335693215339233 0.025958702064896755 0.01887905604719764
1 0.21563421828908555 0.3292035398230089 0.028908554572271386 0.020058997050147492
1 0.3722713864306785 0.3247787610619469 0.030678466076696165 0.019469026548672566
1 0.5176991150442478 0.35162241887905604 0.03008849557522124 0.01415929203539823
1 0.6766961651917404 0.3445427728613569 0.03893805309734513 0.020058997050147492
1 0.8433628318584071 0.3613569321533923 0.028908554572271386 0.018289085545722714
1 0.08879056047197639 0.47345132743362833 0.027728613569321534 0.02064896755162242
1 0.23392330383480825 0.4725663716814159 0.02536873156342183 0.015339233038348082
1 0.3811209439528024 0.5002949852507375 0.024778761061946902 0.021238938053097345
1 0.5380530973451327 0.5221238938053098 0.030678466076696165 0.017699115044247787
1 0.6884955752212389 0.512684365781711 0.02831858407079646 0.017699115044247787
1 0.8392330383480826 0.5150442477876106 0.03480825958702065 0.022418879056047197
1 0.09616519174041298 0.6162241887905605 0.029498525073746312 0.014749262536873156
1 0.240117994100295 0.6188790560471976 0.027138643067846607 0.01415929203539823
1 0.3846607669616519 0.6371681415929203 0.030678466076696165 0.017699115044247787
1 0.5292035398230088 0.6262536873156342 0.030678466076696165 0.018289085545722714
1 0.6855457227138643 0.6286135693215339 0.02831858407079646 0.01710914454277286
1 0.8492625368731563 0.6327433628318584 0.03008849557522124 0.013569321533923304
1 0.10235988200589971 0.7657817109144542 0.03008849557522124 0.017699115044247787
1 0.24424778761061947 0.768141592920354 0.02831858407079646 0.01887905604719764
1 0.3967551622418879 0.7663716814159292 0.038348082595870206 0.01887905604719764
1 0.551622418879056 0.771976401179941 0.029498525073746312 0.02182890855457227
1 0.7029498525073746 0.7740412979351032 0.03008849557522124 0.024778761061946902
1 0.8492625368731563 0.7814159292035399 0.028908554572271386 0.02536873156342183
1 0.8654867256637168 0.9014749262536873 0.03185840707964602 0.021238938053097345
0 0.7094395280235988 0.9129793510324483 0.027728613569321534 0.028908554572271386
1 0.5616519174041298 0.9126843657817109 0.029498525073746312 0.022418879056047197
1 0.4067846607669616 0.9147492625368732 0.03008849557522124 0.023008849557522124
1 0.2672566371681416 0.9029498525073746 0.029498525073746312 0.02064896755162242
1 0.10353982300884956 0.9038348082595871 0.02654867256637168 0.015339233038348082
