1 0.0584070796460177 0.14778761061946902 0.02831858407079646 0.018289085545722714
1 0.18584070796460178 0.18259587020648968 0.03421828908554572 0.033628318584070796
0 0.3678466076696165 0.15958702064896754 0.027728613569321534 0.0359882005899705
1 0.5212389380530973 0.14365781710914455 0.033628318584070796 0.027728613569321534
1 0.6991150442477876 0.11887905604719765 0.030678466076696165 0.02536873156342183
1 0.8619469026548673 0.09646017699115045 0.04365781710914454 0.033628318584070796
0 0.06755162241887905 0.30855457227138644 0.023008849557522124 0.020058997050147492
0 0.22831858407079647 0.3238938053097345 0.02831858407079646 0.027138643067846607
0 0.3743362831858407 0.3445427728613569 0.03480825958702065 0.03421828908554572
0 0.5474926253687316 0.2849557522123894 0.03657817109144543 0.025958702064896755
0 0.6690265486725664 0.3023598820058997 0.024778761061946902 0.038348082595870206
1 0.8731563421828908 0.29970501474926253 0.030678466076696165 0.025958702064896755
1 0.06224188790560472 0.4592920353982301 0.024188790560471976 0.023008849557522124
0 0.23864306784660766 0.4407079646017699 0.0359882005899705 0.03303834808259587
1 0.3696165191740413 0.46607669616519176 0.024188790560471976 0.035398230088495575
1 0.5507374631268437 0.443952802359882 0.027728613569321534 0.02182890855457227
1 0.7109144542772862 0.4389380530973451 0.030678466076696165 0.024778761061946902
0 0.8625368731563422 0.4646017699115044 0.02831858407079646 0.0359882005899705
0 0.061061946902654866 0.5899705014749262 0.02654867256637168 0.03185840707964602
1 0.25014749262536873 0.5896755162241888 0.027138643067846607 0.023008849557522124
1 0.39233038348082594 0.5808259587020649 0.03303834808259587 0.019469026548672566
1 0.5536873156342182 0.5808259587020649 0.03008849557522124 0.02536873156342183
1 0.7079646017699115 0.5973451327433629 0.030678466076696165 0.03716814159292035
0 0.8578171091445428 0.5595870206489676 0.02831858407079646 0.0359882005899705
0 0.07817109144542772 0.703834808259587 0.033628318584070796 0.035398230088495575
0 0.25899705014749264 0.6941002949852507 0.03657817109144543 0.033628318584070796
0 0.3985250737463127 0.7427728613569321 0.03008849557522124 0.03185840707964602
0 0.5566371681415929 0.6693215339233038 0.03480825958702065 0.03126843657817109
1 0.7079646017699115 0.7035398230088495 0.027138643067846607 0.02064896755162242
1 0.8666666666666667 0.7041297935103245 0.021238938053097345 0.02536873156342183
0 0.06991150442477875 0.8359882005899705 0.024188790560471976 0.03185840707964602
0 0.25398230088495577 0.828613569321534 0.03480825958702065 0.032448377581120944
0 0.41386430678466074 0.8141592920353982 0.02536873156342183 0.030678466076696165
0 0.5483775811209439 0.8672566371681416 0.028908554572271386 0.035398230088495575
0 0.6932153392330384 0.8607669616519174 0.027138643067846607 0.03421828908554572
0 0.8902654867256637 0.8758112094395281 0.03303834808259587 0.03126843657817109
