0 0.1823008849557522 0.20501474926253688 0.12271386430678466 0.07020648967551622
0 0.32831858407079645 0.17315634218289086 0.08672566371681416 0.11150442477876106
0 0.5274336283185841 0.15486725663716813 0.14041297935103245 0.05958702064896755
0 0.703834808259587 0.10648967551622418 0.10855457227138643 0.1303834808259587
0 0.664306784660767 0.17640117994100296 0.14985250737463127 0.05545722713864307
0 0.2651917404129793 0.25899705014749264 0.11976401179941003 0.05663716814159292
0 0.15604719764011798 0.3489675516224189 0.07256637168141593 0.0607669616519174
0 0.5203539823008849 0.2808259587020649 0.15221238938053097 0.04837758112094395
0 0.748377581120944 0.24837758112094394 0.07610619469026549 0.11445427728613569
0 0.6525073746312684 0.2855457227138643 0.14277286135693215 0.13805309734513274
0 0.7383480825958701 0.3528023598820059 0.07492625368731563 0.040117994100294985
0 0.30914454277286135 0.3728613569321534 0.08141592920353982 0.19469026548672566
0 0.415929203539823 0.4430678466076696 0.11209439528023599 0.09321533923303835
0 0.42448377581120944 0.4533923303834808 0.07610619469026549 0.09852507374631268
0 0.491740412979351 0.4743362831858407 0.1410029498525074 0.12271386430678466
0 0.4772861356932153 0.43628318584070797 0.04365781710914454 0.024188790560471976
1 0.07964601769911504 0.4929203539823009 0.03303834808259587 0.02182890855457227
0 0.6050147492625368 0.39557522123893807 0.09498525073746313 0.2
0 0.6646017699115044 0.5156342182890855 0.03126843657817109 0.06253687315634218
0 0.17345132743362832 0.5908554572271386 0.0743362831858407 0.11268436578171091
0 0.2896755162241888 0.567551622418879 0.09085545722713864 0.1864306784660767
0 0.11799410029498525 0.6572271386430678 0.10383480825958702 0.18997050147492625
0 0.2607669616519174 0.6929203539823009 0.08023598820058997 0.09734513274336283
0 0.3855457227138643 0.664306784660767 0.04896755162241888 0.12743362831858407
0 0.5330383480825959 0.5932153392330384 0.1421828908554572 0.09970501474926254
0 0.591740412979351 0.6345132743362831 0.1616519174041298 0.06430678466076696
0 0.13303834808259588 0.8209439528023599 0.11150442477876106 0.1374631268436578
0 0.2587020648967552 0.7920353982300885 0.07138643067846608 0.12330383480825959
1 0.3271386430678466 0.8056047197640118 0.024188790560471976 0.023008849557522124
0 0.4616519174041298 0.8097345132743363 0.033628318584070796 0.07374631268436578
0 0.592330383480826 0.7976401179941003 0.14041297935103245 0.10855457227138643
0 0.6551622418879056 0.8259587020648967 0.07610619469026549 0.14749262536873156
0 0.7359882005899705 0.5982300884955752 0.06902654867256637 0.06017699115044248
0 0.7386430678466076 0.6678466076696166 0.09321533923303835 0.0943952802359882
