1 0.11150442477876106 0.10530973451327433 0.040117994100294985 0.01710914454277286
1 0.25604719764011796 0.10501474926253687 0.040117994100294985 0.016519174041297935
1 0.3985250737463127 0.10884955752212389 0.032448377581120944 0.02182890855457227
1 0.5424778761061947 0.10825958702064897 0.038348082595870206 0.01592920353982301
1 0.7097345132743362 0.11651917404129794 0.035398230088495575 0.019469026548672566
1 0.8581120943952802 0.12684365781710916 0.03480825958702065 0.020058997050147492
1 0.12418879056047197 0.22890855457227138 0.027728613569321534 0.02359882005899705
1 0.24365781710914453 0.228023598820059 0.025958702064896755 0.014749262536873156
1 0.3949852507374631 0.22831858407079647 0.03008849557522124 0.020058997050147492
1 0.5418879056047198 0.23303834808259588 0.04070796460176991 0.01887905604719764
1 0.7023598820058997 0.22861356932153393 0.03952802359882006 0.019469026548672566
1 0.8581120943952802 0.23569321533923304 0.03716814159292035 0.023008849557522124
1 0.12300884955752212 0.368141592920354 0.03008849557522124 0.022418879056047197
1 0.2351032448377581 0.3616519174041298 0.032448377581120944 0.017699115044247787
1 0.37079646017699114 0.36843657817109143 0.03480825958702065 0.01710914454277286
1 0.5451327433628319 0.37138643067846605 0.03657817109144543 0.01710914454277286
1 0.691150442477876 0.3678466076696165 0.033628318584070796 0.019469026548672566
1 0.8648967551622418 0.37787610619469025 0.03657817109144543 0.02064896755162242
1 0.11946902654867256 0.5250737463126843 0.02654867256637168 0.02831858407079646
1 0.23716814159292035 0.5253687315634218 0.03303834808259587 0.02064896755162242
1 0.37138643067846605 0.5056047197640118 0.033628318584070796 0.02359882005899705
1 0.5445427728613569 0.49970501474926254 0.03421828908554572 0.020058997050147492
1 0.6979351032448378 0.4946902654867257 0.03775811209439528 0.023008849557522124
1 0.8560471976401179 0.49262536873156343 0.03303834808259587 0.02359882005899705
1 0.11386430678466077 0.6622418879056047 0.030678466076696165 0.02064896755162242
1 0.2342182890855457 0.6678466076696166 0.030678466076696165 0.01415929203539823
1 0.36696165191740415 0.6663716814159292 0.035398230088495575 0.02536873156342183
1 0.5294985250737463 0.6610619469026549 0.0359882005899705 0.02064896755162242
1 0.6920353982300885 0.659882005899705 0.03303834808259587 0.023008849557522124
1 0.855457227138643 0.6637168141592921 0.03893805309734513 0.021238938053097345
1 0.12123893805309735 0.8082595870206489 0.032448377581120944 0.01887905604719764
1 0.23805309734513275 0.8097345132743363 0.03952802359882006 0.02064896755162242
1 0.37374631268436576 0.8156342182890856 0.03126843657817109 0.019469026548672566
1 0.512684365781711 0.815929203539823 0.03775811209439528 0.020058997050147492
1 0.6938053097345133 0.8032448377581121 0.03303834808259587 0.01592920353982301
1 0.8507374631268436 0.8109144542772861 0.035398230088495575 0.019469026548672566
