0 0.140117994100295 0.1457227138643068 0.09734513274336283 0.10147492625368731
0 0.30737463126843656 0.13097345132743363 0.12979351032448377 0.15457227138643068
0 0.511504424778761 0.10324483775811209 0.07551622418879056 0.15457227138643068
0 0.6731563421828909 0.11622418879056047 0.05191740412979351 0.2088495575221239
0 0.8693215339233038 0.09646017699115045 0.1327433628318584 0.09026548672566372
0 0.14660766961651917 0.31327433628318585 0.07728613569321534 0.04601769911504425
0 0.3053097345132743 0.2799410029498525 0.027728613569321534 0.0359882005899705
0 0.5230088495575221 0.2778761061946903 0.1504424778761062 0.05073746312684366
0 0.6209439528023599 0.24837758112094394 0.05486725663716814 0.08967551622418879
0 0.7867256637168142 0.2342182890855457 0.1929203539823009 0.0943952802359882
1 0.15457227138643068 0.40058997050147493 0.017699115044247787 0.03775811209439528
0 0.32448377581120946 0.41150442477876104 0.17345132743362832 0.09498525073746313
0 0.4117994100294985 0.4663716814159292 0.05545722713864307 0.11740412979351032
0 0.4731563421828908 0.4206489675516224 0.05309734513274336 0.035398230088495575
0 0.6053097345132743 0.3991150442477876 0.08731563421828908 0.18348082595870208
0 0.7705014749262536 0.40235988200589967 0.07315634218289085 0.03303834808259587
0 0.11179941002949853 0.5041297935103245 0.1056047197640118 0.08200589970501475
0 0.2569321533923304 0.5690265486725664 0.033628318584070796 0.04896755162241888
0 0.4135693215339233 0.5433628318584071 0.08377581120943953 0.13097345132743363
0 0.5138643067846608 0.5188790560471976 0.04247787610619469 0.023008849557522124
0 0.6731563421828909 0.5752212389380531 0.027138643067846607 0.0471976401179941
0 0.7764011799410029 0.5533923303834808 0.071976401179941 0.035398230088495575
0 0.10058997050147492 0.659882005899705 0.1056047197640118 0.18348082595870208
1 0.24601769911504423 0.6772861356932154 0.025958702064896755 0.029498525073746312
1 0.32536873156342183 0.8053097345132744 0.02536873156342183 0.02359882005899705
0 0.10088495575221239 0.7858407079646017 0.09911504424778761 0.16755162241887905
0 0.20943952802359883 0.7825958702064897 0.10383480825958702 0.12448377581120944
0 0.384070796460177 0.6566371681415929 0.040117994100294985 0.11563421828908554
0 0.4584070796460177 0.8103244837758112 0.030678466076696165 0.07492625368731563
0 0.4952802359882006 0.640117994100295 0.1929203539823009 0.06371681415929203
0 0.6286135693215339 0.6852507374631268 0.10088495575221239 0.17522123893805308
0 0.7448377581120944 0.7002949852507374 0.04542772861356932 0.04247787610619469
0 0.7271386430678466 0.7454277286135693 0.08908554572271386 0.16578171091445426
0 0.6005899705014749 0.8171091445427728 0.14985250737463127 0.09321533923303835
