0 0.12123893805309735 0.14188790560471976 0.06784660766961652 0.10442477876106195
0 0.2952802359882006 0.12271386430678466 0.10914454277286136 0.05663716814159292
0 0.5106194690265486 0.12094395280235988 0.08200589970501475 0.143952802359882
0 0.6592920353982301 0.1359882005899705 0.05486725663716814 0.17168141592920355
0 0.8696165191740413 0.07935103244837757 0.13333333333333333 0.10206489675516224
0 0.15014749262536872 0.31504424778761064 0.09144542772861357 0.04837758112094395
0 0.30619469026548674 0.28289085545722714 0.035398230088495575 0.03716814159292035
0 0.5253687315634218 0.28938053097345134 0.15752212389380532 0.03480825958702065
0 0.6221238938053097 0.25014749262536873 0.05014749262536873 0.08967551622418879
0 0.7731563421828909 0.24513274336283186 0.16814159292035397 0.09498525073746313
1 0.15457227138643068 0.40412979351032446 0.024778761061946902 0.03775811209439528
0 0.32123893805309733 0.4135693215339233 0.17876106194690267 0.08495575221238938
0 0.41002949852507375 0.46991150442477875 0.05191740412979351 0.12212389380530973
0 0.47404129793510325 0.42094395280235986 0.047787610619469026 0.02654867256637168
0 0.6061946902654867 0.3985250737463127 0.0855457227138643 0.1846607669616519
0 0.7687315634218289 0.4070796460176991 0.06843657817109144 0.03421828908554572
0 0.1215339233038348 0.5056047197640118 0.11091445427728613 0.08495575221238938
1 0.24631268436578171 0.5610619469026549 0.02536873156342183 0.03303834808259587
0 0.41710914454277287 0.5436578171091445 0.07079646017699115 0.11032448377581121
0 0.5120943952802359 0.5176991150442478 0.04365781710914454 0.02182890855457227
1 0.671976401179941 0.5569321533923304 0.03775811209439528 0.022418879056047197
0 0.7710914454277286 0.5525073746312684 0.08731563421828908 0.038348082595870206
0 0.10442477876106195 0.6589970501474927 0.08967551622418879 0.16047197640117994
1 0.24778761061946902 0.6775811209439528 0.027138643067846607 0.024188790560471976
0 0.3805309734513274 0.6616519174041298 0.044837758112094395 0.12566371681415928
0 0.5094395280235988 0.6371681415929203 0.16460176991150444 0.05545722713864307
0 0.6333333333333333 0.6846607669616519 0.09616519174041298 0.16578171091445426
0 0.7427728613569321 0.6982300884955752 0.044837758112094395 0.032448377581120944
0 0.7300884955752213 0.747787610619469 0.06784660766961652 0.16106194690265485
0 0.5722713864306784 0.7929203539823009 0.09793510324483776 0.11445427728613569
0 0.46342182890855455 0.8070796460176991 0.03008849557522124 0.071976401179941
1 0.32831858407079645 0.8053097345132744 0.027728613569321534 0.025958702064896755
0 0.20737463126843658 0.8200589970501475 0.06666666666666667 0.13451327433628318
0 0.10619469026548672 0.7802359882005899 0.08495575221238938 0.17758112094395279
