1 0.15162241887905603 0.1882005899705015 0.03421828908554572 0.020058997050147492
1 0.31032448377581123 0.19557522123893806 0.03303834808259587 0.019469026548672566
1 0.48584070796460177 0.18525073746312684 0.04070796460176991 0.021238938053097345
1 0.6292035398230088 0.1855457227138643 0.03716814159292035 0.019469026548672566
1 0.7619469026548672 0.18908554572271385 0.0359882005899705 0.02064896755162242
1 0.8787610619469026 0.19144542772861356 0.027728613569321534 0.02182890855457227
1 0.1454277286135693 0.3386430678466077 0.03480825958702065 0.020058997050147492
1 0.31032448377581123 0.340117994100295 0.03303834808259587 0.018289085545722714
1 0.47079646017699117 0.3398230088495575 0.029498525073746312 0.01887905604719764
1 0.6348082595870206 0.33480825958702065 0.03303834808259587 0.02182890855457227
1 0.7666666666666666 0.3327433628318584 0.03126843657817109 0.017699115044247787
1 0.8858407079646018 0.33657817109144544 0.032448377581120944 0.02064896755162242
1 0.14424778761061946 0.5085545722713865 0.03480825958702065 0.017699115044247787
1 0.3035398230088496 0.503834808259587 0.03716814159292035 0.020058997050147492
1 0.4542772861356932 0.49970501474926254 0.030678466076696165 0.01887905604719764
1 0.6283185840707964 0.49262536873156343 0.035398230088495575 0.020058997050147492
1 0.7640117994100295 0.47227138643067845 0.03185840707964602 0.02064896755162242
1 0.8820058997050148 0.47522123893805307 0.020058997050147492 0.024188790560471976
1 0.13539823008849558 0.6244837758112094 0.032448377581120944 0.01710914454277286
1 0.3106194690265487 0.6336283185840708 0.03480825958702065 0.015339233038348082
1 0.4542772861356932 0.628023598820059 0.035398230088495575 0.018289085545722714
1 0.6286135693215339 0.6300884955752213 0.03480825958702065 0.017699115044247787
1 0.7648967551622419 0.6395280235988201 0.0359882005899705 0.017699115044247787
1 0.8778761061946903 0.6324483775811209 0.030678466076696165 0.01887905604719764
1 0.8778761061946903 0.7716814159292036 0.02831858407079646 0.017699115044247787
1 0.756047197640118 0.7702064896755162 0.024188790560471976 0.013569321533923304
1 0.6053097345132743 0.7707964601769911 0.03185840707964602 0.01592920353982301
1 0.45722713864306785 0.7687315634218289 0.03657817109144543 0.01887905604719764
1 0.2976401179941003 0.7722713864306785 0.038348082595870206 0.017699115044247787
1 0.14277286135693215 0.7654867256637168 0.03421828908554572 0.018289085545722714
1 0.1421828908554572 0.875221238938053 0.03775811209439528 0.019469026548672566
1 0.2887905604719764 0.8817109144542773 0.033628318584070796 0.02182890855457227
1 0.45781710914454277 0.8911504424778761 0.035398230088495575 0.018289085545722714
1 0.6017699115044248 0.8914454277286136 0.03421828908554572 0.01887905604719764
1 0.7454277286135693 0.8958702064896755 0.0359882005899705 0.019469026548672566
1 0.8864306784660767 0.8952802359882006 0.043067846607669616 0.01592920353982301
