1 0.15339233038348082 0.1896755162241888 0.03657817109144543 0.01710914454277286
1 0.3100294985250737 0.1976401179941003 0.03952802359882006 0.01887905604719764
1 0.48731563421828905 0.18584070796460178 0.03185840707964602 0.025958702064896755
1 0.6289085545722713 0.18525073746312684 0.03185840707964602 0.021238938053097345
1 0.7616519174041297 0.187905604719764 0.035398230088495575 0.019469026548672566
1 0.8784660766961652 0.1905604719764012 0.03185840707964602 0.020058997050147492
1 0.1480825958702065 0.3383480825958702 0.03893805309734513 0.02182890855457227
1 0.3094395280235988 0.34100294985250734 0.0359882005899705 0.021238938053097345
1 0.46991150442477875 0.33952802359882006 0.03480825958702065 0.02064896755162242
1 0.6345132743362831 0.33421828908554574 0.03480825958702065 0.02536873156342183
1 0.7651917404129793 0.33185840707964603 0.030678466076696165 0.018289085545722714
1 0.8855457227138643 0.33657817109144544 0.030678466076696165 0.018289085545722714
1 0.14424778761061946 0.5073746312684366 0.03480825958702065 0.01887905604719764
1 0.30265486725663715 0.503834808259587 0.03421828908554572 0.022418879056047197
1 0.45132743362831856 0.5014749262536873 0.03303834808259587 0.021238938053097345
1 0.6268436578171092 0.49321533923303834 0.03126843657817109 0.022418879056047197
1 0.7648967551622419 0.4743362831858407 0.032448377581120944 0.022418879056047197
1 0.8784660766961652 0.4749262536873156 0.027138643067846607 0.024778761061946902
1 0.8781710914454277 0.6315634218289086 0.033628318584070796 0.02064896755162242
1 0.7625368731563422 0.6377581120943953 0.0359882005899705 0.020058997050147492
1 0.6286135693215339 0.6309734513274337 0.033628318584070796 0.018289085545722714
1 0.45545722713864306 0.6268436578171092 0.03303834808259587 0.019469026548672566
1 0.3100294985250737 0.6345132743362831 0.03126843657817109 0.018289085545722714
1 0.13421828908554573 0.6218289085545723 0.03480825958702065 0.020058997050147492
1 0.14129793510324484 0.7640117994100295 0.03126843657817109 0.01887905604719764
1 0.1433628318584071 0.8743362831858407 0.03657817109144543 0.01887905604719764
1 0.2976401179941003 0.7693215339233038 0.03952802359882006 0.020058997050147492
1 0.2873156342182891 0.8828908554572271 0.03421828908554572 0.02182890855457227
1 0.45545722713864306 0.7675516224188791 0.040117994100294985 0.01887905604719764
1 0.4575221238938053 0.8908554572271387 0.043067846607669616 0.015339233038348082
1 0.6035398230088496 0.7696165191740413 0.03421828908554572 0.018289085545722714
1 0.6029498525073747 0.8920353982300885 0.03657817109144543 0.017699115044247787
1 0.7539823008849558 0.7707964601769911 0.030678466076696165 0.01710914454277286
1 0.8769911504424779 0.7722713864306785 0.03716814159292035 0.01887905604719764
1 0.7442477876106195 0.8958702064896755 0.03480825958702065 0.01592920353982301
1 0.8887905604719764 0.8952802359882006 0.0359882005899705 0.01592920353982301
