0 0.140117994100295 0.14513274336283186 0.10206489675516224 0.10383480825958702
0 0.307669616519174 0.1191740412979351 0.12802359882005898 0.13569321533923304
0 0.5106194690265486 0.11120943952802359 0.07610619469026549 0.15162241887905603
0 0.6654867256637168 0.12536873156342182 0.07669616519174041 0.21179941002949854
0 0.8761061946902655 0.08731563421828908 0.14277286135693215 0.09793510324483776
0 0.1486725663716814 0.31474926253687313 0.09321533923303835 0.047787610619469026
0 0.3056047197640118 0.2814159292035398 0.03185840707964602 0.04247787610619469
0 0.5244837758112094 0.28230088495575223 0.15811209439528023 0.04542772861356932
0 0.6203539823008849 0.24896755162241888 0.061946902654867256 0.08849557522123894
0 0.7837758112094395 0.24985250737463127 0.19410029498525072 0.07610619469026549
1 0.15693215339233038 0.4008849557522124 0.015339233038348082 0.04070796460176991
0 0.3256637168141593 0.4112094395280236 0.18997050147492625 0.09085545722713864
0 0.412094395280236 0.46578171091445425 0.04896755162241888 0.11976401179941003
0 0.47286135693215336 0.4182890855457227 0.057227138643067846 0.04129793510324484
0 0.6023598820058997 0.3973451327433628 0.08731563421828908 0.1929203539823009
0 0.7687315634218289 0.40766961651917405 0.0743362831858407 0.04247787610619469
0 0.10825958702064897 0.5053097345132743 0.11504424778761062 0.08436578171091445
1 0.24690265486725663 0.5584070796460177 0.018289085545722714 0.02536873156342183
0 0.415929203539823 0.5442477876106194 0.09321533923303835 0.1351032448377581
0 0.512684365781711 0.5182890855457227 0.044837758112094395 0.02536873156342183
0 0.6716814159292035 0.55929203539823 0.033628318584070796 0.02359882005899705
0 0.771386430678466 0.551622418879056 0.0831858407079646 0.03775811209439528
0 0.10383480825958702 0.6525073746312684 0.09793510324483776 0.18053097345132743
1 0.24749262536873157 0.6769911504424778 0.02536873156342183 0.02654867256637168
1 0.32654867256637166 0.8053097345132744 0.03008849557522124 0.029498525073746312
0 0.3828908554572271 0.659882005899705 0.044837758112094395 0.12684365781710916
0 0.503834808259587 0.6365781710914454 0.19233038348082596 0.05545722713864307
0 0.6283185840707964 0.6890855457227139 0.10029498525073746 0.16991150442477876
0 0.7454277286135693 0.6958702064896755 0.04424778761061947 0.038348082595870206
0 0.7457227138643068 0.7412979351032448 0.05073746312684366 0.16106194690265485
0 0.5713864306784661 0.7949852507374631 0.09734513274336283 0.12330383480825959
0 0.4616519174041298 0.8085545722713864 0.02654867256637168 0.07610619469026549
0 0.20265486725663717 0.7985250737463127 0.07846607669616519 0.1480825958702065
0 0.09852507374631268 0.7808259587020648 0.09793510324483776 0.17522123893805308
