0 0.10206489675516224 0.11946902654867256 0.03893805309734513 0.028908554572271386
0 0.20412979351032448 0.1584070796460177 0.07079646017699115 0.10442477876106195
0 0.3530973451327434 0.10855457227138643 0.038348082595870206 0.04601769911504425
0 0.4799410029498525 0.13864306784660768 0.13392330383480827 0.08141592920353982
0 0.6306784660766962 0.140117994100295 0.10383480825958702 0.06784660766961652
0 0.7654867256637168 0.17345132743362832 0.061946902654867256 0.0743362831858407
0 0.7811209439528024 0.23244837758112094 0.1215339233038348 0.06253687315634218
0 0.11887905604719765 0.2743362831858407 0.04188790560471976 0.06843657817109144
1 0.2336283185840708 0.26902654867256637 0.04837758112094395 0.03303834808259587
0 0.33775811209439527 0.268141592920354 0.07138643067846608 0.033628318584070796
1 0.49970501474926254 0.2790560471976401 0.040117994100294985 0.03893805309734513
0 0.6548672566371682 0.25486725663716814 0.0920353982300885 0.07315634218289085
1 0.10412979351032448 0.45958702064896756 0.04424778761061947 0.03893805309734513
0 0.26784660766961654 0.412094395280236 0.09793510324483776 0.06312684365781711
0 0.376401179941003 0.4533923303834808 0.071976401179941 0.15162241887905603
0 0.5029498525073747 0.39292035398230085 0.052507374631268436 0.04601769911504425
0 0.6716814159292035 0.46135693215339235 0.10442477876106195 0.05309734513274336
0 0.7778761061946903 0.42507374631268435 0.04188790560471976 0.038348082595870206
0 0.14690265486725662 0.5991150442477876 0.030678466076696165 0.052507374631268436
0 0.33067846607669615 0.6141592920353982 0.08200589970501475 0.14513274336283186
0 0.41799410029498524 0.6026548672566372 0.11268436578171091 0.07256637168141593
0 0.5345132743362832 0.5212389380530973 0.049557522123893805 0.04188790560471976
0 0.6648967551622419 0.5622418879056047 0.10147492625368731 0.12389380530973451
0 0.779646017699115 0.5569321533923304 0.033628318584070796 0.04837758112094395
1 0.16696165191740414 0.691150442477876 0.04129793510324484 0.04070796460176991
0 0.11032448377581121 0.824188790560472 0.0471976401179941 0.0920353982300885
0 0.2728613569321534 0.7289085545722713 0.028908554572271386 0.03716814159292035
1 0.27168141592920353 0.7722713864306785 0.02654867256637168 0.040117994100294985
0 0.42920353982300885 0.7628318584070797 0.12330383480825959 0.11563421828908554
0 0.387905604719764 0.8504424778761062 0.12094395280235988 0.11622418879056047
0 0.5442477876106194 0.8351032448377581 0.07256637168141593 0.12920353982300886
0 0.543952802359882 0.6678466076696166 0.071976401179941 0.06371681415929203
0 0.6870206489675517 0.6790560471976401 0.05486725663716814 0.05073746312684366
0 0.7716814159292036 0.6702064896755162 0.11799410029498525 0.09793510324483776
0 0.6525073746312684 0.7852507374631268 0.04601769911504425 0.07551622418879056
0 0.7705014749262536 0.7820058997050148 0.16755162241887905 0.06312684365781711
