1 0.06342182890855458 0.14188790560471976 0.027728613569321534 0.023008849557522124
1 0.24277286135693216 0.14277286135693215 0.02536873156342183 0.02831858407079646
1 0.3769911504424779 0.13333333333333333 0.03303834808259587 0.02359882005899705
1 0.5539823008849557 0.12920353982300886 0.025958702064896755 0.02359882005899705
1 0.7005899705014749 0.1182890855457227 0.03480825958702065 0.02654867256637168
1 0.871976401179941 0.11002949852507374 0.03893805309734513 0.02182890855457227
1 0.07227138643067846 0.30117994100294987 0.027728613569321534 0.01710914454277286
1 0.24277286135693216 0.29646017699115046 0.02536873156342183 0.02182890855457227
1 0.38377581120943954 0.3053097345132743 0.024188790560471976 0.023008849557522124
1 0.5427728613569321 0.2952802359882006 0.03775811209439528 0.023008849557522124
1 0.6976401179941003 0.279646017699115 0.033628318584070796 0.02831858407079646
1 0.8784660766961652 0.2737463126843658 0.03303834808259587 0.030678466076696165
1 0.06430678466076696 0.45191740412979353 0.020058997050147492 0.016519174041297935
1 0.240117994100295 0.4480825958702065 0.027138643067846607 0.024188790560471976
1 0.3902654867256637 0.4486725663716814 0.03126843657817109 0.02064896755162242
1 0.5510324483775811 0.4430678466076696 0.022418879056047197 0.015339233038348082
1 0.7132743362831858 0.44041297935103246 0.03421828908554572 0.01710914454277286
1 0.871976401179941 0.44277286135693217 0.035398230088495575 0.02064896755162242
1 0.0663716814159292 0.5970501474926253 0.03126843657817109 0.024778761061946902
1 0.24985250737463127 0.5893805309734513 0.027728613569321534 0.021238938053097345
1 0.3926253687315634 0.5799410029498525 0.02536873156342183 0.021238938053097345
1 0.5504424778761062 0.5784660766961652 0.030678466076696165 0.01710914454277286
1 0.7109144542772862 0.5787610619469027 0.030678466076696165 0.01887905604719764
1 0.8737463126843658 0.5828908554572272 0.030678466076696165 0.02359882005899705
1 0.06843657817109144 0.707669616519174 0.025958702064896755 0.023008849557522124
1 0.24572271386430677 0.712094395280236 0.02654867256637168 0.024778761061946902
1 0.39233038348082594 0.7126843657817109 0.030678466076696165 0.01887905604719764
1 0.5551622418879056 0.692330383480826 0.02831858407079646 0.027728613569321534
1 0.7085545722713864 0.7008849557522123 0.02831858407079646 0.01887905604719764
1 0.8654867256637168 0.7050147492625368 0.020058997050147492 0.035398230088495575
1 0.07551622418879056 0.8353982300884956 0.027138643067846607 0.021238938053097345
1 0.23333333333333334 0.8339233038348083 0.02182890855457227 0.0359882005899705
1 0.41002949852507375 0.8265486725663717 0.021238938053097345 0.02359882005899705
1 0.5513274336283186 0.8460176991150442 0.033628318584070796 0.022418879056047197
1 0.7215339233038348 0.8389380530973451 0.029498525073746312 0.02831858407079646
1 0.871976401179941 0.8713864306784661 0.020058997050147492 0.02831858407079646
