0 0.25250737463126843 0.25545722713864305 0.0696165191740413 0.1640117994100295
0 0.25545722713864305 0.3005899705014749 0.03893805309734513 0.03716814159292035
0 0.36902654867256635 0.3117994100294985 0.09852507374631268 0.17404129793510326
0 0.42625368731563423 0.2103244837758112 0.09970501474926254 0.12684365781710916
0 0.5386430678466076 0.1896755162241888 0.02831858407079646 0.07610619469026549
1 0.6731563421828909 0.19498525073746312 0.02831858407079646 0.032448377581120944
1 0.7525073746312684 0.3215339233038348 0.027728613569321534 0.03185840707964602
1 0.7572271386430678 0.44277286135693217 0.02536873156342183 0.028908554572271386
1 0.32536873156342183 0.4389380530973451 0.033628318584070796 0.02359882005899705
1 0.8433628318584071 0.5976401179941003 0.019469026548672566 0.035398230088495575
0 0.7979351032448377 0.20088495575221238 0.07610619469026549 0.14926253687315633
0 0.9017699115044248 0.22300884955752212 0.09852507374631268 0.18053097345132743
0 0.9029498525073746 0.3374631268436578 0.12212389380530973 0.17345132743362832
0 0.6188790560471976 0.34041297935103243 0.04601769911504425 0.12507374631268436
0 0.4946902654867257 0.36224188790560474 0.19410029498525072 0.05545722713864307
0 0.5834808259587021 0.4557522123893805 0.08731563421828908 0.12684365781710916
0 0.22979351032448378 0.4474926253687316 0.08908554572271386 0.03716814159292035
0 0.4861356932153392 0.4817109144542773 0.04365781710914454 0.02536873156342183
0 0.8781710914454277 0.4943952802359882 0.11386430678466077 0.08731563421828908
0 0.22890855457227138 0.588495575221239 0.08141592920353982 0.043067846607669616
0 0.3958702064896755 0.6050147492625368 0.08967551622418879 0.1952802359882006
0 0.5292035398230088 0.58023598820059 0.054277286135693215 0.0359882005899705
0 0.587905604719764 0.5327433628318584 0.05486725663716814 0.12035398230088495
0 0.6710914454277286 0.5843657817109145 0.1929203539823009 0.09144542772861357
0 0.2126843657817109 0.7492625368731564 0.19646017699115043 0.07315634218289085
0 0.38082595870206487 0.7510324483775811 0.061946902654867256 0.0920353982300885
0 0.4761061946902655 0.7176991150442478 0.1616519174041298 0.043067846607669616
0 0.6946902654867256 0.7188790560471976 0.03126843657817109 0.038348082595870206
0 0.8525073746312685 0.6823008849557523 0.0943952802359882 0.043067846607669616
0 0.12359882005899706 0.9123893805309734 0.15162241887905603 0.09616519174041298
0 0.33628318584070793 0.875221238938053 0.07551622418879056 0.20707964601769913
0 0.4896755162241888 0.8817109144542773 0.07669616519174041 0.1457227138643068
0 0.6929203539823009 0.8896755162241887 0.12802359882005898 0.11445427728613569
0 0.8584070796460177 0.8533923303834808 0.10383480825958702 0.10442477876106195
