1 0.059882005899705014 0.14749262536873156 0.028908554572271386 0.020058997050147492
1 0.18377581120943953 0.18761061946902655 0.027728613569321534 0.03303834808259587
0 0.368141592920354 0.1607669616519174 0.03185840707964602 0.04070796460176991
0 0.5200589970501475 0.14277286135693215 0.03480825958702065 0.02831858407079646
0 0.699410029498525 0.12035398230088495 0.03126843657817109 0.024778761061946902
0 0.8584070796460177 0.09174041297935104 0.03775811209439528 0.033628318584070796
0 0.0705014749262537 0.3100294985250737 0.02536873156342183 0.02654867256637168
0 0.22359882005899706 0.3333333333333333 0.029498525073746312 0.04129793510324484
1 0.37551622418879055 0.3433628318584071 0.03126843657817109 0.029498525073746312
0 0.5421828908554572 0.2887905604719764 0.040117994100294985 0.027728613569321534
0 0.6648967551622419 0.3079646017699115 0.020058997050147492 0.04365781710914454
1 0.8707964601769911 0.31032448377581123 0.04365781710914454 0.02359882005899705
1 0.06519174041297934 0.45781710914454277 0.023008849557522124 0.027138643067846607
0 0.23244837758112094 0.4351032448377581 0.027138643067846607 0.0359882005899705
0 0.3696165191740413 0.4640117994100295 0.024188790560471976 0.04542772861356932
1 0.5471976401179941 0.4430678466076696 0.032448377581120944 0.022418879056047197
1 0.7112094395280236 0.4374631268436578 0.02654867256637168 0.018289085545722714
0 0.8631268436578171 0.463716814159292 0.027138643067846607 0.03893805309734513
0 0.05693215339233038 0.5982300884955752 0.028908554572271386 0.03421828908554572
1 0.24778761061946902 0.5899705014749262 0.029498525073746312 0.024778761061946902
1 0.3943952802359882 0.5823008849557522 0.027728613569321534 0.01887905604719764
1 0.5513274336283186 0.5778761061946902 0.027728613569321534 0.02182890855457227
1 0.7079646017699115 0.5967551622418878 0.030678466076696165 0.04070796460176991
0 0.8601769911504424 0.5587020648967551 0.024778761061946902 0.040117994100294985
1 0.8678466076696165 0.703834808259587 0.020058997050147492 0.03185840707964602
1 0.7058997050147493 0.7005899705014749 0.0359882005899705 0.019469026548672566
0 0.5548672566371682 0.6625368731563421 0.032448377581120944 0.03421828908554572
1 0.4 0.7380530973451327 0.035398230088495575 0.027138643067846607
1 0.2584070796460177 0.6970501474926254 0.03185840707964602 0.02654867256637168
1 0.07817109144542772 0.7061946902654868 0.03952802359882006 0.025958702064896755
0 0.07020648967551622 0.8330383480825958 0.030678466076696165 0.03421828908554572
0 0.2622418879056047 0.8218289085545722 0.03480825958702065 0.030678466076696165
0 0.41238938053097346 0.8085545722713864 0.03185840707964602 0.02536873156342183
0 0.5474926253687316 0.8684365781710914 0.030678466076696165 0.03657817109144543
0 0.6967551622418879 0.859882005899705 0.020058997050147492 0.04070796460176991
1 0.8870206489675516 0.8740412979351032 0.027728613569321534 0.028908554572271386
