0 0.09734513274336283 0.11415929203539824 0.04247787610619469 0.03480825958702065
0 0.20619469026548673 0.15575221238938053 0.06548672566371681 0.11209439528023599
0 0.3548672566371681 0.11179941002949853 0.04070796460176991 0.043067846607669616
0 0.48200589970501473 0.13244837758112094 0.12389380530973451 0.09616519174041298
0 0.6424778761061947 0.13215339233038348 0.10383480825958702 0.06607669616519174
0 0.7569321533923303 0.17374631268436577 0.0743362831858407 0.08436578171091445
0 0.12330383480825959 0.28053097345132744 0.0471976401179941 0.0808259587020649
1 0.21799410029498525 0.2616519174041298 0.03126843657817109 0.03008849557522124
0 0.3315634218289085 0.28289085545722714 0.0743362831858407 0.03716814159292035
0 0.6595870206489676 0.2584070796460177 0.09321533923303835 0.06843657817109144
0 0.7707964601769911 0.23392330383480825 0.11858407079646018 0.05368731563421829
1 0.49793510324483775 0.2855457227138643 0.04601769911504425 0.03775811209439528
1 0.10619469026548672 0.45958702064896756 0.04129793510324484 0.03775811209439528
0 0.25663716814159293 0.40412979351032446 0.08731563421828908 0.07787610619469026
0 0.37168141592920356 0.4575221238938053 0.08377581120943953 0.1398230088495575
0 0.5070796460176991 0.3949852507374631 0.052507374631268436 0.0359882005899705
0 0.6722713864306784 0.4581120943952802 0.11386430678466077 0.057227138643067846
0 0.7823008849557522 0.42507374631268435 0.03657817109144543 0.043067846607669616
0 0.16194690265486725 0.5793510324483776 0.04896755162241888 0.05309734513274336
0 0.32595870206489674 0.6182890855457227 0.07138643067846608 0.1415929203539823
0 0.3799410029498525 0.5935103244837758 0.06489675516224189 0.07787610619469026
0 0.536283185840708 0.5191740412979351 0.049557522123893805 0.04365781710914454
0 0.6657817109144543 0.5498525073746312 0.11386430678466077 0.11209439528023599
0 0.7808259587020648 0.5554572271386431 0.032448377581120944 0.05014749262536873
1 0.16696165191740414 0.6958702064896755 0.04129793510324484 0.04070796460176991
1 0.2728613569321534 0.716519174041298 0.0359882005899705 0.027728613569321534
1 0.2761061946902655 0.7967551622418879 0.03657817109144543 0.02654867256637168
0 0.11179941002949853 0.7941002949852507 0.05132743362831858 0.06489675516224189
0 0.42271386430678465 0.7616519174041297 0.10678466076696165 0.11209439528023599
0 0.3905604719764012 0.848377581120944 0.1215339233038348 0.12507374631268436
0 0.5448377581120943 0.8395280235988201 0.07728613569321534 0.13097345132743363
0 0.5483775811209439 0.6752212389380531 0.0855457227138643 0.07374631268436578
0 0.6861356932153392 0.6740412979351033 0.05191740412979351 0.05486725663716814
0 0.7699115044247787 0.6725663716814159 0.08495575221238938 0.11327433628318584
0 0.6539823008849558 0.7772861356932154 0.05014749262536873 0.07492625368731563
0 0.7648967551622419 0.7867256637168142 0.18348082595870208 0.05014749262536873
