1 0.06135693215339233 0.1448377581120944 0.03421828908554572 0.01592920353982301
1 0.23864306784660766 0.1480825958702065 0.02536873156342183 0.024778761061946902
1 0.376401179941003 0.1424778761061947 0.035398230088495575 0.02536873156342183
1 0.5489675516224188 0.12448377581120944 0.03126843657817109 0.027138643067846607
1 0.7011799410029499 0.11769911504424779 0.03008849557522124 0.023008849557522124
1 0.876401179941003 0.10825958702064897 0.03126843657817109 0.02064896755162242
1 0.07138643067846608 0.29970501474926253 0.03421828908554572 0.020058997050147492
1 0.24513274336283186 0.2976401179941003 0.03008849557522124 0.019469026548672566
1 0.3852507374631268 0.3017699115044248 0.03303834808259587 0.019469026548672566
1 0.5469026548672566 0.2994100294985251 0.040117994100294985 0.023008849557522124
1 0.7002949852507374 0.2814159292035398 0.03185840707964602 0.021238938053097345
1 0.8802359882005899 0.27640117994100294 0.03303834808259587 0.019469026548672566
1 0.06342182890855458 0.4492625368731563 0.027728613569321534 0.019469026548672566
1 0.2430678466076696 0.4480825958702065 0.029498525073746312 0.024188790560471976
1 0.39085545722713866 0.4469026548672566 0.03008849557522124 0.02064896755162242
1 0.5513274336283186 0.4407079646017699 0.027728613569321534 0.01887905604719764
1 0.7141592920353982 0.43952802359882004 0.0359882005899705 0.021238938053097345
1 0.8755162241887906 0.4383480825958702 0.030678466076696165 0.021238938053097345
1 0.06489675516224189 0.595575221238938 0.03185840707964602 0.02654867256637168
1 0.25309734513274335 0.5870206489675516 0.02831858407079646 0.017699115044247787
1 0.39557522123893807 0.5781710914454277 0.028908554572271386 0.020058997050147492
1 0.5530973451327433 0.5769911504424778 0.03126843657817109 0.017699115044247787
1 0.7123893805309734 0.5778761061946902 0.03480825958702065 0.018289085545722714
1 0.8755162241887906 0.5828908554572272 0.03185840707964602 0.02359882005899705
1 0.06401179941002949 0.720353982300885 0.033628318584070796 0.020058997050147492
1 0.2430678466076696 0.7185840707964601 0.030678466076696165 0.029498525073746312
1 0.3943952802359882 0.707669616519174 0.033628318584070796 0.02182890855457227
1 0.5504424778761062 0.7020648967551623 0.029498525073746312 0.021238938053097345
1 0.7079646017699115 0.7005899705014749 0.030678466076696165 0.019469026548672566
1 0.8654867256637168 0.7053097345132743 0.02831858407079646 0.03480825958702065
1 0.06548672566371681 0.8342182890855457 0.035398230088495575 0.020058997050147492
1 0.23333333333333334 0.8309734513274336 0.03008849557522124 0.01710914454277286
1 0.40471976401179943 0.831858407079646 0.03303834808259587 0.02359882005899705
1 0.5525073746312684 0.8469026548672566 0.03480825958702065 0.018289085545722714
1 0.7241887905604719 0.8333333333333334 0.032448377581120944 0.03126843657817109
1 0.8675516224188791 0.8696165191740413 0.02064896755162242 0.02831858407079646
