0 0.11710914454277285 0.08112094395280237 0.043067846607669616 0.0808259587020649
0 0.2622418879056047 0.07138643067846608 0.04424778761061947 0.07315634218289085
0 0.40235988200589967 0.07935103244837757 0.040117994100294985 0.07256637168141593
0 0.5389380530973451 0.13480825958702064 0.03008849557522124 0.033628318584070796
0 0.6946902654867256 0.07551622418879056 0.052507374631268436 0.05073746312684366
0 0.8551622418879056 0.09705014749262536 0.032448377581120944 0.03480825958702065
0 0.12477876106194691 0.25250737463126843 0.057227138643067846 0.06489675516224189
0 0.24926253687315633 0.19941002949852507 0.05368731563421829 0.05191740412979351
0 0.38997050147492623 0.19616519174041297 0.0967551622418879 0.07964601769911504
0 0.5321533923303835 0.2696165191740413 0.03185840707964602 0.049557522123893805
1 0.7053097345132743 0.2398230088495575 0.03952802359882006 0.04660766961651917
0 0.856637168141593 0.2587020648967552 0.04837758112094395 0.043067846607669616
0 0.12861356932153392 0.33303834808259586 0.02831858407079646 0.0831858407079646
0 0.22920353982300884 0.3327433628318584 0.03952802359882006 0.09911504424778761
0 0.3693215339233038 0.34926253687315634 0.04837758112094395 0.04365781710914454
0 0.5471976401179941 0.34041297935103243 0.06548672566371681 0.05191740412979351
0 0.6893805309734513 0.3858407079646018 0.04188790560471976 0.054277286135693215
1 0.8666666666666667 0.39469026548672564 0.035398230088495575 0.035398230088495575
0 0.13569321533923304 0.5339233038348082 0.05663716814159292 0.07079646017699115
0 0.22861356932153393 0.5595870206489676 0.047787610619469026 0.0855457227138643
0 0.359882005899705 0.4799410029498525 0.04247787610619469 0.04424778761061947
0 0.5306784660766961 0.4831858407079646 0.04896755162241888 0.06253687315634218
0 0.696165191740413 0.5297935103244837 0.027138643067846607 0.071976401179941
0 0.8504424778761062 0.5244837758112094 0.03952802359882006 0.07315634218289085
0 0.13067846607669617 0.6976401179941003 0.04424778761061947 0.12094395280235988
0 0.22182890855457227 0.6964601769911505 0.044837758112094395 0.0855457227138643
0 0.3710914454277286 0.6823008849557523 0.04129793510324484 0.07138643067846608
0 0.5156342182890855 0.6268436578171092 0.040117994100294985 0.05958702064896755
0 0.6861356932153392 0.6359882005899705 0.044837758112094395 0.058997050147492625
0 0.8519174041297934 0.6601769911504425 0.035398230088495575 0.025958702064896755
0 0.1392330383480826 0.815929203539823 0.08495575221238938 0.029498525073746312
0 0.23067846607669618 0.8362831858407079 0.03185840707964602 0.09262536873156342
0 0.368141592920354 0.7985250737463127 0.02831858407079646 0.0607669616519174
0 0.503834808259587 0.7893805309734513 0.06489675516224189 0.05545722713864307
0 0.6831858407079646 0.8306784660766962 0.03421828908554572 0.08259587020648967
0 0.8486725663716814 0.8398230088495575 0.047787610619469026 0.0584070796460177
