0 0.1191740412979351 0.06017699115044248 0.05191740412979351 0.10029498525073746
0 0.24277286135693216 0.03657817109144543 0.07846607669616519 0.05781710914454277
0 0.40530973451327434 0.05132743362831858 0.06135693215339233 0.06725663716814159
0 0.5300884955752212 0.1168141592920354 0.032448377581120944 0.03893805309734513
0 0.6616519174041298 0.05663716814159292 0.07846607669616519 0.04247787610619469
0 0.8463126843657817 0.09970501474926254 0.04424778761061947 0.035398230088495575
0 0.11710914454277285 0.23008849557522124 0.06902654867256637 0.058997050147492625
0 0.2471976401179941 0.18908554572271385 0.05663716814159292 0.04424778761061947
0 0.34041297935103243 0.16932153392330385 0.10973451327433628 0.0696165191740413
0 0.5227138643067847 0.2607669616519174 0.08613569321533923 0.049557522123893805
0 0.6964601769911505 0.22418879056047197 0.0584070796460177 0.04365781710914454
0 0.859882005899705 0.22448377581120943 0.06430678466076696 0.07020648967551622
0 0.12035398230088495 0.32123893805309733 0.05073746312684366 0.05486725663716814
0 0.20117994100294984 0.2920353982300885 0.06843657817109144 0.12035398230088495
0 0.3607669616519174 0.37256637168141593 0.057227138643067846 0.10206489675516224
0 0.5486725663716814 0.3386430678466077 0.06843657817109144 0.04247787610619469
0 0.6884955752212389 0.35516224188790557 0.0471976401179941 0.05663716814159292
1 0.8628318584070797 0.37728613569321534 0.04070796460176991 0.0607669616519174
0 0.12802359882005898 0.5286135693215339 0.08141592920353982 0.08377581120943953
0 0.21091445427728614 0.5533923303834808 0.07728613569321534 0.10029498525073746
0 0.3584070796460177 0.4663716814159292 0.05604719764011799 0.047787610619469026
0 0.5300884955752212 0.4687315634218289 0.05486725663716814 0.07138643067846608
0 0.6926253687315634 0.5141592920353982 0.03185840707964602 0.08790560471976401
0 0.8421828908554572 0.5064896755162241 0.04188790560471976 0.06902654867256637
0 0.07315634218289085 0.6533923303834808 0.12979351032448377 0.1421828908554572
0 0.22595870206489677 0.6849557522123894 0.04247787610619469 0.10501474926253687
0 0.36224188790560474 0.6946902654867256 0.06725663716814159 0.05958702064896755
0 0.4887905604719764 0.6011799410029498 0.0607669616519174 0.05545722713864307
0 0.679646017699115 0.6241887905604719 0.05309734513274336 0.05545722713864307
0 0.8501474926253687 0.61976401179941 0.040117994100294985 0.04424778761061947
0 0.13215339233038348 0.8047197640117993 0.07551622418879056 0.04601769911504425
0 0.19941002949852507 0.8259587020648967 0.07787610619469026 0.08613569321533923
0 0.36902654867256635 0.7837758112094395 0.038348082595870206 0.08436578171091445
0 0.5067846607669616 0.7799410029498525 0.054277286135693215 0.049557522123893805
0 0.7053097345132743 0.8392330383480826 0.0855457227138643 0.05958702064896755
0 0.8469026548672566 0.8141592920353982 0.05958702064896755 0.05663716814159292
