0 0.15663716814159293 0.16755162241887905 0.05014749262536873 0.06135693215339233
0 0.2967551622418879 0.1631268436578171 0.07787610619469026 0.07020648967551622
0 0.49675516224188787 0.23215339233038348 0.06253687315634218 0.05958702064896755
0 0.6306784660766962 0.21710914454277286 0.030678466076696165 0.0743362831858407
0 0.7749262536873156 0.17256637168141592 0.02654867256637168 0.10442477876106195
0 0.8613569321533923 0.19793510324483776 0.08613569321533923 0.03716814159292035
0 0.15073746312684366 0.36696165191740415 0.03716814159292035 0.04601769911504425
0 0.31504424778761064 0.37669616519174043 0.04129793510324484 0.05486725663716814
0 0.4861356932153392 0.3973451327433628 0.03775811209439528 0.05368731563421829
0 0.6277286135693215 0.32271386430678467 0.04601769911504425 0.08967551622418879
0 0.7876106194690266 0.3100294985250737 0.05663716814159292 0.10206489675516224
0 0.8725663716814159 0.3206489675516224 0.03775811209439528 0.15988200589970503
0 0.15191740412979352 0.48584070796460177 0.0359882005899705 0.07964601769911504
0 0.30678466076696165 0.4849557522123894 0.029498525073746312 0.09085545722713864
0 0.4725663716814159 0.5342182890855457 0.054277286135693215 0.06902654867256637
0 0.6398230088495576 0.5348082595870206 0.057227138643067846 0.05368731563421829
0 0.7746312684365781 0.44778761061946903 0.05191740412979351 0.09911504424778761
0 0.863716814159292 0.46519174041297934 0.06253687315634218 0.07138643067846608
1 0.13067846607669617 0.616519174041298 0.03480825958702065 0.05191740412979351
0 0.30973451327433627 0.6241887905604719 0.044837758112094395 0.05781710914454277
0 0.45545722713864306 0.6734513274336283 0.06253687315634218 0.0584070796460177
0 0.6348082595870206 0.6348082595870206 0.05191740412979351 0.0943952802359882
0 0.7690265486725664 0.6908554572271386 0.05132743362831858 0.11799410029498525
0 0.8737463126843658 0.6887905604719764 0.04247787610619469 0.07964601769911504
0 0.8787610619469026 0.7616519174041297 0.0584070796460177 0.07551622418879056
0 0.14601769911504425 0.7640117994100295 0.03716814159292035 0.044837758112094395
1 0.29056047197640117 0.7707964601769911 0.03716814159292035 0.05486725663716814
0 0.47286135693215336 0.7421828908554572 0.05368731563421829 0.049557522123893805
0 0.6262536873156342 0.8171091445427728 0.13392330383480827 0.049557522123893805
0 0.7551622418879056 0.8191740412979351 0.04837758112094395 0.061946902654867256
1 0.14513274336283186 0.9073746312684365 0.03893805309734513 0.03657817109144543
0 0.33185840707964603 0.9427728613569322 0.1056047197640118 0.04601769911504425
0 0.4622418879056047 0.8805309734513275 0.033628318584070796 0.032448377581120944
1 0.5970501474926253 0.9215339233038348 0.04129793510324484 0.054277286135693215
0 0.7398230088495575 0.9433628318584071 0.06017699115044248 0.06135693215339233
0 0.8802359882005899 0.9415929203539823 0.05545722713864307 0.09557522123893805
