0 0.1191740412979351 0.057227138643067846 0.05309734513274336 0.08377581120943953
0 0.2592920353982301 0.05693215339233038 0.04896755162241888 0.07256637168141593
1 0.403834808259587 0.07699115044247787 0.038348082595870206 0.05604719764011799
1 0.5353982300884955 0.12094395280235988 0.027728613569321534 0.03185840707964602
0 0.6752212389380531 0.06371681415929203 0.1056047197640118 0.04365781710914454
0 0.8545722713864307 0.08348082595870207 0.03480825958702065 0.03126843657817109
0 0.11946902654867256 0.23716814159292035 0.0607669616519174 0.08023598820058997
0 0.2448377581120944 0.17846607669616518 0.05191740412979351 0.057227138643067846
0 0.3787610619469026 0.1808259587020649 0.12035398230088495 0.06430678466076696
0 0.5300884955752212 0.2536873156342183 0.038348082595870206 0.05309734513274336
0 0.707669616519174 0.22861356932153393 0.038348082595870206 0.05014749262536873
1 0.8513274336283185 0.23716814159292035 0.04247787610619469 0.03775811209439528
0 0.12507374631268436 0.31327433628318585 0.03657817109144543 0.07787610619469026
0 0.2294985250737463 0.31327433628318585 0.049557522123893805 0.12507374631268436
0 0.3646017699115044 0.3489675516224189 0.05309734513274336 0.06902654867256637
0 0.5480825958702065 0.3274336283185841 0.06607669616519174 0.05781710914454277
0 0.6896755162241888 0.3734513274336283 0.044837758112094395 0.05545722713864307
1 0.8669616519174042 0.3805309734513274 0.03480825958702065 0.05545722713864307
0 0.13215339233038348 0.5353982300884955 0.06017699115044248 0.06784660766961652
0 0.22389380530973452 0.5519174041297935 0.05486725663716814 0.10088495575221239
0 0.35811209439528024 0.46755162241887904 0.054277286135693215 0.04660766961651917
0 0.5289085545722714 0.4684365781710914 0.05132743362831858 0.07079646017699115
0 0.6967551622418879 0.5165191740412979 0.03893805309734513 0.08200589970501475
0 0.8513274336283185 0.5123893805309735 0.03657817109144543 0.07728613569321534
0 0.12566371681415928 0.679646017699115 0.044837758112094395 0.15693215339233038
0 0.21150442477876105 0.6887905604719764 0.05486725663716814 0.09852507374631268
0 0.3696165191740413 0.6775811209439528 0.04542772861356932 0.08790560471976401
0 0.5165191740412979 0.6058997050147492 0.038348082595870206 0.05663716814159292
0 0.6831858407079646 0.61976401179941 0.04129793510324484 0.0584070796460177
0 0.8460176991150442 0.6315634218289086 0.03421828908554572 0.04188790560471976
0 0.14041297935103245 0.8058997050147493 0.0943952802359882 0.03657817109144543
0 0.22743362831858407 0.8256637168141593 0.02536873156342183 0.10206489675516224
0 0.3702064896755162 0.7772861356932154 0.028908554572271386 0.06784660766961652
0 0.5035398230088496 0.771386430678466 0.061946902654867256 0.061946902654867256
0 0.7070796460176991 0.8386430678466077 0.07728613569321534 0.06784660766961652
0 0.8448377581120944 0.8268436578171091 0.0471976401179941 0.06548672566371681
