1 0.06017699115044248 0.14926253687315633 0.03421828908554572 0.01887905604719764
1 0.184070796460177 0.18761061946902655 0.027138643067846607 0.035398230088495575
0 0.3663716814159292 0.16194690265486725 0.035398230088495575 0.03480825958702065
0 0.5224188790560472 0.14601769911504425 0.03126843657817109 0.027728613569321534
1 0.7011799410029499 0.12123893805309735 0.027728613569321534 0.03008849557522124
1 0.8592920353982301 0.09380530973451327 0.038348082595870206 0.03303834808259587
0 0.06548672566371681 0.30914454277286135 0.030678466076696165 0.02359882005899705
0 0.22448377581120943 0.33480825958702065 0.023008849557522124 0.038348082595870206
1 0.37079646017699114 0.34188790560471977 0.033628318584070796 0.032448377581120944
1 0.5442477876106194 0.29056047197640117 0.03952802359882006 0.028908554572271386
0 0.6625368731563421 0.3056047197640118 0.02359882005899705 0.044837758112094395
1 0.8722713864306785 0.3079646017699115 0.03952802359882006 0.025958702064896755
1 0.06135693215339233 0.4592920353982301 0.02359882005899705 0.02536873156342183
0 0.23156342182890854 0.43539823008849554 0.024188790560471976 0.03893805309734513
0 0.3705014749262537 0.4648967551622419 0.02831858407079646 0.04837758112094395
1 0.5474926253687316 0.4430678466076696 0.027138643067846607 0.02359882005899705
1 0.7106194690265487 0.4368731563421829 0.028908554572271386 0.028908554572271386
0 0.8616519174041298 0.4672566371681416 0.028908554572271386 0.03657817109144543
0 0.05781710914454277 0.5949852507374631 0.027138643067846607 0.03716814159292035
1 0.24808259587020648 0.587905604719764 0.027728613569321534 0.027728613569321534
1 0.3938053097345133 0.5793510324483776 0.033628318584070796 0.016519174041297935
1 0.5519174041297935 0.5784660766961652 0.027728613569321534 0.027728613569321534
0 0.7067846607669617 0.5979351032448378 0.027138643067846607 0.03952802359882006
0 0.8581120943952802 0.5584070796460177 0.02654867256637168 0.03952802359882006
1 0.07669616519174041 0.7041297935103245 0.035398230088495575 0.02654867256637168
1 0.26017699115044246 0.6988200589970501 0.035398230088495575 0.024188790560471976
1 0.3985250737463127 0.7395280235988201 0.032448377581120944 0.03008849557522124
0 0.5572271386430678 0.6634218289085546 0.033628318584070796 0.038348082595870206
1 0.7073746312684366 0.699410029498525 0.030678466076696165 0.02182890855457227
1 0.8648967551622418 0.7061946902654868 0.022418879056047197 0.030678466076696165
1 0.8852507374631269 0.871976401179941 0.027728613569321534 0.035398230088495575
0 0.6932153392330384 0.8613569321533923 0.02831858407079646 0.03185840707964602
0 0.547787610619469 0.8690265486725663 0.032448377581120944 0.03775811209439528
1 0.412094395280236 0.8088495575221238 0.03480825958702065 0.030678466076696165
0 0.2607669616519174 0.8224188790560472 0.03893805309734513 0.03185840707964602
1 0.06696165191740414 0.8312684365781711 0.03480825958702065 0.035398230088495575
