0 0.3262536873156342 0.06578171091445428 0.10855457227138643 0.04188790560471976
1 0.1457227138643068 0.08702064896755163 0.03303834808259587 0.023008849557522124
0 0.463716814159292 0.12182890855457226 0.030678466076696165 0.0359882005899705
1 0.5973451327433629 0.07640117994100296 0.043067846607669616 0.05486725663716814
0 0.7395280235988201 0.057227138643067846 0.04542772861356932 0.06843657817109144
0 0.879646017699115 0.06224188790560472 0.054277286135693215 0.10206489675516224
0 0.1407079646017699 0.2336283185840708 0.052507374631268436 0.04365781710914454
0 0.29056047197640117 0.22772861356932153 0.04070796460176991 0.05191740412979351
0 0.46991150442477875 0.2569321533923304 0.04188790560471976 0.05368731563421829
0 0.6250737463126843 0.1799410029498525 0.12566371681415928 0.05191740412979351
0 0.7530973451327434 0.18023598820058997 0.05368731563421829 0.057227138643067846
0 0.8790560471976401 0.23805309734513275 0.05545722713864307 0.07964601769911504
1 0.13067846607669617 0.38200589970501475 0.038348082595870206 0.05368731563421829
0 0.3106194690265487 0.37374631268436576 0.04542772861356932 0.05604719764011799
0 0.45250737463126844 0.3286135693215339 0.06843657817109144 0.05781710914454277
0 0.6339233038348082 0.3501474926253687 0.04896755162241888 0.08790560471976401
0 0.7690265486725664 0.3053097345132743 0.052507374631268436 0.11268436578171091
0 0.8687315634218289 0.3126843657817109 0.04542772861356932 0.07905604719764012
0 0.14985250737463127 0.5129793510324484 0.04129793510324484 0.08200589970501475
0 0.3053097345132743 0.5165191740412979 0.0359882005899705 0.08436578171091445
0 0.47109144542772863 0.46696165191740413 0.05604719764011799 0.06548672566371681
0 0.6395280235988201 0.46430678466076697 0.05309734513274336 0.049557522123893805
0 0.7755162241887905 0.5528023598820059 0.05368731563421829 0.10383480825958702
0 0.8640117994100295 0.5339233038348082 0.057227138643067846 0.06725663716814159
0 0.1504424778761062 0.6342182890855457 0.03893805309734513 0.04601769911504425
0 0.3144542772861357 0.6227138643067847 0.03893805309734513 0.05604719764011799
0 0.4855457227138643 0.6064896755162241 0.04247787610619469 0.05663716814159292
0 0.6271386430678466 0.6778761061946903 0.0471976401179941 0.08495575221238938
0 0.7876106194690266 0.6905604719764011 0.05545722713864307 0.09970501474926254
0 0.8728613569321534 0.6790560471976401 0.043067846607669616 0.15457227138643068
0 0.15752212389380532 0.827433628318584 0.0471976401179941 0.06312684365781711
0 0.2958702064896755 0.8392330383480826 0.07728613569321534 0.07020648967551622
0 0.49557522123893805 0.7707964601769911 0.06489675516224189 0.0607669616519174
0 0.6289085545722713 0.7814159292035399 0.03303834808259587 0.07374631268436578
0 0.7707964601769911 0.8268436578171091 0.03716814159292035 0.09970501474926254
0 0.8563421828908554 0.8014749262536873 0.08790560471976401 0.03008849557522124
