0 0.12330383480825959 0.08731563421828908 0.14749262536873156 0.0967551622418879
0 0.33628318584070793 0.12595870206489676 0.0743362831858407 0.20825958702064895
0 0.48761061946902656 0.11061946902654868 0.07492625368731563 0.1421828908554572
0 0.6938053097345133 0.12064896755162241 0.13097345132743363 0.1398230088495575
0 0.8584070796460177 0.14660766961651917 0.10501474926253687 0.1056047197640118
0 0.21622418879056046 0.25309734513274335 0.1929203539823009 0.08023598820058997
0 0.3823008849557522 0.24955752212389382 0.058997050147492625 0.0967551622418879
0 0.47581120943952804 0.2843657817109144 0.16460176991150444 0.04837758112094395
0 0.692330383480826 0.2799410029498525 0.0359882005899705 0.03952802359882006
0 0.8513274336283185 0.31474926253687313 0.0943952802359882 0.04542772861356932
0 0.22979351032448378 0.41061946902654867 0.07728613569321534 0.04129793510324484
0 0.39469026548672564 0.39292035398230085 0.08495575221238938 0.19823008849557522
0 0.5256637168141592 0.4191740412979351 0.05073746312684366 0.0359882005899705
0 0.671976401179941 0.4150442477876106 0.1911504424778761 0.0831858407079646
1 0.8430678466076696 0.40176991150442476 0.027138643067846607 0.040117994100294985
0 0.228023598820059 0.5530973451327433 0.08672566371681416 0.03480825958702065
1 0.32654867256637166 0.5622418879056047 0.03952802359882006 0.024778761061946902
0 0.48761061946902656 0.515929203539823 0.04660766961651917 0.023008849557522124
0 0.5837758112094396 0.5421828908554572 0.08908554572271386 0.13451327433628318
1 0.7533923303834809 0.556047197640118 0.021238938053097345 0.027728613569321534
0 0.8870206489675516 0.5035398230088496 0.12566371681415928 0.0831858407079646
0 0.2563421828908555 0.7005899705014749 0.043067846607669616 0.038348082595870206
0 0.3693215339233038 0.687905604719764 0.09557522123893805 0.1710914454277286
0 0.4988200589970501 0.6386430678466076 0.1882005899705015 0.05368731563421829
0 0.615339233038348 0.6572271386430678 0.049557522123893805 0.12625368731563422
1 0.7507374631268436 0.6737463126843658 0.024188790560471976 0.027138643067846607
0 0.8941002949852507 0.6536873156342182 0.09734513274336283 0.17699115044247787
0 0.25545722713864305 0.7404129793510325 0.03893805309734513 0.15457227138643068
0 0.4265486725663717 0.7958702064896755 0.09911504424778761 0.1215339233038348
0 0.5368731563421829 0.8097345132743363 0.025958702064896755 0.07728613569321534
1 0.6705014749262537 0.8041297935103244 0.02536873156342183 0.025958702064896755
0 0.8014749262536873 0.800589970501475 0.07610619469026549 0.1486725663716814
0 0.8982300884955752 0.7825958702064897 0.10324483775811209 0.17168141592920355
0 0.5887905604719764 0.46519174041297934 0.06017699115044248 0.12684365781710916
