1 0.06371681415929203 0.143952802359882 0.02831858407079646 0.022418879056047197
1 0.2374631268436578 0.14778761061946902 0.02536873156342183 0.02654867256637168
1 0.37374631268436576 0.14513274336283186 0.02536873156342183 0.022418879056047197
1 0.5480825958702065 0.12802359882005898 0.03303834808259587 0.025958702064896755
1 0.7017699115044248 0.1200589970501475 0.03126843657817109 0.024188790560471976
1 0.8755162241887906 0.11061946902654868 0.029498525073746312 0.023008849557522124
1 0.0710914454277286 0.3 0.028908554572271386 0.018289085545722714
1 0.24424778761061947 0.2976401179941003 0.021238938053097345 0.024188790560471976
1 0.3846607669616519 0.3008849557522124 0.03421828908554572 0.022418879056047197
1 0.5436578171091445 0.29970501474926253 0.03126843657817109 0.024778761061946902
1 0.6991150442477876 0.2814159292035398 0.030678466076696165 0.02831858407079646
1 0.8793510324483775 0.2737463126843658 0.0359882005899705 0.020058997050147492
1 0.06342182890855458 0.45014749262536874 0.028908554572271386 0.01887905604719764
1 0.2407079646017699 0.443952802359882 0.029498525073746312 0.023008849557522124
1 0.3893805309734513 0.4463126843657817 0.029498525073746312 0.024188790560471976
1 0.5504424778761062 0.44277286135693217 0.03303834808259587 0.02064896755162242
1 0.7141592920353982 0.4398230088495575 0.03008849557522124 0.01710914454277286
1 0.8749262536873156 0.4398230088495575 0.02831858407079646 0.02064896755162242
1 0.06283185840707964 0.5967551622418878 0.03008849557522124 0.024188790560471976
1 0.25132743362831855 0.5890855457227139 0.027138643067846607 0.01710914454277286
1 0.3943952802359882 0.5778761061946902 0.033628318584070796 0.013569321533923304
1 0.5483775811209439 0.5778761061946902 0.03126843657817109 0.019469026548672566
1 0.7141592920353982 0.5799410029498525 0.02654867256637168 0.025958702064896755
1 0.8749262536873156 0.5846607669616519 0.03303834808259587 0.02359882005899705
0 0.06253687315634218 0.7262536873156342 0.022418879056047197 0.02359882005899705
1 0.24218289085545722 0.719174041297935 0.02654867256637168 0.030678466076696165
1 0.3935103244837758 0.7097345132743362 0.03303834808259587 0.021238938053097345
0 0.5504424778761062 0.7056047197640118 0.03303834808259587 0.022418879056047197
1 0.7079646017699115 0.699410029498525 0.03185840707964602 0.02182890855457227
1 0.8660766961651918 0.7056047197640118 0.022418879056047197 0.03421828908554572
1 0.06165191740412979 0.8336283185840708 0.038348082595870206 0.021238938053097345
1 0.231858407079646 0.8327433628318583 0.03775811209439528 0.019469026548672566
1 0.40353982300884955 0.8333333333333334 0.027138643067846607 0.024188790560471976
1 0.5530973451327433 0.8451327433628318 0.03480825958702065 0.019469026548672566
1 0.7224188790560472 0.8333333333333334 0.032448377581120944 0.024188790560471976
1 0.8675516224188791 0.8710914454277287 0.02064896755162242 0.032448377581120944
