1 0.06135693215339233 0.1486725663716814 0.03185840707964602 0.017699115044247787
1 0.17492625368731562 0.1864306784660767 0.028908554572271386 0.03303834808259587
0 0.35103244837758113 0.17079646017699116 0.027138643067846607 0.03716814159292035
1 0.5227138643067847 0.1433628318584071 0.03893805309734513 0.029498525073746312
1 0.7 0.11799410029498525 0.027728613569321534 0.024778761061946902
1 0.8536873156342183 0.08613569321533923 0.035398230088495575 0.03185840707964602
0 0.06460176991150443 0.3206489675516224 0.028908554572271386 0.03480825958702065
0 0.21622418879056046 0.33657817109144544 0.027728613569321534 0.0359882005899705
1 0.3663716814159292 0.3368731563421829 0.040117994100294985 0.027138643067846607
1 0.5404129793510324 0.2861356932153392 0.03421828908554572 0.027138643067846607
0 0.664306784660767 0.3088495575221239 0.021238938053097345 0.04424778761061947
1 0.871976401179941 0.3088495575221239 0.03893805309734513 0.028908554572271386
1 0.0607669616519174 0.4551622418879056 0.021238938053097345 0.02182890855457227
0 0.22536873156342183 0.4312684365781711 0.022418879056047197 0.03893805309734513
1 0.3728613569321534 0.45958702064896756 0.022418879056047197 0.040117994100294985
1 0.5486725663716814 0.4421828908554572 0.029498525073746312 0.018289085545722714
0 0.8619469026548673 0.46696165191740413 0.025958702064896755 0.03126843657817109
0 0.8584070796460177 0.55929203539823 0.029498525073746312 0.03657817109144543
0 0.7032448377581121 0.5979351032448378 0.03185840707964602 0.03126843657817109
0 0.061061946902654866 0.5979351032448378 0.02654867256637168 0.03126843657817109
0 0.5421828908554572 0.7106194690265487 0.030678466076696165 0.043067846607669616
0 0.7064896755162242 0.7176991150442478 0.03126843657817109 0.0359882005899705
1 0.7085545722713864 0.43569321533923305 0.02359882005899705 0.02182890855457227
1 0.25073746312684364 0.5943952802359882 0.029498525073746312 0.019469026548672566
1 0.3943952802359882 0.5825958702064896 0.03480825958702065 0.02064896755162242
1 0.5495575221238937 0.5808259587020649 0.03126843657817109 0.019469026548672566
1 0.07492625368731563 0.7050147492625368 0.040117994100294985 0.02831858407079646
1 0.2587020648967552 0.6991150442477876 0.038348082595870206 0.022418879056047197
1 0.3887905604719764 0.7182890855457227 0.03185840707964602 0.024188790560471976
1 0.8660766961651918 0.7053097345132743 0.02359882005899705 0.028908554572271386
1 0.06519174041297934 0.8292035398230089 0.0359882005899705 0.033628318584070796
1 0.2575221238938053 0.828613569321534 0.02654867256637168 0.038348082595870206
0 0.4109144542772861 0.8073746312684366 0.033628318584070796 0.02654867256637168
0 0.5480825958702065 0.8707964601769911 0.03657817109144543 0.035398230088495575
1 0.6967551622418879 0.8628318584070797 0.027138643067846607 0.04424778761061947
1 0.8864306784660767 0.8749262536873156 0.03008849557522124 0.03421828908554572
