0 0.1224188790560472 0.06666666666666667 0.05014749262536873 0.07905604719764012
0 0.24513274336283186 0.03716814159292035 0.06902654867256637 0.05309734513274336
0 0.4079646017699115 0.044837758112094395 0.05486725663716814 0.05073746312684366
0 0.5342182890855457 0.11563421828908554 0.028908554572271386 0.029498525073746312
0 0.6551622418879056 0.0471976401179941 0.07138643067846608 0.03775811209439528
1 0.8466076696165191 0.0855457227138643 0.03657817109144543 0.03185840707964602
0 0.11179941002949853 0.23097345132743363 0.06666666666666667 0.0607669616519174
0 0.2392330383480826 0.1870206489675516 0.05486725663716814 0.049557522123893805
0 0.33893805309734515 0.1625368731563422 0.07492625368731563 0.07964601769911504
0 0.5215339233038347 0.25722713864306784 0.05191740412979351 0.04837758112094395
0 0.6941002949852507 0.22595870206489677 0.05958702064896755 0.04129793510324484
0 0.8469026548672566 0.23244837758112094 0.04070796460176991 0.0471976401179941
0 0.11415929203539824 0.32359882005899704 0.04896755162241888 0.05132743362831858
0 0.2368731563421829 0.2814159292035398 0.0831858407079646 0.08613569321533923
0 0.363716814159292 0.3693215339233038 0.05958702064896755 0.11209439528023599
1 0.5442477876106194 0.33952802359882006 0.06430678466076696 0.0359882005899705
0 0.6882005899705015 0.35103244837758113 0.047787610619469026 0.06017699115044248
1 0.8640117994100295 0.38200589970501475 0.043067846607669616 0.0584070796460177
0 0.13864306784660768 0.5430678466076696 0.10029498525073746 0.06666666666666667
0 0.20029498525073747 0.5587020648967551 0.0808259587020649 0.08967551622418879
0 0.5327433628318584 0.47168141592920354 0.049557522123893805 0.05604719764011799
0 0.35929203539823007 0.46430678466076697 0.05309734513274336 0.04837758112094395
0 0.6988200589970501 0.5150442477876106 0.05604719764011799 0.06843657817109144
0 0.8480825958702065 0.5067846607669616 0.03126843657817109 0.03893805309734513
0 0.8501474926253687 0.6221238938053097 0.03657817109144543 0.04660766961651917
0 0.6858407079646017 0.6297935103244837 0.038348082595870206 0.043067846607669616
0 0.4929203539823009 0.6014749262536873 0.05014749262536873 0.047787610619469026
0 0.08259587020648967 0.6625368731563421 0.11091445427728613 0.1592920353982301
0 0.22182890855457227 0.6787610619469027 0.03775811209439528 0.0831858407079646
0 0.36283185840707965 0.6997050147492625 0.06607669616519174 0.06843657817109144
0 0.13185840707964602 0.8061946902654867 0.07020648967551622 0.04896755162241888
0 0.20324483775811208 0.8262536873156342 0.07728613569321534 0.061946902654867256
0 0.363716814159292 0.7887905604719764 0.04424778761061947 0.07787610619469026
1 0.5032448377581121 0.7873156342182891 0.05663716814159292 0.03716814159292035
0 0.7032448377581121 0.8244837758112095 0.08377581120943953 0.047787610619469026
1 0.8424778761061946 0.8200589970501475 0.05309734513274336 0.06017699115044248
