1 0.11238938053097344 0.10324483775811209 0.038348082595870206 0.01415929203539823
1 0.2563421828908555 0.10324483775811209 0.03480825958702065 0.021238938053097345
1 0.39764011799410026 0.10825958702064897 0.03657817109144543 0.02064896755162242
1 0.5427728613569321 0.10825958702064897 0.03775811209439528 0.01592920353982301
1 0.7135693215339233 0.11858407079646018 0.03008849557522124 0.025958702064896755
1 0.8587020648967552 0.12418879056047197 0.038348082595870206 0.019469026548672566
1 0.8613569321533923 0.2359882005899705 0.03775811209439528 0.02359882005899705
1 0.7053097345132743 0.22507374631268437 0.04188790560471976 0.018289085545722714
1 0.5389380530973451 0.23008849557522124 0.038348082595870206 0.01887905604719764
1 0.391740412979351 0.22890855457227138 0.03657817109144543 0.015339233038348082
1 0.24424778761061947 0.23008849557522124 0.022418879056047197 0.017699115044247787
1 0.12212389380530973 0.22772861356932153 0.03303834808259587 0.017699115044247787
1 0.12389380530973451 0.36696165191740415 0.029498525073746312 0.021238938053097345
1 0.23539823008849559 0.3613569321533923 0.03185840707964602 0.02064896755162242
1 0.3693215339233038 0.37138643067846605 0.03775811209439528 0.019469026548672566
1 0.5469026548672566 0.371976401179941 0.035398230088495575 0.02064896755162242
1 0.6905604719764011 0.36578171091445427 0.03480825958702065 0.017699115044247787
1 0.8693215339233038 0.37669616519174043 0.0359882005899705 0.018289085545722714
1 0.1200589970501475 0.5268436578171092 0.024188790560471976 0.029498525073746312
1 0.23480825958702065 0.5244837758112094 0.03185840707964602 0.021238938053097345
1 0.37168141592920356 0.5056047197640118 0.03421828908554572 0.02359882005899705
1 0.5480825958702065 0.49852507374631266 0.03775811209439528 0.022418879056047197
1 0.6946902654867256 0.49557522123893805 0.03480825958702065 0.016519174041297935
1 0.8557522123893805 0.49144542772861355 0.03952802359882006 0.022418879056047197
1 0.11445427728613569 0.659882005899705 0.03185840707964602 0.02536873156342183
1 0.12330383480825959 0.8085545722713864 0.030678466076696165 0.02064896755162242
1 0.23067846607669618 0.6646017699115044 0.02831858407079646 0.01710914454277286
1 0.2359882005899705 0.8106194690265487 0.03775811209439528 0.01887905604719764
1 0.3654867256637168 0.6622418879056047 0.04070796460176991 0.03008849557522124
1 0.37315634218289084 0.8135693215339233 0.038348082595870206 0.02359882005899705
1 0.5289085545722714 0.6563421828908554 0.03716814159292035 0.02182890855457227
1 0.5147492625368731 0.8153392330383481 0.038348082595870206 0.022418879056047197
1 0.6884955752212389 0.6578171091445427 0.035398230088495575 0.025958702064896755
1 0.6935103244837758 0.8047197640117993 0.038348082595870206 0.02359882005899705
1 0.856637168141593 0.6622418879056047 0.03303834808259587 0.019469026548672566
1 0.8495575221238938 0.8106194690265487 0.03893805309734513 0.020058997050147492
