0 0.13008849557522123 0.08200589970501475 0.1410029498525074 0.10029498525073746
0 0.3392330383480826 0.14454277286135692 0.05663716814159292 0.18289085545722714
0 0.49085545722713864 0.11622418879056047 0.08141592920353982 0.1392330383480826
0 0.6985250737463127 0.11504424778761062 0.11799410029498525 0.08259587020648967
0 0.8660766961651918 0.14129793510324484 0.09085545722713864 0.09970501474926254
0 0.22566371681415928 0.22123893805309736 0.17168141592920355 0.1392330383480826
0 0.38023598820058996 0.25132743362831855 0.05604719764011799 0.09321533923303835
0 0.47463126843657816 0.28938053097345134 0.15398230088495574 0.03480825958702065
0 0.6884955752212389 0.2820058997050148 0.03775811209439528 0.040117994100294985
0 0.8495575221238938 0.31710914454277284 0.08849557522123894 0.03952802359882006
0 0.2342182890855457 0.4150442477876106 0.07787610619469026 0.04424778761061947
0 0.3911504424778761 0.3943952802359882 0.08259587020648967 0.19410029498525072
0 0.5250737463126843 0.41858407079646015 0.049557522123893805 0.03008849557522124
0 0.671386430678466 0.41622418879056045 0.18525073746312684 0.08672566371681416
1 0.8415929203539823 0.4008849557522124 0.014749262536873156 0.033628318584070796
0 0.5882005899705015 0.46696165191740413 0.05073746312684366 0.12684365781710916
0 0.23097345132743363 0.5510324483775811 0.09616519174041298 0.03657817109144543
1 0.3250737463126844 0.556047197640118 0.03775811209439528 0.01710914454277286
0 0.4849557522123894 0.5174041297935104 0.049557522123893805 0.02359882005899705
1 0.7495575221238938 0.55929203539823 0.024188790560471976 0.029498525073746312
1 0.7501474926253687 0.6740412979351033 0.024188790560471976 0.02536873156342183
1 0.6710914454277286 0.8050147492625369 0.02654867256637168 0.02536873156342183
0 0.5781710914454277 0.5448377581120943 0.08023598820058997 0.13156342182890857
0 0.8781710914454277 0.5070796460176991 0.11150442477876106 0.07964601769911504
0 0.25899705014749264 0.6991150442477876 0.04247787610619469 0.03775811209439528
0 0.27404129793510323 0.744542772861357 0.06902654867256637 0.1710914454277286
0 0.3672566371681416 0.6873156342182891 0.09734513274336283 0.1663716814159292
0 0.4265486725663717 0.7884955752212389 0.10029498525073746 0.13864306784660768
0 0.48584070796460177 0.6368731563421829 0.17050147492625367 0.057227138643067846
0 0.6176991150442478 0.6625368731563421 0.04837758112094395 0.1215339233038348
0 0.5359882005899705 0.8085545722713864 0.027728613569321534 0.07492625368731563
0 0.8967551622418879 0.6548672566371682 0.10147492625368731 0.17699115044247787
0 0.896165191740413 0.7799410029498525 0.08731563421828908 0.17463126843657817
0 0.7905604719764012 0.8230088495575221 0.06253687315634218 0.13097345132743363
