0 0.17168141592920355 0.12625368731563422 0.06135693215339233 0.03893805309734513
0 0.26902654867256637 0.19380530973451326 0.05191740412979351 0.04424778761061947
1 0.4070796460176991 0.1336283185840708 0.03893805309734513 0.03716814159292035
0 0.6327433628318584 0.17728613569321533 0.03008849557522124 0.09144542772861357
0 0.7047197640117994 0.1424778761061947 0.0359882005899705 0.07374631268436578
0 0.8938053097345132 0.17522123893805308 0.02831858407079646 0.0471976401179941
0 0.16342182890855456 0.29882005899705016 0.08141592920353982 0.06902654867256637
1 0.33628318584070793 0.26312684365781713 0.049557522123893805 0.03657817109144543
0 0.4424778761061947 0.3041297935103245 0.03657817109144543 0.052507374631268436
0 0.5554572271386431 0.3070796460176991 0.06784660766961652 0.08672566371681416
0 0.7964601769911505 0.30678466076696165 0.03657817109144543 0.071976401179941
0 0.879646017699115 0.31032448377581123 0.030678466076696165 0.049557522123893805
0 0.15250737463126843 0.4144542772861357 0.05604719764011799 0.05604719764011799
1 0.31622418879056047 0.4510324483775811 0.04837758112094395 0.04070796460176991
0 0.4383480825958702 0.4648967551622419 0.044837758112094395 0.03657817109144543
0 0.5846607669616519 0.4625368731563422 0.0743362831858407 0.05545722713864307
0 0.7265486725663717 0.42330383480825956 0.03008849557522124 0.03126843657817109
1 0.8846607669616519 0.44778761061946903 0.04188790560471976 0.03893805309734513
0 0.1454277286135693 0.5309734513274336 0.033628318584070796 0.030678466076696165
1 0.2887905604719764 0.5858407079646017 0.04896755162241888 0.04601769911504425
0 0.4032448377581121 0.5938053097345133 0.0831858407079646 0.07728613569321534
0 0.7002949852507374 0.6312684365781711 0.07787610619469026 0.06843657817109144
0 0.8693215339233038 0.5548672566371682 0.04070796460176991 0.07728613569321534
0 0.17050147492625367 0.7061946902654868 0.0743362831858407 0.049557522123893805
0 0.2784660766961652 0.7728613569321534 0.04129793510324484 0.035398230088495575
1 0.48112094395280236 0.7412979351032448 0.0584070796460177 0.033628318584070796
0 0.6032448377581121 0.747197640117994 0.052507374631268436 0.057227138643067846
0 0.7336283185840707 0.7404129793510325 0.04424778761061947 0.03657817109144543
0 0.8466076696165191 0.759882005899705 0.049557522123893805 0.03893805309734513
0 0.1504424778761062 0.8528023598820059 0.044837758112094395 0.038348082595870206
0 0.2784660766961652 0.8893805309734513 0.03775811209439528 0.03952802359882006
0 0.4935103244837758 0.8823008849557522 0.03126843657817109 0.027728613569321534
0 0.6460176991150443 0.891740412979351 0.03303834808259587 0.02536873156342183
1 0.7218289085545723 0.9020648967551622 0.033628318584070796 0.027138643067846607
0 0.8769911504424779 0.8699115044247787 0.06430678466076696 0.03952802359882006
0 0.5289085545722714 0.6289085545722713 0.0584070796460177 0.08023598820058997
