1 0.11268436578171091 0.10501474926253687 0.03775811209439528 0.020058997050147492
1 0.2569321533923304 0.10471976401179942 0.04188790560471976 0.01710914454277286
1 0.39823008849557523 0.10737463126843658 0.035398230088495575 0.017699115044247787
1 0.5433628318584071 0.10855457227138643 0.035398230088495575 0.01887905604719764
1 0.7094395280235988 0.11268436578171091 0.04188790560471976 0.01887905604719764
1 0.8581120943952802 0.12654867256637167 0.0359882005899705 0.018289085545722714
1 0.8592920353982301 0.2345132743362832 0.03480825958702065 0.019469026548672566
1 0.7044247787610619 0.22743362831858407 0.03893805309734513 0.01710914454277286
1 0.5412979351032449 0.231858407079646 0.038348082595870206 0.016519174041297935
1 0.3938053097345133 0.22920353982300884 0.03480825958702065 0.02064896755162242
1 0.24365781710914453 0.2294985250737463 0.03303834808259587 0.01887905604719764
1 0.12271386430678466 0.22743362831858407 0.035398230088495575 0.018289085545722714
1 0.12064896755162241 0.368141592920354 0.0359882005899705 0.020058997050147492
1 0.2345132743362832 0.3595870206489675 0.03126843657817109 0.02064896755162242
1 0.3702064896755162 0.36991150442477877 0.03480825958702065 0.01887905604719764
1 0.5460176991150443 0.37168141592920356 0.033628318584070796 0.01887905604719764
1 0.6908554572271386 0.36607669616519173 0.03303834808259587 0.02064896755162242
1 0.8646017699115044 0.37728613569321534 0.038348082595870206 0.02182890855457227
1 0.11976401179941003 0.5262536873156343 0.027138643067846607 0.021238938053097345
1 0.23569321533923304 0.5250737463126843 0.032448377581120944 0.020058997050147492
1 0.36843657817109143 0.5061946902654867 0.032448377581120944 0.020058997050147492
1 0.5480825958702065 0.4982300884955752 0.03657817109144543 0.02182890855457227
1 0.6985250737463127 0.4946902654867257 0.035398230088495575 0.018289085545722714
1 0.855457227138643 0.49321533923303834 0.03421828908554572 0.024778761061946902
1 0.11533923303834809 0.6619469026548672 0.033628318584070796 0.017699115044247787
1 0.2327433628318584 0.6690265486725664 0.033628318584070796 0.016519174041297935
1 0.3646017699115044 0.6625368731563421 0.030678466076696165 0.02359882005899705
1 0.5294985250737463 0.6613569321533923 0.03480825958702065 0.016519174041297935
1 0.6896755162241888 0.6584070796460177 0.03657817109144543 0.022418879056047197
1 0.851622418879056 0.664306784660767 0.0359882005899705 0.024778761061946902
1 0.1215339233038348 0.8109144542772861 0.03185840707964602 0.023008849557522124
1 0.2374631268436578 0.8117994100294985 0.032448377581120944 0.020058997050147492
1 0.3722713864306785 0.8144542772861357 0.04247787610619469 0.01710914454277286
1 0.5120943952802359 0.8141592920353982 0.03657817109144543 0.017699115044247787
1 0.6914454277286135 0.8044247787610619 0.03893805309734513 0.018289085545722714
1 0.8492625368731563 0.8129793510324483 0.033628318584070796 0.017699115044247787
