1 0.058997050147492625 0.14778761061946902 0.02831858407079646 0.01592920353982301
1 0.1831858407079646 0.18761061946902655 0.02536873156342183 0.029498525073746312
0 0.3663716814159292 0.16047197640117994 0.035398230088495575 0.03775811209439528
0 0.5212389380530973 0.14365781710914455 0.03126843657817109 0.02654867256637168
1 0.6982300884955752 0.11799410029498525 0.03126843657817109 0.024778761061946902
1 0.8589970501474926 0.09557522123893805 0.04365781710914454 0.03657817109144543
0 0.06725663716814159 0.30973451327433627 0.022418879056047197 0.021238938053097345
0 0.22861356932153393 0.3238938053097345 0.02654867256637168 0.03421828908554572
0 0.37492625368731564 0.3463126843657817 0.03008849557522124 0.035398230088495575
0 0.547787610619469 0.2843657817109144 0.04188790560471976 0.027138643067846607
0 0.6696165191740413 0.3029498525073746 0.025958702064896755 0.04070796460176991
1 0.8731563421828908 0.30206489675516224 0.03185840707964602 0.030678466076696165
1 0.3702064896755162 0.4648967551622419 0.023008849557522124 0.03185840707964602
1 0.06253687315634218 0.4592920353982301 0.024778761061946902 0.023008849557522124
1 0.23864306784660766 0.44011799410029495 0.03126843657817109 0.03303834808259587
1 0.5501474926253688 0.44424778761061945 0.03126843657817109 0.022418879056047197
1 0.7126843657817109 0.4374631268436578 0.035398230088495575 0.02654867256637168
0 0.8616519174041298 0.463716814159292 0.03008849557522124 0.03893805309734513
1 0.05929203539823009 0.5935103244837758 0.02654867256637168 0.030678466076696165
1 0.24808259587020648 0.5902654867256637 0.024188790560471976 0.024188790560471976
1 0.3935103244837758 0.5831858407079646 0.02831858407079646 0.02182890855457227
1 0.5510324483775811 0.5814159292035398 0.035398230088495575 0.02654867256637168
1 0.7058997050147493 0.5961651917404129 0.033628318584070796 0.04188790560471976
0 0.8581120943952802 0.5569321533923304 0.02654867256637168 0.03893805309734513
0 0.07404129793510325 0.703834808259587 0.03952802359882006 0.030678466076696165
0 0.2622418879056047 0.6917404129793511 0.03716814159292035 0.032448377581120944
0 0.3967551622418879 0.7418879056047197 0.033628318584070796 0.03008849557522124
0 0.5566371681415929 0.6672566371681415 0.03126843657817109 0.03185840707964602
1 0.7079646017699115 0.6988200589970501 0.030678466076696165 0.02182890855457227
1 0.8678466076696165 0.7041297935103245 0.02831858407079646 0.032448377581120944
0 0.0687315634218289 0.8353982300884956 0.02654867256637168 0.03775811209439528
0 0.25486725663716814 0.8292035398230089 0.03775811209439528 0.03716814159292035
1 0.4085545722713864 0.8100294985250738 0.033628318584070796 0.030678466076696165
0 0.5451327433628319 0.8666666666666667 0.03185840707964602 0.03775811209439528
0 0.6914454277286135 0.8616519174041298 0.024778761061946902 0.043067846607669616
1 0.8911504424778761 0.8758112094395281 0.027728613569321534 0.03126843657817109
