0 0.15398230088495574 0.08141592920353982 0.03303834808259587 0.03657817109144543
0 0.32772861356932154 0.049557522123893805 0.09970501474926254 0.03893805309734513
0 0.4663716814159292 0.11976401179941003 0.04070796460176991 0.03775811209439528
0 0.5896755162241888 0.04277286135693215 0.0607669616519174 0.06666666666666667
0 0.7651917404129793 0.03333333333333333 0.08259587020648967 0.057227138643067846
0 0.8761061946902655 0.058997050147492625 0.044837758112094395 0.10737463126843658
0 0.13952802359882005 0.231858407079646 0.057227138643067846 0.054277286135693215
0 0.29970501474926253 0.22418879056047197 0.06017699115044248 0.0471976401179941
0 0.4837758112094395 0.2616519174041298 0.07669616519174041 0.05604719764011799
0 0.664306784660767 0.16519174041297935 0.10147492625368731 0.08849557522123894
0 0.7575221238938052 0.1864306784660767 0.06135693215339233 0.0471976401179941
0 0.8840707964601769 0.23215339233038348 0.06784660766961652 0.06430678466076696
1 0.13451327433628318 0.3793510324483776 0.03303834808259587 0.05191740412979351
0 0.3126843657817109 0.35162241887905604 0.049557522123893805 0.05191740412979351
0 0.4486725663716814 0.3374631268436578 0.06666666666666667 0.04129793510324484
0 0.6351032448377582 0.37551622418879055 0.05604719764011799 0.09970501474926254
0 0.8023598820058997 0.29321533923303833 0.09557522123893805 0.12507374631268436
0 0.8837758112094395 0.32271386430678467 0.05781710914454277 0.05191740412979351
0 0.15221238938053097 0.5076696165191741 0.04601769911504425 0.0607669616519174
0 0.3094395280235988 0.515339233038348 0.032448377581120944 0.08790560471976401
0 0.4702064896755162 0.47168141592920354 0.054277286135693215 0.06548672566371681
0 0.6383480825958702 0.4625368731563422 0.05073746312684366 0.04365781710914454
0 0.7979351032448377 0.563716814159292 0.0855457227138643 0.08908554572271386
0 0.871976401179941 0.528023598820059 0.07905604719764012 0.08259587020648967
1 0.14690265486725662 0.6212389380530974 0.040117994100294985 0.04247787610619469
0 0.3200589970501475 0.6309734513274337 0.05486725663716814 0.05486725663716814
0 0.5120943952802359 0.6011799410029498 0.06489675516224189 0.049557522123893805
0 0.640117994100295 0.6967551622418879 0.07315634218289085 0.06371681415929203
0 0.7781710914454277 0.6846607669616519 0.044837758112094395 0.09970501474926254
0 0.9218289085545722 0.6533923303834808 0.12448377581120944 0.1421828908554572
0 0.15516224188790562 0.8141592920353982 0.054277286135693215 0.05663716814159292
0 0.29321533923303833 0.8389380530973451 0.08023598820058997 0.06017699115044248
0 0.4958702064896755 0.7814159292035399 0.057227138643067846 0.043067846607669616
0 0.6271386430678466 0.7814159292035399 0.03775811209439528 0.0808259587020649
0 0.8023598820058997 0.8277286135693215 0.09085545722713864 0.08731563421828908
0 0.8666666666666667 0.8014749262536873 0.07079646017699115 0.03952802359882006
