0 0.12477876106194691 0.12831858407079647 0.06784660766961652 0.03716814159292035
0 0.2737463126843658 0.10206489675516224 0.027138643067846607 0.03303834808259587
0 0.35634218289085545 0.16135693215339234 0.03421828908554572 0.04070796460176991
0 0.5117994100294985 0.12448377581120944 0.03126843657817109 0.024778761061946902
0 0.7176991150442478 0.15427728613569322 0.03716814159292035 0.047787610619469026
0 0.8498525073746312 0.14660766961651917 0.04424778761061947 0.04660766961651917
0 0.8215339233038348 0.2958702064896755 0.06666666666666667 0.05486725663716814
0 0.7041297935103245 0.2914454277286136 0.052507374631268436 0.04247787610619469
1 0.5200589970501475 0.25958702064896755 0.0584070796460177 0.03185840707964602
0 0.15073746312684366 0.23864306784660766 0.04542772861356932 0.04070796460176991
1 0.26607669616519175 0.26843657817109146 0.03775811209439528 0.03421828908554572
0 0.39764011799410026 0.32035398230088497 0.06843657817109144 0.05309734513274336
0 0.17227138643067846 0.38259587020648966 0.071976401179941 0.047787610619469026
0 0.2935103244837758 0.3740412979351032 0.07020648967551622 0.054277286135693215
0 0.47640117994100295 0.371976401179941 0.05132743362831858 0.0808259587020649
0 0.5943952802359882 0.4088495575221239 0.07138643067846608 0.08259587020648967
0 0.7094395280235988 0.4150442477876106 0.04542772861356932 0.04542772861356932
0 0.8507374631268436 0.4407079646017699 0.03657817109144543 0.03421828908554572
0 0.8412979351032448 0.5817109144542773 0.058997050147492625 0.054277286135693215
1 0.6837758112094395 0.5489675516224188 0.04601769911504425 0.043067846607669616
0 0.5616519174041298 0.5380530973451327 0.04601769911504425 0.03893805309734513
0 0.4206489675516224 0.5410029498525074 0.06607669616519174 0.06253687315634218
0 0.2935103244837758 0.5212389380530973 0.04660766961651917 0.03716814159292035
0 0.15781710914454278 0.49675516224188787 0.052507374631268436 0.049557522123893805
0 0.15870206489675515 0.6548672566371682 0.04837758112094395 0.05545722713864307
0 0.2374631268436578 0.6595870206489676 0.05014749262536873 0.05545722713864307
0 0.45250737463126844 0.6887905604719764 0.05191740412979351 0.09852507374631268
0 0.55929203539823 0.696165191740413 0.03775811209439528 0.05073746312684366
1 0.6640117994100295 0.7351032448377581 0.05132743362831858 0.040117994100294985
1 0.7610619469026548 0.7351032448377581 0.049557522123893805 0.06607669616519174
0 0.8607669616519174 0.8256637168141593 0.06135693215339233 0.05014749262536873
0 0.7380530973451327 0.8103244837758112 0.06135693215339233 0.03952802359882006
1 0.5893805309734513 0.8640117994100295 0.03775811209439528 0.032448377581120944
0 0.39646017699115044 0.7690265486725664 0.07787610619469026 0.043067846607669616
0 0.39557522123893807 0.8410029498525073 0.04896755162241888 0.06784660766961652
0 0.18171091445427728 0.787905604719764 0.040117994100294985 0.033628318584070796
