0 0.12035398230088495 0.05575221238938053 0.054277286135693215 0.08672566371681416
0 0.25781710914454276 0.05752212389380531 0.06607669616519174 0.043067846607669616
0 0.403834808259587 0.07581120943952802 0.047787610619469026 0.05014749262536873
0 0.532448377581121 0.12064896755162241 0.033628318584070796 0.03126843657817109
0 0.6825958702064897 0.05781710914454277 0.10265486725663717 0.04837758112094395
0 0.8530973451327434 0.10235988200589971 0.03775811209439528 0.03952802359882006
0 0.12330383480825959 0.23716814159292035 0.06135693215339233 0.08141592920353982
0 0.24542772861356932 0.18259587020648968 0.05073746312684366 0.052507374631268436
0 0.3595870206489675 0.18053097345132743 0.12094395280235988 0.040117994100294985
0 0.5277286135693215 0.25958702064896755 0.06666666666666667 0.054277286135693215
0 0.6964601769911505 0.2303834808259587 0.05604719764011799 0.032448377581120944
0 0.8492625368731563 0.21976401179941002 0.038348082595870206 0.07846607669616519
0 0.12684365781710916 0.3126843657817109 0.03775811209439528 0.07315634218289085
0 0.21740412979351031 0.3117994100294985 0.04896755162241888 0.12330383480825959
0 0.36519174041297936 0.3687315634218289 0.054277286135693215 0.1168141592920354
0 0.5463126843657817 0.32949852507374633 0.071976401179941 0.05486725663716814
0 0.6876106194690266 0.3702064896755162 0.047787610619469026 0.052507374631268436
1 0.8648967551622418 0.3823008849557522 0.03657817109144543 0.058997050147492625
0 0.1351032448377581 0.5333333333333333 0.06371681415929203 0.07551622418879056
0 0.22330383480825958 0.5542772861356932 0.061946902654867256 0.10324483775811209
0 0.35929203539823007 0.4654867256637168 0.05781710914454277 0.04837758112094395
0 0.5294985250737463 0.46814159292035395 0.05604719764011799 0.06666666666666667
0 0.6926253687315634 0.5147492625368731 0.035398230088495575 0.08672566371681416
0 0.8469026548672566 0.5094395280235988 0.038348082595870206 0.07610619469026549
0 0.1336283185840708 0.6634218289085546 0.06312684365781711 0.16578171091445426
0 0.2168141592920354 0.6899705014749262 0.05014749262536873 0.1056047197640118
0 0.3631268436578171 0.6935103244837758 0.05958702064896755 0.061946902654867256
0 0.5056047197640118 0.6005899705014749 0.03893805309734513 0.06253687315634218
0 0.6781710914454278 0.6294985250737463 0.05132743362831858 0.0471976401179941
0 0.851622418879056 0.6345132743362831 0.03952802359882006 0.05604719764011799
0 0.8424778761061946 0.8176991150442477 0.0471976401179941 0.05663716814159292
0 0.7032448377581121 0.8389380530973451 0.07315634218289085 0.06489675516224189
0 0.503834808259587 0.7693215339233038 0.06017699115044248 0.05781710914454277
0 0.3728613569321534 0.7843657817109144 0.03775811209439528 0.07610619469026549
0 0.21858407079646017 0.8324483775811209 0.047787610619469026 0.0943952802359882
0 0.1398230088495575 0.8056047197640118 0.08141592920353982 0.047787610619469026
