1 0.061061946902654866 0.14188790560471976 0.027728613569321534 0.019469026548672566
1 0.21327433628318584 0.17669616519174042 0.027728613569321534 0.024188790560471976
0 0.3696165191740413 0.15398230088495574 0.032448377581120944 0.030678466076696165
0 0.5250737463126843 0.12300884955752212 0.025958702064896755 0.02536873156342183
1 0.7008849557522123 0.11976401179941003 0.035398230088495575 0.02831858407079646
1 0.859882005899705 0.09380530973451327 0.03480825958702065 0.02831858407079646
1 0.06932153392330384 0.30206489675516224 0.02654867256637168 0.025958702064896755
1 0.23333333333333334 0.30442477876106194 0.027728613569321534 0.021238938053097345
0 0.37787610619469025 0.3327433628318584 0.03008849557522124 0.02831858407079646
0 0.5454277286135694 0.2778761061946903 0.038348082595870206 0.03185840707964602
0 0.6793510324483776 0.3008849557522124 0.032448377581120944 0.04247787610619469
1 0.8755162241887906 0.28348082595870205 0.035398230088495575 0.04424778761061947
1 0.06342182890855458 0.45309734513274336 0.028908554572271386 0.025958702064896755
1 0.23244837758112094 0.4324483775811209 0.03657817109144543 0.035398230088495575
1 0.37964601769911505 0.45958702064896756 0.03480825958702065 0.044837758112094395
1 0.5495575221238937 0.44129793510324483 0.02536873156342183 0.02359882005899705
1 0.712094395280236 0.43716814159292033 0.035398230088495575 0.025958702064896755
0 0.8646017699115044 0.4592920353982301 0.033628318584070796 0.03952802359882006
0 0.855457227138643 0.5548672566371682 0.03421828908554572 0.03126843657817109
1 0.7073746312684366 0.5926253687315635 0.030678466076696165 0.04660766961651917
1 0.5498525073746312 0.5790560471976401 0.03303834808259587 0.019469026548672566
1 0.3920353982300885 0.5796460176991151 0.032448377581120944 0.02064896755162242
1 0.25132743362831855 0.587315634218289 0.03303834808259587 0.032448377581120944
1 0.058112094395280235 0.6106194690265486 0.033628318584070796 0.029498525073746312
0 0.071976401179941 0.6985250737463127 0.04365781710914454 0.03185840707964602
0 0.25722713864306784 0.6887905604719764 0.04129793510324484 0.03126843657817109
0 0.3985250737463127 0.7407079646017699 0.033628318584070796 0.03008849557522124
1 0.5530973451327433 0.6914454277286135 0.03952802359882006 0.03775811209439528
1 0.7044247787610619 0.7005899705014749 0.035398230088495575 0.019469026548672566
1 0.8643067846607669 0.7047197640117994 0.022418879056047197 0.0359882005899705
1 0.07168141592920355 0.8395280235988201 0.02536873156342183 0.017699115044247787
1 0.2392330383480826 0.8303834808259587 0.02654867256637168 0.028908554572271386
0 0.40943952802359884 0.8200589970501475 0.024778761061946902 0.04247787610619469
0 0.5463126843657817 0.8607669616519174 0.03421828908554572 0.044837758112094395
0 0.6914454277286135 0.8584070796460177 0.024778761061946902 0.035398230088495575
0 0.8938053097345132 0.8793510324483775 0.03421828908554572 0.028908554572271386
