0 0.12094395280235988 0.14424778761061946 0.06843657817109144 0.10324483775811209
0 0.2929203539823009 0.12359882005899706 0.11268436578171091 0.05958702064896755
0 0.5079646017699115 0.12300884955752212 0.0943952802359882 0.1421828908554572
0 0.6613569321533923 0.14041297935103245 0.06135693215339233 0.17227138643067846
0 0.8696165191740413 0.08023598820058997 0.13805309734513274 0.11209439528023599
0 0.15191740412979352 0.31887905604719763 0.08790560471976401 0.043067846607669616
0 0.3070796460176991 0.28112094395280235 0.03716814159292035 0.043067846607669616
0 0.5274336283185841 0.2861356932153392 0.1592920353982301 0.03775811209439528
0 0.6206489675516225 0.25132743362831855 0.04837758112094395 0.09085545722713864
0 0.7746312684365781 0.24100294985250736 0.16991150442477876 0.10324483775811209
1 0.15899705014749263 0.40235988200589967 0.02536873156342183 0.04129793510324484
0 0.3233038348082596 0.4144542772861357 0.17935103244837758 0.0831858407079646
0 0.4109144542772861 0.46814159292035395 0.052507374631268436 0.12920353982300886
0 0.47640117994100295 0.42094395280235986 0.043067846607669616 0.0359882005899705
0 0.6032448377581121 0.3943952802359882 0.09616519174041298 0.19410029498525072
0 0.768141592920354 0.4112094395280236 0.06843657817109144 0.03775811209439528
0 0.1191740412979351 0.5076696165191741 0.10619469026548672 0.07964601769911504
0 0.2533923303834808 0.5634218289085545 0.0359882005899705 0.035398230088495575
0 0.41887905604719766 0.543952802359882 0.071976401179941 0.11563421828908554
0 0.5138643067846608 0.5188790560471976 0.0471976401179941 0.028908554572271386
1 0.671976401179941 0.55929203539823 0.04247787610619469 0.022418879056047197
0 0.7702064896755162 0.551622418879056 0.09144542772861357 0.04247787610619469
0 0.10973451327433628 0.6634218289085546 0.08849557522123894 0.16460176991150444
1 0.2504424778761062 0.679646017699115 0.033628318584070796 0.029498525073746312
0 0.3828908554572271 0.664306784660767 0.049557522123893805 0.1191740412979351
0 0.5135693215339233 0.6395280235988201 0.1823008849557522 0.05309734513274336
0 0.6333333333333333 0.6876106194690266 0.09262536873156342 0.16814159292035397
0 0.7460176991150442 0.6988200589970501 0.04188790560471976 0.033628318584070796
0 0.7271386430678466 0.7495575221238938 0.061946902654867256 0.16814159292035397
0 0.10530973451327433 0.779646017699115 0.08672566371681416 0.17758112094395279
0 0.21150442477876105 0.8230088495575221 0.0584070796460177 0.1368731563421829
1 0.3274336283185841 0.8050147492625369 0.030678466076696165 0.028908554572271386
0 0.46135693215339235 0.8047197640117993 0.03657817109144543 0.08377581120943953
0 0.5731563421828908 0.7941002949852507 0.09970501474926254 0.1215339233038348
