0 0.1410029498525074 0.1415929203539823 0.10029498525073746 0.10737463126843658
0 0.3070796460176991 0.1168141592920354 0.12684365781710916 0.13097345132743363
0 0.5120943952802359 0.11268436578171091 0.07669616519174041 0.1463126843657817
0 0.667551622418879 0.12477876106194691 0.07492625368731563 0.21769911504424777
0 0.876401179941003 0.08613569321533923 0.14454277286135692 0.09793510324483776
0 0.7870206489675516 0.2519174041297935 0.20294985250737463 0.07787610619469026
0 0.6212389380530974 0.24955752212389382 0.058997050147492625 0.09793510324483776
0 0.5253687315634218 0.2855457227138643 0.16224188790560473 0.049557522123893805
0 0.30678466076696165 0.2808259587020649 0.040117994100294985 0.03893805309734513
0 0.14778761061946902 0.3141592920353982 0.09144542772861357 0.047787610619469026
1 0.15663716814159293 0.40294985250737464 0.014749262536873156 0.03775811209439528
0 0.33126843657817107 0.4144542772861357 0.1846607669616519 0.0831858407079646
0 0.4112094395280236 0.4646017699115044 0.05545722713864307 0.10914454277286136
0 0.47404129793510325 0.41887905604719766 0.0584070796460177 0.03185840707964602
0 0.6044247787610619 0.3967551622418879 0.09380530973451327 0.19646017699115043
0 0.7705014749262536 0.41061946902654867 0.08141592920353982 0.04365781710914454
0 0.772566371681416 0.5528023598820059 0.08436578171091445 0.03657817109144543
1 0.6722713864306784 0.56047197640118 0.033628318584070796 0.02359882005899705
1 0.511504424778761 0.515929203539823 0.04601769911504425 0.023008849557522124
0 0.41710914454277287 0.5412979351032449 0.0920353982300885 0.12802359882005898
0 0.11563421828908554 0.5032448377581121 0.1168141592920354 0.08377581120943953
1 0.24572271386430677 0.5548672566371682 0.02536873156342183 0.032448377581120944
0 0.11002949852507374 0.6572271386430678 0.09498525073746313 0.184070796460177
1 0.24837758112094394 0.6761061946902654 0.027138643067846607 0.025958702064896755
0 0.38495575221238937 0.6622418879056047 0.04660766961651917 0.1351032448377581
0 0.503834808259587 0.6374631268436578 0.1911504424778761 0.05486725663716814
0 0.6297935103244837 0.6905604719764011 0.09616519174041298 0.16932153392330385
0 0.7525073746312684 0.7448377581120944 0.06784660766961652 0.16342182890855456
0 0.7448377581120944 0.7017699115044248 0.04424778761061947 0.033628318584070796
0 0.5722713864306784 0.7943952802359882 0.10383480825958702 0.12212389380530973
0 0.4607669616519174 0.8123893805309734 0.03185840707964602 0.07669616519174041
1 0.3262536873156342 0.8047197640117993 0.029498525073746312 0.03303834808259587
0 0.20324483775811208 0.799410029498525 0.08790560471976401 0.143952802359882
0 0.09705014749262536 0.775811209439528 0.09852507374631268 0.16991150442477876
