1 0.10206489675516224 0.11799410029498525 0.035398230088495575 0.030678466076696165
0 0.20206489675516223 0.15811209439528023 0.06784660766961652 0.10973451327433628
0 0.3513274336283186 0.11032448377581121 0.04188790560471976 0.04247787610619469
0 0.4784660766961652 0.13539823008849558 0.13451327433628318 0.07846607669616519
0 0.6348082595870206 0.14129793510324484 0.11091445427728613 0.06312684365781711
0 0.7651917404129793 0.17551622418879056 0.06371681415929203 0.07964601769911504
0 0.7722713864306785 0.24188790560471976 0.10619469026548672 0.0471976401179941
0 0.6563421828908554 0.2533923303834808 0.08908554572271386 0.07374631268436578
1 0.5002949852507375 0.28023598820059 0.040117994100294985 0.02831858407079646
0 0.3386430678466077 0.26253687315634217 0.08141592920353982 0.03657817109144543
1 0.23303834808259588 0.26991150442477874 0.05191740412979351 0.033628318584070796
0 0.1224188790560472 0.28112094395280235 0.05132743362831858 0.07492625368731563
0 0.11120943952802359 0.46106194690265484 0.04660766961651917 0.03480825958702065
0 0.2651917404129793 0.4153392330383481 0.1079646017699115 0.07079646017699115
0 0.37315634218289084 0.4539823008849557 0.07610619469026549 0.1457227138643068
1 0.5032448377581121 0.3973451327433628 0.04601769911504425 0.04188790560471976
0 0.7811209439528024 0.4277286135693215 0.03775811209439528 0.044837758112094395
0 0.6690265486725664 0.45958702064896756 0.11327433628318584 0.05309734513274336
0 0.5336283185840708 0.5206489675516224 0.05014749262536873 0.04070796460176991
0 0.6610619469026549 0.5628318584070796 0.1056047197640118 0.13097345132743363
0 0.7793510324483776 0.5542772861356932 0.02831858407079646 0.05604719764011799
0 0.7814159292035399 0.6740412979351033 0.1327433628318584 0.10324483775811209
0 0.6861356932153392 0.6769911504424778 0.05309734513274336 0.05368731563421829
0 0.5442477876106194 0.6669616519174041 0.07610619469026549 0.07964601769911504
0 0.4224188790560472 0.6064896755162241 0.11799410029498525 0.07787610619469026
0 0.3271386430678466 0.6188790560471976 0.07256637168141593 0.1486725663716814
0 0.14837758112094396 0.5902654867256637 0.03480825958702065 0.043067846607669616
1 0.16814159292035397 0.6893805309734513 0.040117994100294985 0.03716814159292035
0 0.27168141592920353 0.7253687315634219 0.03008849557522124 0.03716814159292035
1 0.2687315634218289 0.768141592920354 0.027728613569321534 0.03303834808259587
0 0.4342182890855457 0.7581120943952803 0.13451327433628318 0.11327433628318584
0 0.3911504424778761 0.8480825958702065 0.12625368731563422 0.11032448377581121
0 0.5448377581120943 0.8404129793510324 0.0808259587020649 0.13864306784660768
0 0.6525073746312684 0.783480825958702 0.049557522123893805 0.07787610619469026
0 0.7687315634218289 0.7811209439528024 0.17227138643067846 0.06253687315634218
0 0.11799410029498525 0.8126843657817109 0.05545722713864307 0.0808259587020649
