1 0.13333333333333333 0.0976401179941003 0.030678466076696165 0.02064896755162242
1 0.29056047197640117 0.08613569321533923 0.028908554572271386 0.024778761061946902
1 0.43805309734513276 0.08790560471976401 0.027728613569321534 0.022418879056047197
1 0.591740412979351 0.08731563421828908 0.02831858407079646 0.027138643067846607
1 0.7330383480825958 0.0976401179941003 0.027728613569321534 0.023008849557522124
1 0.8964601769911504 0.09469026548672566 0.024188790560471976 0.014749262536873156
1 0.8979351032448377 0.23539823008849559 0.027138643067846607 0.015339233038348082
1 0.7548672566371681 0.23244837758112094 0.03126843657817109 0.016519174041297935
1 0.6029498525073747 0.2342182890855457 0.03421828908554572 0.01887905604719764
1 0.44837758112094395 0.22979351032448378 0.03185840707964602 0.01710914454277286
1 0.29793510324483774 0.22507374631268437 0.03303834808259587 0.028908554572271386
1 0.14896755162241887 0.21976401179941002 0.03126843657817109 0.02654867256637168
1 0.15221238938053097 0.36696165191740415 0.03303834808259587 0.017699115044247787
1 0.3144542772861357 0.37168141592920356 0.029498525073746312 0.021238938053097345
1 0.47168141592920354 0.37610619469026546 0.02536873156342183 0.019469026548672566
1 0.6132743362831858 0.3616519174041298 0.032448377581120944 0.015339233038348082
1 0.756047197640118 0.37964601769911505 0.028908554572271386 0.01592920353982301
1 0.9070796460176991 0.3828908554572271 0.027728613569321534 0.01415929203539823
1 0.16224188790560473 0.48436578171091443 0.03421828908554572 0.021238938053097345
1 0.3144542772861357 0.487905604719764 0.029498525073746312 0.020058997050147492
1 0.46607669616519176 0.479646017699115 0.022418879056047197 0.016519174041297935
1 0.6203539823008849 0.5002949852507375 0.027728613569321534 0.021238938053097345
1 0.7669616519174041 0.5262536873156343 0.027138643067846607 0.016519174041297935
1 0.911504424778761 0.5265486725663717 0.025958702064896755 0.02064896755162242
1 0.1592920353982301 0.6395280235988201 0.03185840707964602 0.016519174041297935
1 0.32182890855457225 0.656047197640118 0.028908554572271386 0.02359882005899705
1 0.4855457227138643 0.6489675516224189 0.029498525073746312 0.016519174041297935
1 0.6277286135693215 0.675811209439528 0.03185840707964602 0.018289085545722714
1 0.7864306784660767 0.6710914454277286 0.021238938053097345 0.01592920353982301
1 0.9014749262536873 0.6640117994100295 0.02831858407079646 0.018289085545722714
1 0.15634218289085544 0.883480825958702 0.035398230088495575 0.019469026548672566
1 0.31710914454277284 0.8660766961651918 0.032448377581120944 0.02359882005899705
1 0.47168141592920354 0.8563421828908554 0.033628318584070796 0.02182890855457227
1 0.6351032448377582 0.8530973451327434 0.027728613569321534 0.025958702064896755
1 0.7799410029498525 0.8498525073746312 0.02831858407079646 0.019469026548672566
1 0.9011799410029498 0.8519174041297934 0.02654867256637168 0.02831858407079646
