0 0.11622418879056047 0.061946902654867256 0.058997050147492625 0.10029498525073746
0 0.24631268436578171 0.03657817109144543 0.07610619469026549 0.058997050147492625
0 0.40766961651917405 0.05191740412979351 0.058997050147492625 0.06607669616519174
0 0.5312684365781711 0.11799410029498525 0.0359882005899705 0.03657817109144543
0 0.6687315634218289 0.052507374631268436 0.11268436578171091 0.0471976401179941
0 0.8469026548672566 0.09882005899705015 0.038348082595870206 0.03716814159292035
0 0.8604719764011799 0.22418879056047197 0.061946902654867256 0.06253687315634218
0 0.6932153392330384 0.22330383480825958 0.08495575221238938 0.05368731563421829
0 0.5206489675516224 0.26253687315634217 0.07846607669616519 0.05545722713864307
0 0.33716814159292036 0.17404129793510326 0.10206489675516224 0.07551622418879056
0 0.24808259587020648 0.18584070796460178 0.06312684365781711 0.04601769911504425
0 0.11799410029498525 0.23008849557522124 0.06253687315634218 0.05545722713864307
0 0.11976401179941003 0.3238938053097345 0.049557522123893805 0.05545722713864307
0 0.1976401179941003 0.2935103244837758 0.08495575221238938 0.12094395280235988
0 0.3648967551622419 0.37551622418879055 0.0607669616519174 0.10206489675516224
1 0.547787610619469 0.3368731563421829 0.06430678466076696 0.04365781710914454
0 0.6902654867256637 0.3519174041297935 0.049557522123893805 0.057227138643067846
1 0.8640117994100295 0.38436578171091446 0.03952802359882006 0.05958702064896755
0 0.8418879056047197 0.5129793510324484 0.0471976401179941 0.06666666666666667
0 0.691150442477876 0.515929203539823 0.032448377581120944 0.09380530973451327
0 0.5309734513274336 0.46991150442477875 0.05191740412979351 0.06312684365781711
0 0.35929203539823007 0.4672566371681416 0.05309734513274336 0.054277286135693215
0 0.20501474926253688 0.5533923303834808 0.0808259587020649 0.0943952802359882
0 0.12890855457227138 0.5315634218289086 0.08200589970501475 0.08849557522123894
0 0.07551622418879056 0.6539823008849558 0.12743362831858407 0.14454277286135692
0 0.22300884955752212 0.6855457227138643 0.04247787610619469 0.10501474926253687
0 0.36283185840707965 0.6973451327433628 0.07079646017699115 0.06135693215339233
0 0.48908554572271384 0.6011799410029498 0.06725663716814159 0.05309734513274336
0 0.6781710914454278 0.6306784660766962 0.04896755162241888 0.05309734513274336
0 0.8477876106194691 0.6256637168141593 0.03775811209439528 0.05486725663716814
0 0.8427728613569322 0.8150442477876106 0.05368731563421829 0.05604719764011799
0 0.7023598820058997 0.8374631268436578 0.08436578171091445 0.0607669616519174
0 0.5047197640117994 0.7811209439528024 0.05958702064896755 0.0471976401179941
0 0.36755162241887906 0.7852507374631268 0.03303834808259587 0.08731563421828908
0 0.1943952802359882 0.8247787610619469 0.08908554572271386 0.08141592920353982
0 0.13244837758112094 0.803834808259587 0.0808259587020649 0.04660766961651917
