0 0.11622418879056047 0.05486725663716814 0.0471976401179941 0.08731563421828908
0 0.25545722713864305 0.05663716814159292 0.06253687315634218 0.040117994100294985
0 0.4085545722713864 0.06342182890855458 0.05014749262536873 0.07728613569321534
0 0.5309734513274336 0.12123893805309735 0.029498525073746312 0.033628318584070796
0 0.6663716814159292 0.058997050147492625 0.09734513274336283 0.05663716814159292
0 0.8560471976401179 0.10235988200589971 0.04365781710914454 0.03952802359882006
0 0.8595870206489675 0.22212389380530972 0.058997050147492625 0.0584070796460177
0 0.6988200589970501 0.22477876106194689 0.061946902654867256 0.05781710914454277
0 0.5283185840707965 0.26194690265486725 0.07610619469026549 0.05663716814159292
0 0.3536873156342183 0.1882005899705015 0.12684365781710916 0.05191740412979351
0 0.24631268436578171 0.184070796460177 0.057227138643067846 0.04601769911504425
0 0.1182890855457227 0.23805309734513275 0.05486725663716814 0.07138643067846608
0 0.1303834808259587 0.3191740412979351 0.04247787610619469 0.06135693215339233
0 0.2126843657817109 0.308259587020649 0.05014749262536873 0.12094395280235988
0 0.36283185840707965 0.37256637168141593 0.054277286135693215 0.1079646017699115
0 0.5454277286135694 0.3315634218289085 0.06902654867256637 0.05191740412979351
0 0.6882005899705015 0.36696165191740415 0.04424778761061947 0.05073746312684366
1 0.8707964601769911 0.3823008849557522 0.0471976401179941 0.054277286135693215
0 0.8463126843657817 0.5147492625368731 0.03716814159292035 0.07846607669616519
0 0.692330383480826 0.5174041297935104 0.0359882005899705 0.08849557522123894
0 0.5292035398230088 0.46578171091445425 0.05191740412979351 0.06312684365781711
0 0.3589970501474926 0.46135693215339235 0.05368731563421829 0.058997050147492625
0 0.13303834808259588 0.5312684365781711 0.06784660766961652 0.08200589970501475
0 0.22271386430678466 0.5486725663716814 0.05604719764011799 0.10737463126843658
0 0.11032448377581121 0.6613569321533923 0.04365781710914454 0.15103244837758112
0 0.21622418879056046 0.6908554572271386 0.04896755162241888 0.10619469026548672
0 0.36283185840707965 0.6914454277286135 0.06371681415929203 0.06253687315634218
0 0.49911504424778763 0.6008849557522123 0.04837758112094395 0.0584070796460177
0 0.6793510324483776 0.6233038348082596 0.047787610619469026 0.052507374631268436
0 0.8489675516224189 0.6330383480825958 0.03893805309734513 0.05663716814159292
0 0.8430678466076696 0.8150442477876106 0.044837758112094395 0.05368731563421829
0 0.7047197640117994 0.8374631268436578 0.07256637168141593 0.06784660766961652
0 0.5035398230088496 0.7666666666666666 0.06666666666666667 0.06430678466076696
0 0.36902654867256635 0.7811209439528024 0.03716814159292035 0.0943952802359882
0 0.2126843657817109 0.8306784660766962 0.06312684365781711 0.09321533923303835
0 0.13569321533923304 0.803834808259587 0.08023598820058997 0.04542772861356932
