1 0.11061946902654868 0.10442477876106195 0.03480825958702065 0.021238938053097345
1 0.25663716814159293 0.10353982300884956 0.040117994100294985 0.019469026548672566
1 0.40058997050147493 0.10766961651917403 0.03421828908554572 0.02064896755162242
1 0.5445427728613569 0.10943952802359883 0.035398230088495575 0.01710914454277286
1 0.7132743362831858 0.1168141592920354 0.03303834808259587 0.020058997050147492
1 0.8584070796460177 0.12300884955752212 0.035398230088495575 0.018289085545722714
1 0.8613569321533923 0.23244837758112094 0.03775811209439528 0.02359882005899705
1 0.7050147492625368 0.23156342182890854 0.040117994100294985 0.018289085545722714
1 0.54070796460177 0.231858407079646 0.0359882005899705 0.021238938053097345
1 0.39410029498525073 0.22861356932153393 0.03421828908554572 0.019469026548672566
1 0.24454277286135692 0.23067846607669618 0.03126843657817109 0.017699115044247787
1 0.1224188790560472 0.22772861356932153 0.03008849557522124 0.017699115044247787
1 0.12271386430678466 0.3663716814159292 0.03421828908554572 0.025958702064896755
1 0.2351032448377581 0.3601769911504425 0.03480825958702065 0.018289085545722714
1 0.368141592920354 0.368141592920354 0.03893805309734513 0.02359882005899705
1 0.5469026548672566 0.3702064896755162 0.03303834808259587 0.019469026548672566
1 0.6893805309734513 0.36696165191740415 0.03480825958702065 0.021238938053097345
1 0.8640117994100295 0.37787610619469025 0.03952802359882006 0.019469026548672566
1 0.8551622418879056 0.49085545722713864 0.03480825958702065 0.022418879056047197
1 0.6967551622418879 0.4941002949852507 0.03775811209439528 0.01710914454277286
1 0.5460176991150443 0.49970501474926254 0.0359882005899705 0.021238938053097345
1 0.36902654867256635 0.5067846607669616 0.032448377581120944 0.01887905604719764
1 0.2368731563421829 0.5265486725663717 0.032448377581120944 0.02182890855457227
1 0.12330383480825959 0.5253687315634218 0.024778761061946902 0.027728613569321534
1 0.11386430678466077 0.6628318584070796 0.029498525073746312 0.018289085545722714
1 0.231858407079646 0.667551622418879 0.03421828908554572 0.019469026548672566
1 0.3648967551622419 0.6637168141592921 0.03480825958702065 0.02831858407079646
1 0.5268436578171092 0.6616519174041298 0.02831858407079646 0.019469026548672566
1 0.6920353982300885 0.6595870206489676 0.03775811209439528 0.022418879056047197
1 0.8542772861356932 0.6619469026548672 0.03775811209439528 0.024778761061946902
1 0.8501474926253687 0.8115044247787611 0.03185840707964602 0.023008849557522124
1 0.6908554572271386 0.8032448377581121 0.03303834808259587 0.02182890855457227
1 0.5141592920353982 0.8153392330383481 0.038348082595870206 0.021238938053097345
1 0.3710914454277286 0.8153392330383481 0.03421828908554572 0.020058997050147492
1 0.2377581120943953 0.8115044247787611 0.03421828908554572 0.02182890855457227
1 0.12271386430678466 0.8100294985250738 0.03185840707964602 0.016519174041297935
