0 0.23156342182890854 0.17315634218289086 0.0584070796460177 0.0808259587020649
0 0.3625368731563422 0.1410029498525074 0.1079646017699115 0.06607669616519174
0 0.5224188790560472 0.13569321533923304 0.13392330383480827 0.08731563421828908
0 0.6486725663716814 0.10914454277286136 0.04424778761061947 0.04247787610619469
0 0.7935103244837758 0.15781710914454278 0.06843657817109144 0.11032448377581121
1 0.8967551622418879 0.12035398230088495 0.03893805309734513 0.03303834808259587
0 0.8766961651917404 0.2778761061946903 0.04365781710914454 0.07787610619469026
1 0.7640117994100295 0.27079646017699116 0.0471976401179941 0.03185840707964602
0 0.664306784660767 0.2646017699115044 0.08023598820058997 0.0359882005899705
1 0.49734513274336284 0.2814159292035398 0.04129793510324484 0.03303834808259587
0 0.3430678466076696 0.25722713864306784 0.09262536873156342 0.06607669616519174
0 0.23067846607669618 0.2407079646017699 0.10383480825958702 0.05073746312684366
0 0.22005899705014748 0.4271386430678466 0.040117994100294985 0.044837758112094395
0 0.33244837758112095 0.4616519174041298 0.11504424778761062 0.05486725663716814
1 0.49734513274336284 0.39764011799410026 0.05191740412979351 0.040117994100294985
0 0.6227138643067847 0.4551622418879056 0.07492625368731563 0.14926253687315633
0 0.7268436578171091 0.41474926253687316 0.09321533923303835 0.07669616519174041
0 0.887905604719764 0.4648967551622419 0.04601769911504425 0.03775811209439528
0 0.21976401179941002 0.5530973451327433 0.03008849557522124 0.05014749262536873
0 0.3380530973451327 0.5578171091445427 0.10265486725663717 0.11386430678466077
0 0.4631268436578171 0.5188790560471976 0.044837758112094395 0.04188790560471976
0 0.5761061946902655 0.6047197640117994 0.11622418879056047 0.07551622418879056
0 0.6737463126843658 0.6221238938053097 0.07315634218289085 0.1398230088495575
0 0.8507374631268436 0.5876106194690265 0.035398230088495575 0.0471976401179941
1 0.8315634218289085 0.6896755162241888 0.04188790560471976 0.04129793510324484
0 0.22654867256637168 0.6705014749262537 0.12271386430678466 0.10206489675516224
0 0.31209439528023597 0.6755162241887905 0.05545722713864307 0.05191740412979351
0 0.45634218289085543 0.667551622418879 0.07728613569321534 0.07846607669616519
0 0.5628318584070796 0.756047197640118 0.12861356932153392 0.11740412979351032
0 0.7247787610619469 0.7286135693215339 0.03008849557522124 0.03893805309734513
1 0.7277286135693215 0.7707964601769911 0.024188790560471976 0.03716814159292035
0 0.883480825958702 0.8097345132743363 0.05958702064896755 0.07020648967551622
0 0.6100294985250737 0.8451327433628318 0.12271386430678466 0.1327433628318584
0 0.4551622418879056 0.8407079646017699 0.07846607669616519 0.13097345132743363
0 0.3433628318584071 0.7799410029498525 0.05073746312684366 0.08495575221238938
0 0.231858407079646 0.7805309734513274 0.1710914454277286 0.06135693215339233
