1 0.06312684365781711 0.1430678466076696 0.029498525073746312 0.01592920353982301
1 0.24041297935103245 0.1383480825958702 0.033628318584070796 0.01710914454277286
1 0.3775811209439528 0.1398230088495575 0.03185840707964602 0.021238938053097345
1 0.5507374631268437 0.1215339233038348 0.027728613569321534 0.021238938053097345
1 0.7023598820058997 0.11622418879056047 0.03126843657817109 0.024778761061946902
1 0.8687315634218289 0.10530973451327433 0.028908554572271386 0.02654867256637168
1 0.8775811209439528 0.2749262536873156 0.0359882005899705 0.016519174041297935
1 0.7 0.28348082595870205 0.03480825958702065 0.02064896755162242
1 0.5460176991150443 0.2973451327433628 0.0359882005899705 0.020058997050147492
1 0.38495575221238937 0.3029498525073746 0.03480825958702065 0.02064896755162242
1 0.24365781710914453 0.2991150442477876 0.030678466076696165 0.016519174041297935
1 0.07138643067846608 0.2976401179941003 0.03421828908554572 0.018289085545722714
1 0.06283185840707964 0.4474926253687316 0.03126843657817109 0.02182890855457227
1 0.2392330383480826 0.4469026548672566 0.03480825958702065 0.018289085545722714
1 0.39144542772861357 0.44483775811209436 0.028908554572271386 0.024778761061946902
1 0.5525073746312684 0.4430678466076696 0.028908554572271386 0.02359882005899705
1 0.7135693215339233 0.4392330383480826 0.03126843657817109 0.01592920353982301
1 0.8758112094395281 0.43805309734513276 0.027728613569321534 0.019469026548672566
1 0.8728613569321534 0.5823008849557522 0.02536873156342183 0.025958702064896755
1 0.7147492625368731 0.5769911504424778 0.028908554572271386 0.017699115044247787
1 0.5519174041297935 0.5772861356932153 0.03008849557522124 0.02064896755162242
1 0.39469026548672564 0.5787610619469027 0.030678466076696165 0.021238938053097345
1 0.25132743362831855 0.5876106194690265 0.025958702064896755 0.017699115044247787
1 0.06460176991150443 0.5982300884955752 0.027728613569321534 0.015339233038348082
1 0.06430678466076696 0.719174041297935 0.03303834808259587 0.021238938053097345
1 0.24218289085545722 0.7156342182890856 0.033628318584070796 0.022418879056047197
1 0.3958702064896755 0.7061946902654868 0.03185840707964602 0.021238938053097345
1 0.552212389380531 0.7008849557522123 0.030678466076696165 0.021238938053097345
1 0.7067846607669617 0.699410029498525 0.03303834808259587 0.024188790560471976
1 0.8811209439528024 0.7138643067846607 0.03480825958702065 0.020058997050147492
1 0.8811209439528024 0.8749262536873156 0.03008849557522124 0.022418879056047197
1 0.7224188790560472 0.8557522123893805 0.03126843657817109 0.02182890855457227
1 0.5557522123893806 0.8474926253687316 0.03303834808259587 0.02182890855457227
1 0.3958702064896755 0.8454277286135693 0.03185840707964602 0.015339233038348082
1 0.24188790560471976 0.8424778761061946 0.03421828908554572 0.016519174041297935
1 0.06519174041297934 0.8333333333333334 0.033628318584070796 0.01710914454277286
