0 0.10235988200589971 0.06814159292035399 0.0359882005899705 0.02654867256637168
0 0.20029498525073747 0.11474926253687315 0.02536873156342183 0.05132743362831858
0 0.3495575221238938 0.11445427728613569 0.03716814159292035 0.04365781710914454
1 0.5227138643067847 0.07374631268436578 0.03775811209439528 0.035398230088495575
1 0.7185840707964601 0.07935103244837757 0.04601769911504425 0.03952802359882006
1 0.8749262536873156 0.07846607669616519 0.03893805309734513 0.040117994100294985
1 0.8781710914454277 0.22654867256637168 0.028908554572271386 0.04129793510324484
0 0.7469026548672566 0.2182890855457227 0.04129793510324484 0.04247787610619469
1 0.5825958702064896 0.2563421828908555 0.038348082595870206 0.033628318584070796
0 0.3864306784660767 0.23303834808259588 0.03185840707964602 0.07315634218289085
0 0.24985250737463127 0.2365781710914454 0.028908554572271386 0.03303834808259587
1 0.07846607669616519 0.23244837758112094 0.024778761061946902 0.03185840707964602
0 0.034513274336283185 0.4359882005899705 0.027728613569321534 0.0743362831858407
1 0.21327433628318584 0.41238938053097346 0.038348082595870206 0.029498525073746312
0 0.36047197640117995 0.40176991150442476 0.035398230088495575 0.04247787610619469
1 0.536283185840708 0.44483775811209436 0.04837758112094395 0.049557522123893805
1 0.736283185840708 0.3958702064896755 0.040117994100294985 0.0471976401179941
0 0.8790560471976401 0.43864306784660767 0.07079646017699115 0.0359882005899705
1 0.9005899705014749 0.5825958702064896 0.03952802359882006 0.04188790560471976
1 0.7436578171091446 0.5808259587020649 0.02536873156342183 0.04542772861356932
1 0.543952802359882 0.6359882005899705 0.04601769911504425 0.027138643067846607
0 0.21887905604719765 0.5831858407079646 0.04129793510324484 0.03008849557522124
0 0.0663716814159292 0.5846607669616519 0.028908554572271386 0.03893805309734513
0 0.03215339233038348 0.7044247787610619 0.038348082595870206 0.04365781710914454
0 0.4952802359882006 0.6846607669616519 0.033628318584070796 0.04660766961651917
0 0.27551622418879057 0.7525073746312684 0.04837758112094395 0.04188790560471976
1 0.39764011799410026 0.7569321533923303 0.02359882005899705 0.03421828908554572
1 0.7418879056047197 0.7421828908554572 0.03480825958702065 0.05191740412979351
1 0.8979351032448377 0.7153392330383481 0.03421828908554572 0.028908554572271386
1 0.5820058997050147 0.796165191740413 0.04660766961651917 0.05014749262536873
0 0.9011799410029498 0.9017699115044248 0.04660766961651917 0.04896755162241888
0 0.7448377581120944 0.9185840707964602 0.03480825958702065 0.05073746312684366
0 0.5374631268436578 0.9227138643067847 0.03303834808259587 0.03303834808259587
0 0.3817109144542773 0.8908554572271387 0.0471976401179941 0.03893805309734513
0 0.20589970501474925 0.8908554572271387 0.035398230088495575 0.03421828908554572
0 0.04631268436578171 0.8427728613569322 0.03480825958702065 0.032448377581120944
