1 0.10914454277286136 0.1056047197640118 0.03421828908554572 0.020058997050147492
1 0.2533923303834808 0.10206489675516224 0.033628318584070796 0.017699115044247787
1 0.3985250737463127 0.11002949852507374 0.033628318584070796 0.02536873156342183
1 0.5433628318584071 0.10825958702064897 0.03421828908554572 0.01710914454277286
1 0.7126843657817109 0.11622418879056047 0.035398230088495575 0.02359882005899705
1 0.8569321533923304 0.12477876106194691 0.03952802359882006 0.02064896755162242
1 0.8584070796460177 0.23392330383480825 0.035398230088495575 0.019469026548672566
1 0.7023598820058997 0.22772861356932153 0.038348082595870206 0.01887905604719764
1 0.5418879056047198 0.23215339233038348 0.0359882005899705 0.02182890855457227
1 0.39646017699115044 0.2294985250737463 0.03421828908554572 0.01887905604719764
1 0.24336283185840707 0.2303834808259587 0.027728613569321534 0.01710914454277286
1 0.12212389380530973 0.2294985250737463 0.025958702064896755 0.025958702064896755
1 0.12300884955752212 0.36607669616519173 0.033628318584070796 0.02654867256637168
1 0.2368731563421829 0.359882005899705 0.032448377581120944 0.020058997050147492
1 0.371976401179941 0.368141592920354 0.032448377581120944 0.022418879056047197
1 0.5454277286135694 0.3710914454277286 0.0359882005899705 0.01887905604719764
1 0.692330383480826 0.36519174041297936 0.03126843657817109 0.02359882005899705
1 0.8666666666666667 0.376401179941003 0.03303834808259587 0.020058997050147492
1 0.8545722713864307 0.49262536873156343 0.03716814159292035 0.017699115044247787
1 0.6964601769911505 0.49498525073746313 0.0359882005899705 0.021238938053097345
1 0.5486725663716814 0.49911504424778763 0.03657817109144543 0.022418879056047197
1 0.3710914454277286 0.5070796460176991 0.03303834808259587 0.02064896755162242
1 0.2345132743362832 0.5256637168141592 0.0359882005899705 0.021238938053097345
1 0.12212389380530973 0.5271386430678466 0.025958702064896755 0.02182890855457227
1 0.11445427728613569 0.6637168141592921 0.03657817109144543 0.020058997050147492
1 0.23303834808259588 0.6657817109144543 0.03185840707964602 0.02064896755162242
1 0.36666666666666664 0.6634218289085546 0.033628318584070796 0.02064896755162242
1 0.5303834808259587 0.6622418879056047 0.035398230088495575 0.018289085545722714
1 0.6926253687315634 0.6595870206489676 0.03421828908554572 0.022418879056047197
1 0.8530973451327434 0.663126843657817 0.04247787610619469 0.021238938053097345
1 0.8486725663716814 0.8129793510324483 0.033628318584070796 0.020058997050147492
1 0.6917404129793511 0.8047197640117993 0.032448377581120944 0.01415929203539823
1 0.5150442477876106 0.8150442477876106 0.03657817109144543 0.019469026548672566
1 0.37315634218289084 0.8147492625368732 0.03480825958702065 0.016519174041297935
1 0.23716814159292035 0.8091445427728613 0.035398230088495575 0.01710914454277286
1 0.12448377581120944 0.807669616519174 0.02831858407079646 0.021238938053097345
