0 0.140117994100295 0.07905604719764012 0.03480825958702065 0.03421828908554572
0 0.31887905604719763 0.061061946902654866 0.10324483775811209 0.04896755162241888
1 0.46017699115044247 0.12389380530973451 0.03185840707964602 0.035398230088495575
0 0.5973451327433629 0.06253687315634218 0.038348082595870206 0.07551622418879056
0 0.7365781710914454 0.056342182890855456 0.05132743362831858 0.06902654867256637
0 0.8861356932153392 0.0584070796460177 0.05663716814159292 0.08023598820058997
0 0.8793510324483775 0.2374631268436578 0.05604719764011799 0.0808259587020649
0 0.7522123893805309 0.1799410029498525 0.05545722713864307 0.05545722713864307
0 0.6185840707964602 0.1808259587020649 0.11622418879056047 0.061946902654867256
0 0.4654867256637168 0.25398230088495577 0.03303834808259587 0.052507374631268436
1 0.2920353982300885 0.22330383480825958 0.040117994100294985 0.05604719764011799
1 0.14513274336283186 0.2345132743362832 0.04247787610619469 0.03952802359882006
0 0.3112094395280236 0.37315634218289084 0.043067846607669616 0.0584070796460177
1 0.12979351032448377 0.38377581120943954 0.029498525073746312 0.04660766961651917
0 0.4569321533923304 0.3271386430678466 0.057227138643067846 0.05486725663716814
0 0.6383480825958702 0.347787610619469 0.05545722713864307 0.06312684365781711
0 0.7675516224188791 0.3174041297935103 0.04837758112094395 0.1168141592920354
0 0.8696165191740413 0.3126843657817109 0.049557522123893805 0.08141592920353982
0 0.8634218289085546 0.5312684365781711 0.0584070796460177 0.07492625368731563
0 0.7734513274336283 0.5504424778761062 0.05781710914454277 0.10737463126843658
0 0.6412979351032448 0.4646017699115044 0.054277286135693215 0.04660766961651917
0 0.4702064896755162 0.47050147492625366 0.054277286135693215 0.06902654867256637
0 0.30324483775811206 0.5156342182890855 0.04129793510324484 0.07787610619469026
0 0.14926253687315633 0.5132743362831859 0.04129793510324484 0.08023598820058997
0 0.1495575221238938 0.6345132743362831 0.04188790560471976 0.03716814159292035
0 0.315929203539823 0.6238938053097345 0.04542772861356932 0.057227138643067846
0 0.4831858407079646 0.6056047197640118 0.04365781710914454 0.05014749262536873
0 0.6303834808259587 0.6764011799410029 0.04542772861356932 0.0855457227138643
0 0.7867256637168142 0.6831858407079646 0.05368731563421829 0.10383480825958702
0 0.8737463126843658 0.6831858407079646 0.04247787610619469 0.14277286135693215
0 0.8592920353982301 0.8020648967551622 0.08790560471976401 0.033628318584070796
0 0.7740412979351032 0.8238938053097346 0.03185840707964602 0.09970501474926254
0 0.6306784660766962 0.7790560471976401 0.03303834808259587 0.07846607669616519
0 0.49675516224188787 0.7749262536873156 0.06017699115044248 0.0584070796460177
0 0.29557522123893804 0.8368731563421828 0.08023598820058997 0.06430678466076696
0 0.15250737463126843 0.8259587020648967 0.05486725663716814 0.058997050147492625
