0 0.12094395280235988 0.1303834808259587 0.0743362831858407 0.03893805309734513
0 0.2743362831858407 0.10383480825958702 0.03185840707964602 0.030678466076696165
0 0.3566371681415929 0.1607669616519174 0.03126843657817109 0.033628318584070796
0 0.5100294985250737 0.1200589970501475 0.03480825958702065 0.024188790560471976
0 0.7188790560471976 0.15427728613569322 0.0359882005899705 0.04070796460176991
0 0.8480825958702065 0.14690265486725662 0.04424778761061947 0.03775811209439528
0 0.8233038348082595 0.29646017699115046 0.07138643067846608 0.05604719764011799
0 0.7050147492625368 0.29233038348082596 0.049557522123893805 0.04070796460176991
1 0.5212389380530973 0.2584070796460177 0.057227138643067846 0.03185840707964602
1 0.26755162241887903 0.2657817109144543 0.03952802359882006 0.03480825958702065
0 0.15368731563421828 0.24188790560471976 0.052507374631268436 0.04129793510324484
0 0.17020648967551621 0.3831858407079646 0.07020648967551622 0.05132743362831858
0 0.29469026548672567 0.3734513274336283 0.06430678466076696 0.04365781710914454
0 0.39823008849557523 0.3233038348082596 0.06489675516224189 0.054277286135693215
0 0.47935103244837757 0.3746312684365782 0.05014749262536873 0.07079646017699115
0 0.5932153392330384 0.4117994100294985 0.07964601769911504 0.08613569321533923
1 0.7088495575221239 0.41327433628318583 0.05368731563421829 0.05368731563421829
0 0.8528023598820059 0.44277286135693217 0.032448377581120944 0.03480825958702065
0 0.8415929203539823 0.5831858407079646 0.061946902654867256 0.05014749262536873
1 0.6817109144542772 0.5492625368731563 0.05014749262536873 0.04247787610619469
0 0.5601769911504425 0.5353982300884955 0.04424778761061947 0.03716814159292035
0 0.41976401179941003 0.5424778761061947 0.06666666666666667 0.06430678466076696
0 0.29174041297935105 0.5244837758112094 0.05132743362831858 0.04129793510324484
0 0.15781710914454278 0.49734513274336284 0.04660766961651917 0.05191740412979351
0 0.15693215339233038 0.6522123893805309 0.04837758112094395 0.052507374631268436
0 0.23392330383480825 0.6587020648967552 0.04542772861356932 0.057227138643067846
0 0.4510324483775811 0.6920353982300885 0.05486725663716814 0.09793510324483776
0 0.5587020648967551 0.6946902654867256 0.03893805309734513 0.04896755162241888
1 0.6619469026548672 0.7353982300884956 0.05191740412979351 0.03480825958702065
1 0.7589970501474926 0.735693215339233 0.04896755162241888 0.0696165191740413
0 0.8619469026548673 0.824188790560472 0.06017699115044248 0.05073746312684366
0 0.7380530973451327 0.8115044247787611 0.06253687315634218 0.038348082595870206
1 0.5905604719764012 0.8651917404129793 0.03657817109144543 0.033628318584070796
0 0.39469026548672564 0.7707964601769911 0.07315634218289085 0.04424778761061947
0 0.3967551622418879 0.8383480825958702 0.052507374631268436 0.06371681415929203
0 0.17876106194690267 0.787905604719764 0.03893805309734513 0.03126843657817109
