0 0.15575221238938053 0.1855457227138643 0.04601769911504425 0.052507374631268436
0 0.2982300884955752 0.1607669616519174 0.0855457227138643 0.07020648967551622
0 0.49852507374631266 0.22861356932153393 0.06371681415929203 0.06430678466076696
0 0.6321533923303835 0.21799410029498525 0.03952802359882006 0.07964601769911504
0 0.7802359882005899 0.16843657817109145 0.03952802359882006 0.09970501474926254
0 0.8640117994100295 0.19174041297935102 0.0831858407079646 0.05191740412979351
0 0.8666666666666667 0.3286135693215339 0.05781710914454277 0.17699115044247787
0 0.7843657817109144 0.3058997050147493 0.057227138643067846 0.11032448377581121
0 0.6412979351032448 0.3106194690265487 0.06371681415929203 0.061946902654867256
0 0.1504424778761062 0.36666666666666664 0.035398230088495575 0.05486725663716814
0 0.31976401179941005 0.3693215339233038 0.04837758112094395 0.05545722713864307
0 0.49498525073746313 0.3985250737463127 0.03893805309734513 0.0584070796460177
0 0.8713864306784661 0.47935103244837757 0.03303834808259587 0.03952802359882006
0 0.7755162241887905 0.44896755162241886 0.04896755162241888 0.10029498525073746
0 0.6404129793510325 0.5345132743362832 0.05132743362831858 0.06017699115044248
0 0.47168141592920354 0.5300884955752212 0.05132743362831858 0.07374631268436578
0 0.3058997050147493 0.4823008849557522 0.03716814159292035 0.08908554572271386
0 0.15162241887905603 0.48731563421828905 0.03775811209439528 0.08023598820058997
0 0.13451327433628318 0.615339233038348 0.03421828908554572 0.05781710914454277
0 0.31091445427728615 0.6256637168141593 0.04837758112094395 0.05604719764011799
0 0.4542772861356932 0.675811209439528 0.06843657817109144 0.05958702064896755
0 0.6342182890855457 0.6368731563421829 0.05309734513274336 0.1079646017699115
0 0.7793510324483776 0.6941002949852507 0.05073746312684366 0.12566371681415928
0 0.8693215339233038 0.6870206489675517 0.04070796460176991 0.07374631268436578
0 0.8808259587020649 0.763716814159292 0.06371681415929203 0.0831858407079646
0 0.1421828908554572 0.7743362831858407 0.05545722713864307 0.05958702064896755
0 0.2973451327433628 0.7728613569321534 0.05073746312684366 0.05309734513274336
0 0.4684365781710914 0.7457227138643068 0.071976401179941 0.06489675516224189
0 0.6418879056047198 0.8174041297935103 0.1392330383480826 0.03480825958702065
0 0.7539823008849558 0.8188790560471977 0.049557522123893805 0.058997050147492625
0 0.8825958702064897 0.9407079646017699 0.05545722713864307 0.10088495575221239
0 0.743952802359882 0.9415929203539823 0.06843657817109144 0.054277286135693215
0 0.5958702064896755 0.9235988200589971 0.05073746312684366 0.05604719764011799
1 0.463716814159292 0.8814159292035398 0.03303834808259587 0.03421828908554572
0 0.33067846607669615 0.9424778761061947 0.1327433628318584 0.04896755162241888
0 0.1457227138643068 0.8994100294985251 0.040117994100294985 0.03008849557522124
