1 0.140117994100295 0.1271386430678466 0.0359882005899705 0.01710914454277286
1 0.287905604719764 0.11415929203539824 0.03303834808259587 0.01710914454277286
1 0.4584070796460177 0.10884955752212389 0.035398230088495575 0.01592920353982301
1 0.6023598820058997 0.10855457227138643 0.03185840707964602 0.016519174041297935
1 0.7457227138643068 0.10471976401179942 0.03185840707964602 0.018289085545722714
1 0.8920353982300885 0.10442477876106195 0.03893805309734513 0.021238938053097345
1 0.8775811209439528 0.22861356932153393 0.03008849557522124 0.019469026548672566
1 0.7539823008849558 0.22920353982300884 0.03185840707964602 0.02182890855457227
1 0.6032448377581121 0.22861356932153393 0.032448377581120944 0.02182890855457227
1 0.4581120943952802 0.23008849557522124 0.032448377581120944 0.016519174041297935
1 0.29793510324483774 0.2294985250737463 0.03893805309734513 0.021238938053097345
1 0.13952802359882005 0.2336283185840708 0.028908554572271386 0.017699115044247787
1 0.1327433628318584 0.375811209439528 0.03657817109144543 0.020058997050147492
1 0.31150442477876106 0.3648967551622419 0.03303834808259587 0.02182890855457227
1 0.4533923303834808 0.3693215339233038 0.03126843657817109 0.02359882005899705
1 0.6277286135693215 0.368141592920354 0.03421828908554572 0.022418879056047197
1 0.7622418879056048 0.3616519174041298 0.03303834808259587 0.020058997050147492
1 0.8769911504424779 0.3663716814159292 0.03126843657817109 0.022418879056047197
1 0.8784660766961652 0.5265486725663717 0.024778761061946902 0.023008849557522124
1 0.7646017699115044 0.5256637168141592 0.03185840707964602 0.021238938053097345
1 0.6286135693215339 0.5056047197640118 0.03480825958702065 0.021238938053097345
1 0.45132743362831856 0.4988200589970501 0.03421828908554572 0.02182890855457227
1 0.3014749262536873 0.4946902654867257 0.03657817109144543 0.023008849557522124
1 0.143952802359882 0.49203539823008846 0.03303834808259587 0.017699115044247787
1 0.14513274336283186 0.6622418879056047 0.040117994100294985 0.02064896755162242
1 0.3088495575221239 0.6595870206489676 0.038348082595870206 0.016519174041297935
1 0.4702064896755162 0.6587020648967552 0.03303834808259587 0.019469026548672566
1 0.6336283185840708 0.6628318584070796 0.03421828908554572 0.019469026548672566
1 0.7678466076696165 0.6690265486725664 0.033628318584070796 0.016519174041297935
1 0.8855457227138643 0.6634218289085546 0.03185840707964602 0.02064896755162242
1 0.8775811209439528 0.8100294985250738 0.027728613569321534 0.017699115044247787
1 0.7640117994100295 0.8079646017699115 0.03185840707964602 0.01710914454277286
1 0.6286135693215339 0.8150442477876106 0.03480825958702065 0.019469026548672566
1 0.4861356932153392 0.8117994100294985 0.03657817109144543 0.02359882005899705
1 0.30914454277286135 0.8047197640117993 0.035398230088495575 0.015339233038348082
1 0.1504424778761062 0.8115044247787611 0.03657817109144543 0.01710914454277286
