1 0.058997050147492625 0.1463126843657817 0.02831858407079646 0.016519174041297935
1 0.17256637168141592 0.1870206489675516 0.028908554572271386 0.027138643067846607
0 0.356047197640118 0.1710914454277286 0.02182890855457227 0.04247787610619469
1 0.51976401179941 0.1398230088495575 0.030678466076696165 0.029498525073746312
1 0.7 0.11887905604719765 0.03480825958702065 0.032448377581120944
1 0.8492625368731563 0.0831858407079646 0.03126843657817109 0.030678466076696165
1 0.8716814159292036 0.30619469026548674 0.032448377581120944 0.029498525073746312
0 0.6634218289085546 0.30501474926253686 0.02064896755162242 0.0471976401179941
0 0.543952802359882 0.2837758112094395 0.03421828908554572 0.029498525073746312
1 0.37138643067846605 0.3333333333333333 0.03126843657817109 0.03185840707964602
0 0.22005899705014748 0.335693215339233 0.02831858407079646 0.03657817109144543
1 0.06814159292035399 0.315929203539823 0.02654867256637168 0.027728613569321534
1 0.0607669616519174 0.4533923303834808 0.024778761061946902 0.028908554572271386
0 0.22507374631268437 0.4324483775811209 0.023008849557522124 0.04129793510324484
0 0.37079646017699114 0.4589970501474926 0.018289085545722714 0.03893805309734513
1 0.547787610619469 0.4433628318584071 0.02654867256637168 0.02536873156342183
1 0.7097345132743362 0.4377581120943953 0.02359882005899705 0.022418879056047197
0 0.8622418879056047 0.4648967551622419 0.027728613569321534 0.035398230088495575
0 0.8572271386430679 0.5584070796460177 0.03421828908554572 0.038348082595870206
0 0.7047197640117994 0.5976401179941003 0.028908554572271386 0.03893805309734513
1 0.5486725663716814 0.5784660766961652 0.02831858407079646 0.02064896755162242
1 0.38997050147492623 0.5823008849557522 0.02831858407079646 0.022418879056047197
1 0.24837758112094394 0.5929203539823009 0.03303834808259587 0.017699115044247787
1 0.061946902654867256 0.5890855457227139 0.03185840707964602 0.019469026548672566
0 0.07640117994100296 0.7008849557522123 0.03126843657817109 0.030678466076696165
1 0.25781710914454276 0.6982300884955752 0.03775811209439528 0.024188790560471976
0 0.3896755162241888 0.7182890855457227 0.033628318584070796 0.02654867256637168
0 0.5424778761061947 0.7115044247787611 0.0359882005899705 0.035398230088495575
0 0.707669616519174 0.7106194690265487 0.027728613569321534 0.02654867256637168
1 0.8678466076696165 0.7073746312684366 0.020058997050147492 0.03303834808259587
0 0.8911504424778761 0.8790560471976401 0.032448377581120944 0.03657817109144543
0 0.7020648967551623 0.8610619469026548 0.030678466076696165 0.04070796460176991
0 0.5474926253687316 0.8713864306784661 0.03421828908554572 0.03421828908554572
0 0.4103244837758112 0.8109144542772861 0.033628318584070796 0.027728613569321534
0 0.2545722713864307 0.831858407079646 0.028908554572271386 0.03421828908554572
1 0.0705014749262537 0.8309734513274336 0.033628318584070796 0.032448377581120944
