0 0.115929203539823 0.05781710914454277 0.05604719764011799 0.08141592920353982
0 0.2654867256637168 0.05398230088495575 0.04601769911504425 0.07020648967551622
0 0.4056047197640118 0.06401179941002949 0.04424778761061947 0.07610619469026549
0 0.5368731563421829 0.12094395280235988 0.03303834808259587 0.03421828908554572
0 0.6828908554572272 0.06135693215339233 0.11858407079646018 0.054277286135693215
0 0.856637168141593 0.08053097345132743 0.04129793510324484 0.038348082595870206
0 0.8510324483775811 0.23864306784660766 0.04660766961651917 0.03716814159292035
0 0.7073746312684366 0.231858407079646 0.035398230088495575 0.04601769911504425
0 0.5377581120943953 0.2557522123893805 0.03716814159292035 0.05604719764011799
0 0.38141592920353984 0.17787610619469027 0.10914454277286136 0.07256637168141593
0 0.24601769911504423 0.18495575221238938 0.04837758112094395 0.052507374631268436
0 0.12123893805309735 0.2365781710914454 0.05958702064896755 0.08023598820058997
0 0.12654867256637167 0.3141592920353982 0.038348082595870206 0.08436578171091445
0 0.2271386430678466 0.31504424778761064 0.0471976401179941 0.10501474926253687
0 0.36194690265486723 0.34100294985250734 0.0584070796460177 0.06017699115044248
0 0.5457227138643068 0.3262536873156342 0.06725663716814159 0.054277286135693215
0 0.6893805309734513 0.3743362831858407 0.043067846607669616 0.05604719764011799
1 0.8678466076696165 0.3817109144542773 0.03303834808259587 0.04601769911504425
0 0.5300884955752212 0.4678466076696165 0.05958702064896755 0.06725663716814159
0 0.35752212389380533 0.4631268436578171 0.04601769911504425 0.03893805309734513
0 0.8474926253687316 0.5144542772861357 0.0359882005899705 0.07787610619469026
0 0.6935103244837758 0.5174041297935104 0.0359882005899705 0.08495575221238938
0 0.13628318584070798 0.5286135693215339 0.06017699115044248 0.07315634218289085
0 0.22359882005899706 0.5492625368731563 0.054277286135693215 0.0967551622418879
0 0.12684365781710916 0.684070796460177 0.04247787610619469 0.1374631268436578
0 0.2144542772861357 0.6870206489675517 0.05132743362831858 0.09616519174041298
0 0.3702064896755162 0.6737463126843658 0.04188790560471976 0.07905604719764012
0 0.5150442477876106 0.612094395280236 0.05191740412979351 0.05958702064896755
0 0.6834808259587021 0.6200589970501474 0.05014749262536873 0.05309734513274336
0 0.8507374631268436 0.6342182890855457 0.03775811209439528 0.03893805309734513
0 0.8445427728613569 0.8250737463126844 0.0584070796460177 0.06666666666666667
0 0.6997050147492625 0.8377581120943953 0.071976401179941 0.06017699115044248
0 0.5050147492625369 0.7740412979351032 0.06607669616519174 0.06607669616519174
0 0.3687315634218289 0.783480825958702 0.035398230088495575 0.06135693215339233
0 0.23008849557522124 0.8265486725663717 0.03185840707964602 0.09557522123893805
0 0.1407079646017699 0.8026548672566372 0.08436578171091445 0.03952802359882006
