0 0.15014749262536872 0.14926253687315633 0.038348082595870206 0.03185840707964602
0 0.279646017699115 0.15457227138643068 0.03185840707964602 0.03775811209439528
0 0.4882005899705015 0.12212389380530973 0.032448377581120944 0.029498525073746312
0 0.6427728613569321 0.16342182890855456 0.038348082595870206 0.03657817109144543
0 0.7271386430678466 0.10412979351032448 0.033628318584070796 0.033628318584070796
0 0.8766961651917404 0.12684365781710916 0.06489675516224189 0.04129793510324484
0 0.8451327433628318 0.2359882005899705 0.05486725663716814 0.04247787610619469
0 0.7303834808259587 0.2634218289085546 0.040117994100294985 0.027728613569321534
1 0.4772861356932153 0.2584070796460177 0.05663716814159292 0.03775811209439528
0 0.29174041297935105 0.2908554572271386 0.05486725663716814 0.03775811209439528
0 0.17404129793510326 0.2949852507374631 0.07079646017699115 0.06017699115044248
0 0.1486725663716814 0.4407079646017699 0.03303834808259587 0.03775811209439528
1 0.28938053097345134 0.412094395280236 0.04660766961651917 0.047787610619469026
0 0.40117994100294985 0.4103244837758112 0.0743362831858407 0.08200589970501475
0 0.5268436578171092 0.37374631268436576 0.04601769911504425 0.07138643067846608
0 0.6047197640117994 0.32035398230088497 0.06725663716814159 0.05545722713864307
0 0.7017699115044248 0.37256637168141593 0.06902654867256637 0.03952802359882006
0 0.8268436578171091 0.3846607669616519 0.07020648967551622 0.04837758112094395
0 0.840117994100295 0.49675516224188787 0.044837758112094395 0.04837758112094395
0 0.708259587020649 0.5206489675516224 0.043067846607669616 0.038348082595870206
0 0.5805309734513274 0.543952802359882 0.06489675516224189 0.06843657817109144
0 0.4383480825958702 0.5356932153392331 0.0471976401179941 0.03421828908554572
1 0.3209439528023599 0.5492625368731563 0.05073746312684366 0.04247787610619469
0 0.1584070796460177 0.5828908554572272 0.05958702064896755 0.05191740412979351
1 0.2368731563421829 0.736283185840708 0.05604719764011799 0.06371681415929203
1 0.3380530973451327 0.7359882005899705 0.044837758112094395 0.038348082595870206
0 0.4410029498525074 0.6958702064896755 0.04070796460176991 0.04660766961651917
0 0.5486725663716814 0.6932153392330384 0.05309734513274336 0.09557522123893805
0 0.764306784660767 0.6613569321533923 0.04896755162241888 0.05663716814159292
0 0.8430678466076696 0.6557522123893805 0.044837758112094395 0.052507374631268436
0 0.8171091445427728 0.7884955752212389 0.04129793510324484 0.03008849557522124
0 0.1398230088495575 0.8265486725663717 0.06017699115044248 0.04247787610619469
0 0.25958702064896755 0.8129793510324483 0.06843657817109144 0.03893805309734513
1 0.4112094395280236 0.863716814159292 0.03421828908554572 0.030678466076696165
0 0.6029498525073747 0.8392330383480826 0.054277286135693215 0.07020648967551622
0 0.6044247787610619 0.7678466076696165 0.07138643067846608 0.03716814159292035
