1 0.1135693215339233 0.1056047197640118 0.03480825958702065 0.016519174041297935
1 0.2569321533923304 0.10294985250737462 0.0359882005899705 0.01592920353982301
1 0.3997050147492625 0.10766961651917403 0.03480825958702065 0.02182890855457227
1 0.5421828908554572 0.10914454277286136 0.035398230088495575 0.01887905604719764
1 0.712094395280236 0.11710914454277285 0.03657817109144543 0.02536873156342183
1 0.8581120943952802 0.12477876106194691 0.0359882005899705 0.018289085545722714
1 0.859882005899705 0.2342182890855457 0.03480825958702065 0.020058997050147492
1 0.7041297935103245 0.22979351032448378 0.038348082595870206 0.02182890855457227
1 0.54070796460177 0.2303834808259587 0.04070796460176991 0.02064896755162242
1 0.39469026548672564 0.23067846607669618 0.035398230088495575 0.01887905604719764
1 0.24365781710914453 0.22743362831858407 0.029498525073746312 0.019469026548672566
1 0.12182890855457226 0.22743362831858407 0.038348082595870206 0.02182890855457227
1 0.1224188790560472 0.36755162241887906 0.032448377581120944 0.027138643067846607
1 0.23628318584070795 0.3607669616519174 0.0359882005899705 0.018289085545722714
1 0.37168141592920356 0.36696165191740415 0.03775811209439528 0.025958702064896755
1 0.5457227138643068 0.371976401179941 0.03303834808259587 0.018289085545722714
1 0.6896755162241888 0.3646017699115044 0.035398230088495575 0.02831858407079646
1 0.8646017699115044 0.37610619469026546 0.038348082595870206 0.023008849557522124
1 0.8557522123893805 0.4911504424778761 0.03716814159292035 0.023008849557522124
1 0.6982300884955752 0.49498525073746313 0.0359882005899705 0.02359882005899705
1 0.5463126843657817 0.49911504424778763 0.03303834808259587 0.022418879056047197
1 0.37079646017699114 0.5061946902654867 0.033628318584070796 0.022418879056047197
1 0.23480825958702065 0.524188790560472 0.029498525073746312 0.02064896755162242
1 0.12212389380530973 0.5259587020648967 0.029498525073746312 0.032448377581120944
1 0.11533923303834809 0.6637168141592921 0.027728613569321534 0.02359882005899705
1 0.23303834808259588 0.668141592920354 0.03303834808259587 0.01592920353982301
1 0.36607669616519173 0.6640117994100295 0.033628318584070796 0.02182890855457227
1 0.531858407079646 0.6622418879056047 0.03480825958702065 0.01710914454277286
1 0.6917404129793511 0.6595870206489676 0.033628318584070796 0.015339233038348082
1 0.8563421828908554 0.6601769911504425 0.04070796460176991 0.02359882005899705
1 0.8495575221238938 0.8109144542772861 0.03421828908554572 0.02064896755162242
1 0.6914454277286135 0.8047197640117993 0.03303834808259587 0.015339233038348082
1 0.5162241887905604 0.8156342182890856 0.03775811209439528 0.018289085545722714
1 0.37138643067846605 0.8138643067846607 0.0359882005899705 0.019469026548672566
1 0.2383480825958702 0.8097345132743363 0.030678466076696165 0.01592920353982301
1 0.12330383480825959 0.8061946902654867 0.025958702064896755 0.019469026548672566
