1 0.11179941002949853 0.10176991150442477 0.043067846607669616 0.02654867256637168
1 0.259882005899705 0.10383480825958702 0.04188790560471976 0.021238938053097345
1 0.4002949852507375 0.10648967551622418 0.033628318584070796 0.018289085545722714
1 0.543952802359882 0.10471976401179942 0.03893805309734513 0.019469026548672566
1 0.7126843657817109 0.11622418879056047 0.03893805309734513 0.020058997050147492
1 0.8587020648967552 0.12507374631268436 0.03480825958702065 0.020058997050147492
1 0.8601769911504424 0.2351032448377581 0.04247787610619469 0.019469026548672566
1 0.7035398230088495 0.22861356932153393 0.0359882005899705 0.01710914454277286
1 0.5433628318584071 0.23008849557522124 0.03421828908554572 0.020058997050147492
1 0.39469026548672564 0.22743362831858407 0.03303834808259587 0.018289085545722714
1 0.24277286135693216 0.23008849557522124 0.03008849557522124 0.017699115044247787
1 0.12271386430678466 0.2294985250737463 0.03185840707964602 0.025958702064896755
1 0.12536873156342182 0.36843657817109143 0.0359882005899705 0.02182890855457227
1 0.2377581120943953 0.3601769911504425 0.03421828908554572 0.019469026548672566
1 0.36991150442477877 0.3702064896755162 0.03185840707964602 0.018289085545722714
1 0.5471976401179941 0.3710914454277286 0.03480825958702065 0.020058997050147492
1 0.6896755162241888 0.3646017699115044 0.035398230088495575 0.021238938053097345
1 0.8660766961651918 0.3781710914454277 0.035398230088495575 0.020058997050147492
1 0.8584070796460177 0.4902654867256637 0.03775811209439528 0.022418879056047197
1 0.6997050147492625 0.49380530973451325 0.03893805309734513 0.021238938053097345
1 0.5448377581120943 0.5005899705014749 0.03126843657817109 0.019469026548672566
1 0.3693215339233038 0.5073746312684366 0.03185840707964602 0.017699115044247787
1 0.2351032448377581 0.5259587020648967 0.03480825958702065 0.024188790560471976
1 0.11710914454277285 0.523598820058997 0.03008849557522124 0.03126843657817109
1 0.1135693215339233 0.663126843657817 0.03480825958702065 0.017699115044247787
1 0.23333333333333334 0.6693215339233038 0.027728613569321534 0.018289085545722714
1 0.36607669616519173 0.6637168141592921 0.033628318584070796 0.02359882005899705
1 0.5283185840707965 0.6628318584070796 0.03480825958702065 0.02182890855457227
1 0.6908554572271386 0.6619469026548672 0.03421828908554572 0.024778761061946902
1 0.8539823008849557 0.6622418879056047 0.033628318584070796 0.02654867256637168
1 0.8486725663716814 0.8106194690265487 0.032448377581120944 0.021238938053097345
1 0.6902654867256637 0.800589970501475 0.025958702064896755 0.020058997050147492
1 0.5135693215339233 0.8126843657817109 0.03952802359882006 0.024188790560471976
1 0.37168141592920356 0.8156342182890856 0.035398230088495575 0.01592920353982301
1 0.23893805309734512 0.8106194690265487 0.03657817109144543 0.01415929203539823
1 0.12389380530973451 0.8085545722713864 0.029498525073746312 0.014749262536873156
