0 0.10442477876106195 0.11799410029498525 0.040117994100294985 0.03657817109144543
0 0.20442477876106194 0.15870206489675515 0.07138643067846608 0.08849557522123894
0 0.3495575221238938 0.1079646017699115 0.03716814159292035 0.044837758112094395
0 0.48348082595870207 0.13126843657817108 0.12566371681415928 0.0831858407079646
0 0.6324483775811209 0.14277286135693215 0.07669616519174041 0.09911504424778761
0 0.7675516224188791 0.1687315634218289 0.06253687315634218 0.09085545722713864
0 0.7870206489675516 0.23893805309734512 0.12861356932153392 0.040117994100294985
0 0.6575221238938053 0.25663716814159293 0.09144542772861357 0.06371681415929203
1 0.5011799410029498 0.2766961651917404 0.03716814159292035 0.04247787610619469
0 0.3392330383480826 0.2640117994100295 0.071976401179941 0.03126843657817109
1 0.23156342182890854 0.2687315634218289 0.04188790560471976 0.027728613569321534
0 0.115929203539823 0.2761061946902655 0.047787610619469026 0.06607669616519174
1 0.10943952802359883 0.45958702064896756 0.038348082595870206 0.035398230088495575
0 0.2646017699115044 0.4109144542772861 0.09616519174041298 0.061946902654867256
0 0.3781710914454277 0.452212389380531 0.06843657817109144 0.1433628318584071
1 0.5014749262536873 0.39557522123893807 0.05191740412979351 0.043067846607669616
0 0.6722713864306784 0.459882005899705 0.10088495575221239 0.05604719764011799
0 0.7781710914454277 0.424188790560472 0.03775811209439528 0.04365781710914454
0 0.7799410029498525 0.5530973451327433 0.03303834808259587 0.04896755162241888
0 0.6572271386430678 0.5722713864306784 0.11327433628318584 0.10147492625368731
0 0.5348082595870206 0.5206489675516224 0.05132743362831858 0.04424778761061947
0 0.4126843657817109 0.6047197640117994 0.10914454277286136 0.07551622418879056
0 0.3070796460176991 0.6138643067846608 0.08672566371681416 0.15162241887905603
0 0.14690265486725662 0.5985250737463127 0.03775811209439528 0.04070796460176991
1 0.15250737463126843 0.6693215339233038 0.04070796460176991 0.04896755162241888
0 0.27168141592920353 0.727433628318584 0.033628318584070796 0.040117994100294985
0 0.5404129793510324 0.6690265486725664 0.06371681415929203 0.06371681415929203
0 0.10914454277286136 0.8221238938053097 0.03775811209439528 0.08790560471976401
1 0.2545722713864307 0.8380530973451328 0.033628318584070796 0.02654867256637168
0 0.38436578171091446 0.851622418879056 0.12802359882005898 0.11032448377581121
0 0.43097345132743364 0.7651917404129793 0.11504424778761062 0.11327433628318584
0 0.5528023598820059 0.8427728613569322 0.05781710914454277 0.1056047197640118
0 0.6852507374631268 0.6749262536873156 0.05014749262536873 0.05191740412979351
0 0.6522123893805309 0.7896755162241887 0.04896755162241888 0.07256637168141593
0 0.771976401179941 0.8008849557522124 0.15870206489675515 0.06312684365781711
0 0.7669616519174041 0.667551622418879 0.13097345132743363 0.1079646017699115
