1 0.1 0.15073746312684366 0.028908554572271386 0.02182890855457227
1 0.21976401179941002 0.14985250737463127 0.033628318584070796 0.017699115044247787
1 0.363716814159292 0.1471976401179941 0.02536873156342183 0.028908554572271386
1 0.5271386430678466 0.14454277286135692 0.03716814159292035 0.022418879056047197
1 0.6775811209439528 0.13569321533923304 0.03008849557522124 0.024778761061946902
1 0.840117994100295 0.12123893805309735 0.035398230088495575 0.02536873156342183
1 0.8412979351032448 0.3595870206489675 0.03303834808259587 0.02064896755162242
1 0.6781710914454278 0.3466076696165192 0.038348082595870206 0.03008849557522124
1 0.512684365781711 0.3519174041297935 0.029498525073746312 0.02064896755162242
1 0.371976401179941 0.32448377581120946 0.03126843657817109 0.020058997050147492
1 0.21533923303834807 0.32949852507374633 0.03421828908554572 0.02182890855457227
1 0.0976401179941003 0.3368731563421829 0.03126843657817109 0.01887905604719764
1 0.08702064896755163 0.47286135693215336 0.028908554572271386 0.02536873156342183
1 0.23303834808259588 0.4713864306784661 0.029498525073746312 0.022418879056047197
1 0.38082595870206487 0.49970501474926254 0.027728613569321534 0.02359882005899705
1 0.5342182890855457 0.5227138643067847 0.03008849557522124 0.01887905604719764
1 0.6849557522123894 0.5135693215339233 0.03303834808259587 0.023008849557522124
1 0.8398230088495575 0.5144542772861357 0.03126843657817109 0.024778761061946902
1 0.8477876106194691 0.6327433628318584 0.029498525073746312 0.013569321533923304
1 0.6864306784660766 0.6306784660766962 0.032448377581120944 0.020058997050147492
1 0.5268436578171092 0.6256637168141593 0.029498525073746312 0.019469026548672566
1 0.3828908554572271 0.6380530973451327 0.03657817109144543 0.02182890855457227
1 0.240117994100295 0.6209439528023599 0.029498525073746312 0.01710914454277286
1 0.0911504424778761 0.6147492625368731 0.03008849557522124 0.01887905604719764
1 0.09911504424778761 0.7634218289085546 0.029498525073746312 0.017699115044247787
1 0.24513274336283186 0.763716814159292 0.02654867256637168 0.02182890855457227
1 0.39321533923303836 0.7660766961651917 0.028908554572271386 0.018289085545722714
1 0.5498525073746312 0.771976401179941 0.03421828908554572 0.02182890855457227
1 0.7008849557522123 0.775811209439528 0.03657817109144543 0.03303834808259587
1 0.8495575221238938 0.7811209439528024 0.027138643067846607 0.025958702064896755
1 0.8660766961651918 0.9020648967551622 0.030678466076696165 0.03185840707964602
1 0.707669616519174 0.9147492625368732 0.03008849557522124 0.03480825958702065
1 0.5619469026548672 0.9144542772861357 0.027728613569321534 0.022418879056047197
1 0.40530973451327434 0.911504424778761 0.027138643067846607 0.030678466076696165
1 0.2651917404129793 0.9035398230088495 0.03126843657817109 0.024188790560471976
1 0.10265486725663717 0.9038348082595871 0.03421828908554572 0.021238938053097345
