1 0.14188790560471976 0.09292035398230089 0.04188790560471976 0.0359882005899705
1 0.3005899705014749 0.1191740412979351 0.032448377581120944 0.024778761061946902
1 0.479646017699115 0.1424778761061947 0.035398230088495575 0.027728613569321534
0 0.6324483775811209 0.16135693215339234 0.025958702064896755 0.0359882005899705
1 0.8162241887905605 0.18348082595870208 0.0359882005899705 0.03303834808259587
1 0.9404129793510324 0.14690265486725662 0.025958702064896755 0.017699115044247787
1 0.12831858407079647 0.30737463126843656 0.03480825958702065 0.027138643067846607
0 0.33628318584070793 0.3070796460176991 0.025958702064896755 0.04542772861356932
0 0.45722713864306785 0.28761061946902655 0.03775811209439528 0.027728613569321534
1 0.6268436578171092 0.34277286135693213 0.03716814159292035 0.030678466076696165
0 0.7749262536873156 0.33185840707964603 0.03008849557522124 0.038348082595870206
0 0.9327433628318584 0.3106194690265487 0.027138643067846607 0.02654867256637168
1 0.9348082595870206 0.4575221238938053 0.02654867256637168 0.023008849557522124
0 0.7663716814159292 0.43480825958702063 0.02831858407079646 0.03775811209439528
0 0.6300884955752213 0.46342182890855455 0.022418879056047197 0.04070796460176991
1 0.4510324483775811 0.44129793510324483 0.03480825958702065 0.027138643067846607
1 0.2896755162241888 0.4365781710914454 0.029498525073746312 0.025958702064896755
0 0.13775811209439529 0.4666666666666667 0.03126843657817109 0.03303834808259587
0 0.1383480825958702 0.5572271386430678 0.02654867256637168 0.03480825958702065
1 0.2926253687315634 0.5961651917404129 0.03185840707964602 0.04660766961651917
1 0.44778761061946903 0.5781710914454277 0.030678466076696165 0.021238938053097345
1 0.6058997050147492 0.5823008849557522 0.03185840707964602 0.022418879056047197
1 0.7501474926253687 0.5893805309734513 0.027728613569321534 0.025958702064896755
0 0.9427728613569322 0.5967551622418878 0.029498525073746312 0.033628318584070796
1 0.9209439528023599 0.7073746312684366 0.03893805309734513 0.022418879056047197
1 0.7430678466076696 0.6949852507374631 0.03126843657817109 0.02359882005899705
1 0.603834808259587 0.7374631268436578 0.03126843657817109 0.02831858407079646
0 0.44424778761061945 0.663126843657817 0.03893805309734513 0.035398230088495575
1 0.2935103244837758 0.7011799410029499 0.033628318584070796 0.023008849557522124
1 0.13185840707964602 0.703834808259587 0.024188790560471976 0.03775811209439528
1 0.11474926253687315 0.8737463126843658 0.02182890855457227 0.03185840707964602
0 0.3056047197640118 0.859882005899705 0.021238938053097345 0.0359882005899705
0 0.4510324483775811 0.868141592920354 0.033628318584070796 0.04070796460176991
1 0.587905604719764 0.807669616519174 0.03126843657817109 0.027138643067846607
1 0.7407079646017699 0.8209439528023599 0.0359882005899705 0.032448377581120944
0 0.9294985250737463 0.8312684365781711 0.033628318584070796 0.03303834808259587
