0 0.1374631268436578 0.1463126843657817 0.09321533923303835 0.09911504424778761
0 0.3112094395280236 0.13156342182890857 0.12920353982300886 0.14277286135693215
0 0.5141592920353982 0.10884955752212389 0.07610619469026549 0.1504424778761062
0 0.6696165191740413 0.12536873156342182 0.08023598820058997 0.21651917404129795
0 0.8740412979351032 0.08584070796460178 0.14690265486725662 0.09262536873156342
0 0.7864306784660767 0.24867256637168142 0.20412979351032448 0.07610619469026549
0 0.6182890855457227 0.2471976401179941 0.06253687315634218 0.08849557522123894
0 0.523598820058997 0.2814159292035398 0.15398230088495574 0.05191740412979351
0 0.30678466076696165 0.2814159292035398 0.03657817109144543 0.040117994100294985
0 0.1495575221238938 0.3174041297935103 0.09262536873156342 0.049557522123893805
1 0.15132743362831858 0.3991150442477876 0.02064896755162242 0.038348082595870206
0 0.3268436578171091 0.4176991150442478 0.18761061946902655 0.08731563421828908
0 0.41002949852507375 0.45958702064896756 0.05663716814159292 0.12035398230088495
0 0.4737463126843658 0.4176991150442478 0.04837758112094395 0.03775811209439528
0 0.6053097345132743 0.39705014749262535 0.09085545722713864 0.19941002949852507
0 0.7669616519174041 0.4050147492625369 0.07315634218289085 0.04070796460176991
0 0.10855457227138643 0.5029498525073747 0.11327433628318584 0.0808259587020649
1 0.24749262536873157 0.5581120943952802 0.02536873156342183 0.03657817109144543
0 0.415929203539823 0.5412979351032449 0.09085545722713864 0.12448377581120944
1 0.5144542772861357 0.5179941002949853 0.04247787610619469 0.025958702064896755
0 0.6693215339233038 0.5634218289085545 0.03952802359882006 0.021238938053097345
0 0.7737463126843658 0.5525073746312684 0.0831858407079646 0.0359882005899705
0 0.7504424778761062 0.747197640117994 0.07079646017699115 0.16460176991150444
0 0.7460176991150442 0.699410029498525 0.04070796460176991 0.03716814159292035
0 0.6289085545722713 0.6896755162241888 0.09557522123893805 0.17463126843657817
0 0.5752212389380531 0.8029498525073746 0.10501474926253687 0.11445427728613569
0 0.10442477876106195 0.6519174041297935 0.09793510324483776 0.18053097345132743
1 0.24778761061946902 0.6790560471976401 0.03185840707964602 0.02831858407079646
0 0.3852507374631268 0.6557522123893805 0.04247787610619469 0.12094395280235988
0 0.09705014749262536 0.7784660766961652 0.09144542772861357 0.17050147492625367
0 0.19941002949852507 0.7970501474926254 0.07079646017699115 0.1392330383480826
0 0.503834808259587 0.6389380530973451 0.184070796460177 0.05545722713864307
0 0.4625368731563422 0.8082595870206489 0.03303834808259587 0.08495575221238938
1 0.3271386430678466 0.8053097345132744 0.028908554572271386 0.027138643067846607
