0 0.13805309734513274 0.1457227138643068 0.10501474926253687 0.10501474926253687
0 0.31150442477876106 0.13303834808259588 0.13569321533923304 0.14690265486725662
0 0.512684365781711 0.1056047197640118 0.0743362831858407 0.15811209439528023
0 0.6699115044247788 0.1200589970501475 0.06548672566371681 0.20825958702064895
0 0.8678466076696165 0.09262536873156342 0.1392330383480826 0.09557522123893805
0 0.6168141592920354 0.24631268436578171 0.05368731563421829 0.09262536873156342
0 0.5191740412979351 0.279646017699115 0.14513274336283186 0.05309734513274336
0 0.3041297935103245 0.28112094395280235 0.032448377581120944 0.0359882005899705
0 0.14749262536873156 0.3141592920353982 0.08849557522123894 0.04542772861356932
1 0.15339233038348082 0.3991150442477876 0.01887905604719764 0.03716814159292035
0 0.32536873156342183 0.41887905604719766 0.1799410029498525 0.0920353982300885
0 0.4126843657817109 0.46342182890855455 0.05368731563421829 0.11268436578171091
0 0.4749262536873156 0.41887905604719766 0.05309734513274336 0.04129793510324484
0 0.6053097345132743 0.39469026548672564 0.08613569321533923 0.1935103244837758
0 0.7699115044247787 0.40294985250737464 0.0743362831858407 0.04129793510324484
0 0.771386430678466 0.5513274336283186 0.07610619469026549 0.0359882005899705
0 0.11209439528023599 0.5017699115044247 0.10855457227138643 0.0831858407079646
0 0.41563421828908553 0.53952802359882 0.08790560471976401 0.1327433628318584
1 0.5147492625368731 0.5182890855457227 0.04660766961651917 0.02536873156342183
0 0.24749262536873157 0.5610619469026549 0.028908554572271386 0.030678466076696165
0 0.6775811209439528 0.5707964601769911 0.04542772861356932 0.03716814159292035
0 0.10471976401179942 0.6551622418879056 0.10088495575221239 0.17522123893805308
1 0.24660766961651917 0.6766961651917404 0.024778761061946902 0.030678466076696165
0 0.38348082595870203 0.6575221238938053 0.03893805309734513 0.12094395280235988
0 0.5020648967551622 0.6421828908554572 0.19233038348082596 0.05958702064896755
0 0.6315634218289086 0.6884955752212389 0.09970501474926254 0.1663716814159292
0 0.7421828908554572 0.748377581120944 0.071976401179941 0.16224188790560473
0 0.7519174041297935 0.7002949852507374 0.04896755162241888 0.044837758112094395
0 0.5784660766961652 0.8100294985250738 0.1056047197640118 0.10737463126843658
0 0.46017699115044247 0.8085545722713864 0.027138643067846607 0.07256637168141593
1 0.3297935103244838 0.8094395280235989 0.02359882005899705 0.03185840707964602
0 0.21091445427728614 0.7914454277286136 0.09380530973451327 0.1303834808259587
0 0.10117994100294986 0.7882005899705015 0.09026548672566372 0.16283185840707964
0 0.7814159292035399 0.23952802359882006 0.19410029498525072 0.09793510324483776
