0 0.2345132743362832 0.17492625368731562 0.061946902654867256 0.07846607669616519
0 0.363716814159292 0.14277286135693215 0.11150442477876106 0.06607669616519174
0 0.5194690265486726 0.140117994100295 0.12802359882005898 0.0808259587020649
0 0.6469026548672566 0.10884955752212389 0.04660766961651917 0.04542772861356932
0 0.7946902654867256 0.15870206489675515 0.071976401179941 0.10973451327433628
0 0.8952802359882006 0.1182890855457227 0.04424778761061947 0.03716814159292035
0 0.8793510324483775 0.27876106194690264 0.04424778761061947 0.07728613569321534
1 0.7660766961651917 0.26902654867256637 0.05132743362831858 0.035398230088495575
0 0.6613569321533923 0.26430678466076696 0.07669616519174041 0.03185840707964602
1 0.49734513274336284 0.2790560471976401 0.04129793510324484 0.03421828908554572
0 0.3445427728613569 0.25545722713864305 0.0943952802359882 0.0743362831858407
0 0.22861356932153393 0.24041297935103245 0.11032448377581121 0.05486725663716814
0 0.2191740412979351 0.42507374631268435 0.03480825958702065 0.04070796460176991
0 0.32890855457227136 0.46106194690265484 0.11032448377581121 0.05014749262536873
0 0.4943952802359882 0.39469026548672564 0.05309734513274336 0.03775811209439528
0 0.6238938053097345 0.45309734513274336 0.07610619469026549 0.1463126843657817
0 0.7359882005899705 0.41563421828908553 0.10678466076696165 0.06666666666666667
0 0.8887905604719764 0.4648967551622419 0.05486725663716814 0.03657817109144543
0 0.21651917404129795 0.556047197640118 0.03657817109144543 0.04896755162241888
0 0.335693215339233 0.5651917404129794 0.11799410029498525 0.12861356932153392
0 0.4666666666666667 0.5200589970501475 0.044837758112094395 0.043067846607669616
0 0.5778761061946902 0.6017699115044248 0.11976401179941003 0.071976401179941
0 0.6761061946902654 0.615929203539823 0.0696165191740413 0.1415929203539823
0 0.8539823008849557 0.5994100294985251 0.04070796460176991 0.05781710914454277
0 0.22566371681415928 0.6687315634218289 0.12330383480825959 0.09970501474926254
0 0.45634218289085543 0.667551622418879 0.07374631268436578 0.07964601769911504
0 0.31209439528023597 0.6769911504424778 0.05545722713864307 0.05368731563421829
0 0.5672566371681416 0.7628318584070797 0.1327433628318584 0.12507374631268436
0 0.231858407079646 0.7861356932153393 0.17463126843657817 0.07020648967551622
0 0.34601769911504426 0.7861356932153393 0.04424778761061947 0.09262536873156342
0 0.4584070796460177 0.8383480825958702 0.07905604719764012 0.13569321533923304
0 0.6126843657817109 0.8477876106194691 0.11858407079646018 0.12625368731563422
0 0.8887905604719764 0.8168141592920354 0.052507374631268436 0.09026548672566372
0 0.7247787610619469 0.7289085545722713 0.033628318584070796 0.04070796460176991
1 0.8321533923303834 0.6920353982300885 0.05014749262536873 0.04129793510324484
1 0.7294985250737464 0.771976401179941 0.03008849557522124 0.03952802359882006
