0 0.12477876106194691 0.07374631268436578 0.04896755162241888 0.03657817109144543
1 0.2814159292035398 0.07640117994100296 0.05309734513274336 0.061946902654867256
1 0.4775811209439528 0.07345132743362831 0.032448377581120944 0.03716814159292035
0 0.6495575221238938 0.11327433628318584 0.03657817109144543 0.054277286135693215
0 0.7970501474926254 0.11533923303834809 0.024778761061946902 0.05132743362831858
0 0.8985250737463126 0.06578171091445428 0.03775811209439528 0.032448377581120944
1 0.1327433628318584 0.23067846607669618 0.03893805309734513 0.0471976401179941
1 0.25545722713864305 0.21710914454277286 0.03893805309734513 0.03775811209439528
1 0.4191740412979351 0.25132743362831855 0.043067846607669616 0.03657817109144543
0 0.6106194690265486 0.2351032448377581 0.03185840707964602 0.07138643067846608
1 0.7460176991150442 0.23333333333333334 0.032448377581120944 0.03008849557522124
1 0.9171091445427728 0.23008849557522124 0.027728613569321534 0.03893805309734513
0 0.9666666666666667 0.4191740412979351 0.03952802359882006 0.05604719764011799
1 0.7846607669616519 0.41061946902654867 0.035398230088495575 0.022418879056047197
1 0.6410029498525074 0.4002949852507375 0.04542772861356932 0.03952802359882006
1 0.4625368731563422 0.44837758112094395 0.049557522123893805 0.040117994100294985
0 0.2634218289085546 0.3905604719764012 0.03480825958702065 0.03775811209439528
0 0.12064896755162241 0.4463126843657817 0.06548672566371681 0.04188790560471976
1 0.10088495575221239 0.571976401179941 0.04247787610619469 0.04424778761061947
1 0.2584070796460177 0.5787610619469027 0.025958702064896755 0.03775811209439528
1 0.45545722713864306 0.6365781710914454 0.04837758112094395 0.03421828908554572
1 0.6109144542772861 0.5713864306784661 0.0359882005899705 0.028908554572271386
0 0.7805309734513274 0.5834808259587021 0.044837758112094395 0.035398230088495575
0 0.931268436578171 0.5825958702064896 0.032448377581120944 0.03952802359882006
0 0.9646017699115044 0.7056047197640118 0.05073746312684366 0.04129793510324484
0 0.7392330383480826 0.7448377581120944 0.040117994100294985 0.03008849557522124
1 0.5967551622418878 0.7533923303834809 0.028908554572271386 0.029498525073746312
0 0.42212389380530974 0.7938053097345132 0.04424778761061947 0.047787610619469026
1 0.2575221238938053 0.7410029498525074 0.03952802359882006 0.05073746312684366
1 0.1056047197640118 0.7174041297935103 0.03303834808259587 0.02359882005899705
0 0.08761061946902654 0.9082595870206489 0.03008849557522124 0.04070796460176991
0 0.25545722713864305 0.9153392330383481 0.04247787610619469 0.04424778761061947
0 0.45870206489675514 0.9289085545722714 0.03480825958702065 0.028908554572271386
0 0.6135693215339233 0.8905604719764012 0.04247787610619469 0.04070796460176991
0 0.7952802359882005 0.891740412979351 0.035398230088495575 0.04070796460176991
1 0.9501474926253687 0.8433628318584071 0.0359882005899705 0.033628318584070796
