1 0.06401179941002949 0.14365781710914455 0.02654867256637168 0.02064896755162242
1 0.2448377581120944 0.14277286135693215 0.027138643067846607 0.025958702064896755
1 0.37728613569321534 0.1336283185840708 0.032448377581120944 0.01592920353982301
1 0.5542772861356932 0.12831858407079647 0.03126843657817109 0.028908554572271386
1 0.7044247787610619 0.11622418879056047 0.03303834808259587 0.02831858407079646
1 0.8761061946902655 0.10737463126843658 0.029498525073746312 0.022418879056047197
1 0.8784660766961652 0.2766961651917404 0.029498525073746312 0.022418879056047197
1 0.8749262536873156 0.4407079646017699 0.029498525073746312 0.025958702064896755
1 0.7020648967551623 0.279646017699115 0.03303834808259587 0.025958702064896755
1 0.5457227138643068 0.2949852507374631 0.035398230088495575 0.022418879056047197
1 0.3817109144542773 0.30442477876106194 0.025958702064896755 0.017699115044247787
1 0.243952802359882 0.2982300884955752 0.02536873156342183 0.02182890855457227
1 0.0705014749262537 0.3014749262536873 0.028908554572271386 0.015339233038348082
1 0.06312684365781711 0.44778761061946903 0.025958702064896755 0.016519174041297935
1 0.2383480825958702 0.4492625368731563 0.024778761061946902 0.023008849557522124
1 0.3896755162241888 0.4451327433628319 0.03008849557522124 0.02182890855457227
1 0.5507374631268437 0.4433628318584071 0.027728613569321534 0.02536873156342183
1 0.7126843657817109 0.44011799410029495 0.027138643067846607 0.015339233038348082
1 0.8702064896755162 0.5775811209439528 0.02831858407079646 0.027138643067846607
1 0.7106194690265487 0.5781710914454277 0.03008849557522124 0.021238938053097345
1 0.5507374631268437 0.5781710914454277 0.033628318584070796 0.022418879056047197
1 0.3926253687315634 0.5790560471976401 0.03480825958702065 0.02064896755162242
1 0.2519174041297935 0.5887905604719764 0.02831858407079646 0.020058997050147492
1 0.06342182890855458 0.5973451327433629 0.03008849557522124 0.023008849557522124
1 0.0696165191740413 0.7085545722713864 0.030678466076696165 0.022418879056047197
1 0.24631268436578171 0.7103244837758111 0.028908554572271386 0.024778761061946902
1 0.3905604719764012 0.7126843657817109 0.035398230088495575 0.022418879056047197
1 0.5557522123893806 0.6905604719764011 0.030678466076696165 0.028908554572271386
1 0.7056047197640118 0.7 0.030678466076696165 0.02064896755162242
1 0.8631268436578171 0.7073746312684366 0.021238938053097345 0.03657817109144543
1 0.8758112094395281 0.8693215339233038 0.019469026548672566 0.028908554572271386
1 0.7182890855457227 0.8398230088495575 0.03008849557522124 0.03008849557522124
1 0.5530973451327433 0.8454277286135693 0.03008849557522124 0.025958702064896755
1 0.41061946902654867 0.8256637168141593 0.03185840707964602 0.024188790560471976
1 0.23480825958702065 0.8339233038348083 0.021238938053097345 0.028908554572271386
1 0.07315634218289085 0.8377581120943953 0.03185840707964602 0.01887905604719764
