1 0.10117994100294986 0.1271386430678466 0.032448377581120944 0.02536873156342183
1 0.2303834808259587 0.143952802359882 0.02654867256637168 0.02831858407079646
1 0.3855457227138643 0.1454277286135693 0.02182890855457227 0.02536873156342183
1 0.5365781710914455 0.1430678466076696 0.03126843657817109 0.023008849557522124
1 0.692330383480826 0.14041297935103245 0.024188790560471976 0.03893805309734513
1 0.8480825958702065 0.12094395280235988 0.03480825958702065 0.015339233038348082
1 0.843952802359882 0.3613569321533923 0.03126843657817109 0.024188790560471976
1 0.6808259587020649 0.34513274336283184 0.03421828908554572 0.024778761061946902
1 0.5156342182890855 0.35103244837758113 0.029498525073746312 0.021238938053097345
1 0.3740412979351032 0.3230088495575221 0.03303834808259587 0.019469026548672566
1 0.21297935103244836 0.3309734513274336 0.03303834808259587 0.027138643067846607
1 0.09941002949852507 0.3333333333333333 0.028908554572271386 0.027138643067846607
1 0.08584070796460178 0.47227138643067845 0.02654867256637168 0.02064896755162242
1 0.23569321533923304 0.47168141592920354 0.03126843657817109 0.02182890855457227
1 0.3811209439528024 0.5008849557522124 0.030678466076696165 0.022418879056047197
1 0.5365781710914455 0.5203539823008849 0.033628318584070796 0.021238938053097345
1 0.6890855457227139 0.5094395280235988 0.029498525073746312 0.02182890855457227
1 0.8395280235988201 0.515929203539823 0.035398230088495575 0.023008849557522124
1 0.8492625368731563 0.6330383480825958 0.033628318584070796 0.022418879056047197
1 0.6858407079646017 0.6271386430678466 0.03716814159292035 0.022418879056047197
1 0.5286135693215339 0.6212389380530974 0.02831858407079646 0.025958702064896755
1 0.38495575221238937 0.6412979351032448 0.043067846607669616 0.029498525073746312
1 0.2415929203539823 0.6227138643067847 0.027728613569321534 0.02064896755162242
1 0.09705014749262536 0.615339233038348 0.032448377581120944 0.01887905604719764
1 0.10324483775811209 0.7610619469026548 0.03303834808259587 0.022418879056047197
1 0.24601769911504423 0.7654867256637168 0.029498525073746312 0.024188790560471976
1 0.39941002949852505 0.7684365781710915 0.03893805309734513 0.019469026548672566
1 0.5510324483775811 0.7716814159292036 0.03185840707964602 0.022418879056047197
1 0.7067846607669617 0.7752212389380531 0.03303834808259587 0.030678466076696165
1 0.8477876106194691 0.7817109144542773 0.02831858407079646 0.027138643067846607
1 0.8643067846607669 0.904424778761062 0.03303834808259587 0.021238938053097345
1 0.7073746312684366 0.9156342182890855 0.029498525073746312 0.029498525073746312
1 0.5628318584070796 0.9141592920353983 0.029498525073746312 0.024188790560471976
1 0.4067846607669616 0.9106194690265487 0.033628318584070796 0.023008849557522124
1 0.2657817109144543 0.8976401179941003 0.03008849557522124 0.018289085545722714
1 0.10471976401179942 0.9014749262536873 0.03480825958702065 0.01887905604719764
