1 0.06371681415929203 0.1430678466076696 0.03303834808259587 0.023008849557522124
1 0.23864306784660766 0.13775811209439529 0.03008849557522124 0.02536873156342183
1 0.3769911504424779 0.14129793510324484 0.03185840707964602 0.018289085545722714
1 0.5486725663716814 0.12359882005899706 0.02831858407079646 0.018289085545722714
1 0.7002949852507374 0.11651917404129794 0.03185840707964602 0.024188790560471976
1 0.8705014749262536 0.10707964601769912 0.02654867256637168 0.03008849557522124
1 0.8781710914454277 0.27699115044247785 0.03716814159292035 0.023008849557522124
1 0.7002949852507374 0.2831858407079646 0.02831858407079646 0.024778761061946902
1 0.5469026548672566 0.3 0.04129793510324484 0.024188790560471976
1 0.38495575221238937 0.30206489675516224 0.0359882005899705 0.022418879056047197
1 0.24454277286135692 0.2994100294985251 0.02654867256637168 0.018289085545722714
1 0.071976401179941 0.3 0.03303834808259587 0.018289085545722714
1 0.06460176991150443 0.4474926253687316 0.027728613569321534 0.014749262536873156
1 0.24188790560471976 0.44424778761061945 0.029498525073746312 0.02359882005899705
1 0.3905604719764012 0.4451327433628319 0.02831858407079646 0.024188790560471976
1 0.5507374631268437 0.4430678466076696 0.02654867256637168 0.025958702064896755
1 0.7135693215339233 0.44041297935103246 0.033628318584070796 0.019469026548672566
1 0.8749262536873156 0.44041297935103246 0.03303834808259587 0.02064896755162242
1 0.875221238938053 0.5831858407079646 0.02654867256637168 0.027728613569321534
1 0.7138643067846607 0.5755162241887906 0.029498525073746312 0.02064896755162242
1 0.5510324483775811 0.575811209439528 0.03185840707964602 0.021238938053097345
1 0.39469026548672564 0.5772861356932153 0.030678466076696165 0.02064896755162242
1 0.2510324483775811 0.588495575221239 0.028908554572271386 0.01710914454277286
1 0.06519174041297934 0.5982300884955752 0.03008849557522124 0.022418879056047197
1 0.06430678466076696 0.7206489675516224 0.035398230088495575 0.018289085545722714
1 0.24365781710914453 0.720353982300885 0.03303834808259587 0.027138643067846607
1 0.3926253687315634 0.7064896755162242 0.027728613569321534 0.01710914454277286
1 0.5498525073746312 0.7005899705014749 0.03303834808259587 0.02182890855457227
1 0.7073746312684366 0.699410029498525 0.03185840707964602 0.024188790560471976
1 0.8799410029498524 0.7147492625368731 0.0359882005899705 0.02064896755162242
1 0.879646017699115 0.876401179941003 0.029498525073746312 0.02654867256637168
1 0.7206489675516224 0.8557522123893805 0.032448377581120944 0.019469026548672566
1 0.5548672566371682 0.8480825958702065 0.03126843657817109 0.019469026548672566
1 0.3943952802359882 0.8471976401179941 0.028908554572271386 0.021238938053097345
1 0.24218289085545722 0.8424778761061946 0.032448377581120944 0.017699115044247787
1 0.06755162241887905 0.8336283185840708 0.03126843657817109 0.021238938053097345
