1 0.23333333333333334 0.1678466076696165 0.0607669616519174 0.07138643067846608
1 0.3687315634218289 0.1448377581120944 0.06843657817109144 0.09852507374631268
1 0.49616519174041296 0.140117994100295 0.07079646017699115 0.13392330383480827
1 0.6498525073746313 0.11061946902654868 0.04660766961651917 0.05132743362831858
1 0.7876106194690266 0.12536873156342182 0.09911504424778761 0.08200589970501475
1 0.8985250737463126 0.11651917404129794 0.04129793510324484 0.032448377581120944
1 0.8929203539823009 0.2743362831858407 0.05486725663716814 0.06843657817109144
1 0.7657817109144542 0.2669616519174041 0.0471976401179941 0.032448377581120944
0 0.615339233038348 0.2215339233038348 0.030678466076696165 0.06548672566371681
1 0.5002949852507375 0.2831858407079646 0.03657817109144543 0.04837758112094395
1 0.3112094395280236 0.31032448377581123 0.09498525073746313 0.07551622418879056
0 0.20383480825958702 0.2799410029498525 0.04188790560471976 0.12448377581120944
0 0.21327433628318584 0.42743362831858406 0.03480825958702065 0.04070796460176991
0 0.3106194690265487 0.4389380530973451 0.09970501474926254 0.0967551622418879
1 0.49675516224188787 0.39764011799410026 0.04837758112094395 0.0471976401179941
0 0.6188790560471976 0.4533923303834808 0.06135693215339233 0.1410029498525074
0 0.7351032448377581 0.40914454277286133 0.09911504424778761 0.06784660766961652
0 0.8958702064896755 0.43156342182890856 0.05014749262536873 0.06784660766961652
0 0.46430678466076697 0.5165191740412979 0.04365781710914454 0.03480825958702065
0 0.3415929203539823 0.556047197640118 0.1191740412979351 0.07728613569321534
0 0.22448377581120943 0.5525073746312684 0.043067846607669616 0.05132743362831858
0 0.22979351032448378 0.6707964601769911 0.11268436578171091 0.09793510324483776
0 0.3153392330383481 0.6761061946902654 0.04896755162241888 0.05191740412979351
0 0.4551622418879056 0.6637168141592921 0.07138643067846608 0.06489675516224189
0 0.591740412979351 0.6035398230088496 0.11209439528023599 0.071976401179941
0 0.7268436578171091 0.6209439528023599 0.09557522123893805 0.15870206489675515
0 0.8778761061946903 0.603834808259587 0.04365781710914454 0.04188790560471976
1 0.8997050147492626 0.7215339233038348 0.049557522123893805 0.03303834808259587
0 0.8914454277286136 0.8442477876106195 0.03657817109144543 0.12035398230088495
0 0.5690265486725664 0.7616519174041297 0.10914454277286136 0.1168141592920354
0 0.6156342182890855 0.8442477876106195 0.13156342182890857 0.10383480825958702
0 0.7371681415929203 0.7404129793510325 0.027728613569321534 0.03303834808259587
1 0.7436578171091446 0.8362831858407079 0.0359882005899705 0.019469026548672566
0 0.4410029498525074 0.8371681415929203 0.05486725663716814 0.10029498525073746
0 0.3463126843657817 0.7873156342182891 0.05073746312684366 0.07610619469026549
0 0.22448377581120943 0.7985250737463127 0.16696165191740414 0.06312684365781711
