1 0.06253687315634218 0.1424778761061947 0.027138643067846607 0.018289085545722714
1 0.2374631268436578 0.14601769911504425 0.027728613569321534 0.02654867256637168
1 0.3769911504424779 0.14454277286135692 0.029498525073746312 0.02359882005899705
1 0.5513274336283186 0.12448377581120944 0.027728613569321534 0.021238938053097345
1 0.7014749262536873 0.11415929203539824 0.03185840707964602 0.024188790560471976
1 0.8758112094395281 0.10973451327433628 0.033628318584070796 0.029498525073746312
1 0.8784660766961652 0.2743362831858407 0.040117994100294985 0.022418879056047197
1 0.7002949852507374 0.27935103244837756 0.030678466076696165 0.02536873156342183
1 0.5463126843657817 0.3005899705014749 0.03657817109144543 0.023008849557522124
1 0.38495575221238937 0.3023598820058997 0.032448377581120944 0.024188790560471976
1 0.24336283185840707 0.2973451327433628 0.027728613569321534 0.027138643067846607
1 0.06991150442477875 0.2991150442477876 0.03480825958702065 0.01415929203539823
1 0.06401179941002949 0.44896755162241886 0.02654867256637168 0.017699115044247787
1 0.2415929203539823 0.4445427728613569 0.032448377581120944 0.02064896755162242
1 0.39469026548672564 0.44601769911504424 0.029498525073746312 0.02359882005899705
1 0.5528023598820059 0.4410029498525074 0.030678466076696165 0.019469026548672566
1 0.7123893805309734 0.4377581120943953 0.02536873156342183 0.017699115044247787
1 0.8769911504424779 0.43716814159292033 0.03008849557522124 0.020058997050147492
1 0.06519174041297934 0.595575221238938 0.02536873156342183 0.024188790560471976
1 0.25132743362831855 0.5867256637168141 0.03185840707964602 0.02182890855457227
1 0.3952802359882006 0.5799410029498525 0.03421828908554572 0.01887905604719764
1 0.5501474926253688 0.5772861356932153 0.032448377581120944 0.019469026548672566
1 0.7150442477876107 0.58023598820059 0.02831858407079646 0.018289085545722714
1 0.8761061946902655 0.5805309734513274 0.03185840707964602 0.024778761061946902
1 0.8660766961651918 0.7053097345132743 0.020058997050147492 0.03008849557522124
1 0.7058997050147493 0.6985250737463127 0.03480825958702065 0.020058997050147492
1 0.5510324483775811 0.7014749262536873 0.025958702064896755 0.022418879056047197
1 0.3938053097345133 0.7064896755162242 0.03126843657817109 0.01592920353982301
1 0.2407079646017699 0.7188790560471976 0.035398230088495575 0.028908554572271386
1 0.06489675516224189 0.7227138643067846 0.03421828908554572 0.027138643067846607
1 0.06519174041297934 0.8324483775811209 0.032448377581120944 0.01887905604719764
1 0.23303834808259588 0.8321533923303834 0.03421828908554572 0.01710914454277286
1 0.40648967551622417 0.8300884955752212 0.029498525073746312 0.02359882005899705
1 0.5539823008849557 0.8463126843657817 0.03657817109144543 0.019469026548672566
1 0.7247787610619469 0.8342182890855457 0.03008849557522124 0.021238938053097345
1 0.8684365781710914 0.8678466076696165 0.01887905604719764 0.03303834808259587
