1 0.11061946902654868 0.10353982300884956 0.03008849557522124 0.01710914454277286
1 0.25722713864306784 0.10147492625368731 0.03303834808259587 0.016519174041297935
1 0.3985250737463127 0.10619469026548672 0.038348082595870206 0.021238938053097345
1 0.5448377581120943 0.10707964601769912 0.03716814159292035 0.019469026548672566
1 0.7135693215339233 0.11327433628318584 0.03716814159292035 0.025958702064896755
1 0.8587020648967552 0.12654867256637167 0.03716814159292035 0.019469026548672566
1 0.8601769911504424 0.2327433628318584 0.03421828908554572 0.024188790560471976
1 0.7041297935103245 0.22772861356932153 0.03716814159292035 0.015339233038348082
1 0.5433628318584071 0.231858407079646 0.040117994100294985 0.02359882005899705
1 0.396165191740413 0.22595870206489677 0.03480825958702065 0.022418879056047197
1 0.24454277286135692 0.23008849557522124 0.027728613569321534 0.016519174041297935
1 0.12271386430678466 0.22831858407079647 0.03421828908554572 0.021238938053097345
1 0.12448377581120944 0.36902654867256635 0.02831858407079646 0.023008849557522124
1 0.2359882005899705 0.36047197640117995 0.030678466076696165 0.01887905604719764
1 0.3710914454277286 0.3693215339233038 0.03657817109144543 0.02359882005899705
1 0.5460176991150443 0.36991150442477877 0.033628318584070796 0.022418879056047197
1 0.6914454277286135 0.3625368731563422 0.03185840707964602 0.028908554572271386
1 0.8660766961651918 0.37551622418879055 0.03657817109144543 0.02064896755162242
1 0.8545722713864307 0.4911504424778761 0.038348082595870206 0.023008849557522124
1 0.7 0.49380530973451325 0.0359882005899705 0.022418879056047197
1 0.5510324483775811 0.4982300884955752 0.030678466076696165 0.023008849557522124
1 0.37168141592920356 0.5047197640117994 0.03775811209439528 0.02182890855457227
1 0.23805309734513275 0.5256637168141592 0.028908554572271386 0.020058997050147492
1 0.12330383480825959 0.524188790560472 0.030678466076696165 0.03008849557522124
1 0.11504424778761062 0.6601769911504425 0.029498525073746312 0.021238938053097345
1 0.23392330383480825 0.6666666666666666 0.033628318584070796 0.01415929203539823
1 0.3663716814159292 0.663126843657817 0.03303834808259587 0.021238938053097345
1 0.5306784660766961 0.6610619469026549 0.038348082595870206 0.01592920353982301
1 0.6920353982300885 0.6601769911504425 0.04129793510324484 0.02359882005899705
1 0.8548672566371681 0.6628318584070796 0.035398230088495575 0.02182890855457227
1 0.8492625368731563 0.8106194690265487 0.03480825958702065 0.01887905604719764
1 0.6899705014749262 0.8050147492625369 0.03716814159292035 0.01710914454277286
1 0.5138643067846608 0.8138643067846607 0.035398230088495575 0.01710914454277286
1 0.3743362831858407 0.8138643067846607 0.03716814159292035 0.018289085545722714
1 0.2365781710914454 0.8094395280235989 0.03303834808259587 0.016519174041297935
1 0.12212389380530973 0.8100294985250738 0.029498525073746312 0.017699115044247787
