0 0.10176991150442477 0.11740412979351032 0.03952802359882006 0.029498525073746312
0 0.20265486725663717 0.1592920353982301 0.07256637168141593 0.09557522123893805
0 0.3501474926253687 0.10619469026548672 0.038348082595870206 0.044837758112094395
0 0.4849557522123894 0.1383480825958702 0.12743362831858407 0.07846607669616519
0 0.6327433628318584 0.14041297935103245 0.07020648967551622 0.0967551622418879
0 0.768141592920354 0.1678466076696165 0.06135693215339233 0.0831858407079646
0 0.7876106194690266 0.2351032448377581 0.12625368731563422 0.03952802359882006
0 0.6563421828908554 0.2581120943952802 0.09498525073746313 0.06666666666666667
1 0.5005899705014749 0.28023598820059 0.04070796460176991 0.03657817109144543
0 0.3398230088495575 0.26430678466076696 0.07079646017699115 0.03421828908554572
1 0.23333333333333334 0.26430678466076696 0.04896755162241888 0.03303834808259587
0 0.10973451327433628 0.2696165191740413 0.05781710914454277 0.06725663716814159
1 0.10766961651917403 0.45663716814159294 0.04070796460176991 0.04365781710914454
0 0.2651917404129793 0.412094395280236 0.10088495575221239 0.06902654867256637
0 0.38023598820058996 0.44896755162241886 0.06312684365781711 0.14513274336283186
1 0.5073746312684366 0.3967551622418879 0.05073746312684366 0.043067846607669616
0 0.7790560471976401 0.42684365781710915 0.03480825958702065 0.04070796460176991
0 0.6710914454277286 0.46017699115044247 0.10206489675516224 0.05545722713864307
0 0.1454277286135693 0.5982300884955752 0.04070796460176991 0.04365781710914454
0 0.30265486725663715 0.6176991150442478 0.08495575221238938 0.15339233038348082
0 0.412094395280236 0.603834808259587 0.11150442477876106 0.07610619469026549
0 0.5345132743362832 0.5233038348082596 0.044837758112094395 0.04365781710914454
0 0.6536873156342182 0.5728613569321533 0.11445427728613569 0.10737463126843658
0 0.7787610619469026 0.5525073746312684 0.029498525073746312 0.05132743362831858
0 0.7705014749262536 0.6710914454277286 0.10973451327433628 0.10206489675516224
0 0.6896755162241888 0.6793510324483776 0.05073746312684366 0.05486725663716814
0 0.5412979351032449 0.6657817109144543 0.06666666666666667 0.061946902654867256
1 0.15132743362831858 0.6699115044247788 0.03716814159292035 0.047787610619469026
0 0.27256637168141595 0.7271386430678466 0.035398230088495575 0.04542772861356932
0 0.4324483775811209 0.764306784660767 0.1215339233038348 0.11150442477876106
0 0.11238938053097344 0.8218289085545722 0.038348082595870206 0.08495575221238938
1 0.25309734513274335 0.8392330383480826 0.03657817109144543 0.02654867256637168
0 0.3828908554572271 0.8495575221238938 0.12743362831858407 0.10855457227138643
0 0.5575221238938053 0.8421828908554572 0.05545722713864307 0.1056047197640118
0 0.6533923303834808 0.7908554572271387 0.05486725663716814 0.07728613569321534
0 0.7740412979351032 0.8008849557522124 0.15693215339233038 0.0607669616519174
