1 0.10029498525073746 0.1471976401179941 0.029498525073746312 0.024188790560471976
1 0.22448377581120943 0.1457227138643068 0.027728613569321534 0.01887905604719764
1 0.3646017699115044 0.14601769911504425 0.02359882005899705 0.019469026548672566
1 0.5265486725663717 0.13952802359882005 0.03716814159292035 0.02536873156342183
1 0.6808259587020649 0.13421828908554573 0.030678466076696165 0.024188790560471976
1 0.8445427728613569 0.12448377581120944 0.038348082595870206 0.027138643067846607
1 0.8442477876106195 0.36194690265486723 0.030678466076696165 0.023008849557522124
1 0.6787610619469027 0.34513274336283184 0.0359882005899705 0.025958702064896755
1 0.5165191740412979 0.3513274336283186 0.032448377581120944 0.019469026548672566
1 0.371976401179941 0.3262536873156342 0.028908554572271386 0.02359882005899705
1 0.21710914454277286 0.3297935103244838 0.03421828908554572 0.02359882005899705
1 0.09970501474926254 0.33539823008849556 0.025958702064896755 0.02064896755162242
1 0.08820058997050148 0.47227138643067845 0.03126843657817109 0.02182890855457227
1 0.2345132743362832 0.47227138643067845 0.02654867256637168 0.01710914454277286
1 0.3831858407079646 0.5 0.03008849557522124 0.024188790560471976
1 0.5359882005899705 0.5224188790560472 0.03126843657817109 0.014749262536873156
1 0.6855457227138643 0.511504424778761 0.02831858407079646 0.01887905604719764
1 0.840117994100295 0.5176991150442478 0.030678466076696165 0.024188790560471976
1 0.8451327433628318 0.6309734513274337 0.028908554572271386 0.01710914454277286
1 0.6867256637168142 0.6300884955752213 0.03421828908554572 0.021238938053097345
1 0.5309734513274336 0.6244837758112094 0.029498525073746312 0.014749262536873156
1 0.38613569321533925 0.636283185840708 0.03716814159292035 0.019469026548672566
1 0.24218289085545722 0.6191740412979351 0.028908554572271386 0.013569321533923304
1 0.09616519174041298 0.6182890855457227 0.030678466076696165 0.01887905604719764
1 0.10324483775811209 0.764306784660767 0.02831858407079646 0.01592920353982301
1 0.24631268436578171 0.7669616519174041 0.03008849557522124 0.02831858407079646
1 0.39557522123893807 0.7654867256637168 0.038348082595870206 0.024188790560471976
1 0.5501474926253688 0.7743362831858407 0.033628318584070796 0.02064896755162242
1 0.7020648967551623 0.7766961651917405 0.03421828908554572 0.027728613569321534
1 0.8489675516224189 0.779646017699115 0.027138643067846607 0.03126843657817109
1 0.8705014749262536 0.8905604719764012 0.033628318584070796 0.03126843657817109
0 0.7109144542772862 0.9188790560471977 0.02831858407079646 0.03126843657817109
1 0.5607669616519174 0.9117994100294985 0.02654867256637168 0.018289085545722714
0 0.4061946902654867 0.912094395280236 0.02536873156342183 0.024778761061946902
1 0.2672566371681416 0.9020648967551622 0.027138643067846607 0.020058997050147492
1 0.1056047197640118 0.9023598820058997 0.02831858407079646 0.024188790560471976
