1 0.09646017699115045 0.12566371681415928 0.0359882005899705 0.02359882005899705
1 0.22831858407079647 0.1457227138643068 0.029498525073746312 0.024778761061946902
1 0.38436578171091446 0.1471976401179941 0.02536873156342183 0.028908554572271386
1 0.5380530973451327 0.143952802359882 0.03421828908554572 0.02359882005899705
1 0.6908554572271386 0.1457227138643068 0.020058997050147492 0.03421828908554572
1 0.8474926253687316 0.1191740412979351 0.03952802359882006 0.017699115044247787
1 0.8418879056047197 0.36194690265486723 0.03185840707964602 0.023008849557522124
1 0.68023598820059 0.34690265486725663 0.03421828908554572 0.022418879056047197
1 0.515929203539823 0.35044247787610616 0.03126843657817109 0.022418879056047197
1 0.3740412979351032 0.32271386430678467 0.03185840707964602 0.021238938053097345
1 0.21710914454277286 0.3309734513274336 0.03421828908554572 0.021238938053097345
1 0.0976401179941003 0.33539823008849556 0.027728613569321534 0.01710914454277286
1 0.09144542772861357 0.4743362831858407 0.030678466076696165 0.02359882005899705
1 0.23864306784660766 0.46991150442477875 0.027728613569321534 0.024188790560471976
1 0.38082595870206487 0.5002949852507375 0.03126843657817109 0.022418879056047197
1 0.536283185840708 0.5194690265486726 0.03303834808259587 0.02182890855457227
1 0.6884955752212389 0.5144542772861357 0.030678466076696165 0.021238938053097345
1 0.8404129793510324 0.5141592920353982 0.027728613569321534 0.018289085545722714
1 0.8501474926253687 0.6339233038348082 0.03893805309734513 0.02064896755162242
1 0.6861356932153392 0.6306784660766962 0.03303834808259587 0.02359882005899705
1 0.5283185840707965 0.6250737463126843 0.03126843657817109 0.024188790560471976
1 0.38495575221238937 0.6374631268436578 0.03480825958702065 0.023008849557522124
1 0.2407079646017699 0.6244837758112094 0.03421828908554572 0.02182890855457227
1 0.0943952802359882 0.6156342182890855 0.03185840707964602 0.02182890855457227
1 0.10324483775811209 0.7613569321533923 0.02831858407079646 0.02064896755162242
1 0.24572271386430677 0.7663716814159292 0.032448377581120944 0.02359882005899705
1 0.39557522123893807 0.7669616519174041 0.038348082595870206 0.021238938053097345
1 0.5492625368731563 0.7722713864306785 0.03185840707964602 0.020058997050147492
1 0.7061946902654868 0.7761061946902654 0.03185840707964602 0.027728613569321534
1 0.8480825958702065 0.779646017699115 0.03126843657817109 0.03480825958702065
1 0.8628318584070797 0.9058997050147493 0.03480825958702065 0.02654867256637168
1 0.7106194690265487 0.9182890855457227 0.03008849557522124 0.03126843657817109
1 0.5628318584070796 0.9141592920353983 0.02831858407079646 0.027728613569321534
1 0.4050147492625369 0.9112094395280236 0.03126843657817109 0.03126843657817109
1 0.2657817109144543 0.9002949852507375 0.03008849557522124 0.022418879056047197
1 0.10383480825958702 0.9026548672566371 0.03303834808259587 0.021238938053097345
