0 0.12890855457227138 0.07817109144542772 0.1410029498525074 0.10914454277286136
0 0.34041297935103243 0.14041297935103245 0.05663716814159292 0.18171091445427728
0 0.4911504424778761 0.1200589970501475 0.08790560471976401 0.1457227138643068
0 0.6979351032448378 0.11651917404129794 0.12861356932153392 0.09026548672566372
0 0.8722713864306785 0.1430678466076696 0.0855457227138643 0.10324483775811209
0 0.8477876106194691 0.31799410029498526 0.09793510324483776 0.044837758112094395
0 0.6908554572271386 0.2825958702064897 0.040117994100294985 0.03303834808259587
0 0.4761061946902655 0.2867256637168142 0.15811209439528023 0.03657817109144543
0 0.375811209439528 0.24926253687315633 0.05781710914454277 0.09734513274336283
0 0.22654867256637168 0.22064896755162242 0.17463126843657817 0.1368731563421829
0 0.22979351032448378 0.41002949852507375 0.06902654867256637 0.040117994100294985
0 0.3949852507374631 0.39469026548672564 0.08790560471976401 0.1864306784660767
0 0.5230088495575221 0.4176991150442478 0.057227138643067846 0.030678466076696165
0 0.5893805309734513 0.4625368731563422 0.05663716814159292 0.11209439528023599
0 0.6734513274336283 0.4135693215339233 0.18348082595870208 0.08731563421828908
1 0.8421828908554572 0.4008849557522124 0.019469026548672566 0.04660766961651917
0 0.8805309734513275 0.5047197640117994 0.11150442477876106 0.0808259587020649
0 0.22890855457227138 0.5504424778761062 0.09557522123893805 0.03657817109144543
1 0.32418879056047195 0.5554572271386431 0.038348082595870206 0.024188790560471976
1 0.4864306784660767 0.5185840707964602 0.04188790560471976 0.027138643067846607
1 0.7542772861356932 0.5587020648967551 0.02654867256637168 0.02831858407079646
0 0.5790560471976401 0.5392330383480826 0.07492625368731563 0.1191740412979351
0 0.25398230088495577 0.6967551622418879 0.04542772861356932 0.03657817109144543
0 0.2728613569321534 0.7454277286135693 0.07374631268436578 0.16814159292035397
0 0.3663716814159292 0.6884955752212389 0.0920353982300885 0.17227138643067846
0 0.42743362831858406 0.7929203539823009 0.09380530973451327 0.11799410029498525
0 0.4941002949852507 0.6336283185840708 0.16932153392330385 0.05545722713864307
0 0.6176991150442478 0.6587020648967552 0.0471976401179941 0.10914454277286136
0 0.5368731563421829 0.8061946902654867 0.029498525073746312 0.06784660766961652
0 0.8988200589970501 0.6551622418879056 0.08790560471976401 0.16696165191740414
1 0.7519174041297935 0.6775811209439528 0.03008849557522124 0.02536873156342183
1 0.671386430678466 0.8064896755162242 0.02831858407079646 0.027138643067846607
0 0.7914454277286136 0.8206489675516224 0.06312684365781711 0.13097345132743363
0 0.8970501474926253 0.7787610619469026 0.09734513274336283 0.1687315634218289
