0 0.1448377581120944 0.14365781710914455 0.11386430678466077 0.11268436578171091
0 0.30737463126843656 0.10766961651917403 0.13451327433628318 0.10324483775811209
0 0.511504424778761 0.11769911504424779 0.08259587020648967 0.14690265486725662
0 0.6654867256637168 0.12477876106194691 0.06843657817109144 0.20589970501474925
0 0.8784660766961652 0.08348082595870207 0.14041297935103245 0.10324483775811209
0 0.7858407079646017 0.2528023598820059 0.1958702064896755 0.07256637168141593
0 0.6171091445427729 0.24808259587020648 0.06135693215339233 0.09498525073746313
0 0.5259587020648967 0.28407079646017697 0.16106194690265485 0.043067846607669616
0 0.30442477876106194 0.27935103244837756 0.03893805309734513 0.04070796460176991
0 0.14837758112094396 0.3165191740412979 0.09970501474926254 0.04542772861356932
1 0.15693215339233038 0.4014749262536873 0.022418879056047197 0.04424778761061947
0 0.33008849557522124 0.4150442477876106 0.1893805309734513 0.0855457227138643
0 0.4103244837758112 0.46814159292035395 0.057227138643067846 0.12566371681415928
0 0.471976401179941 0.4174041297935103 0.05191740412979351 0.033628318584070796
0 0.6061946902654867 0.391740412979351 0.09144542772861357 0.19823008849557522
0 0.7675516224188791 0.41622418879056045 0.0696165191740413 0.047787610619469026
1 0.5129793510324484 0.5179941002949853 0.043067846607669616 0.030678466076696165
0 0.1215339233038348 0.5056047197640118 0.11563421828908554 0.08141592920353982
1 0.24572271386430677 0.5578171091445427 0.02654867256637168 0.032448377581120944
0 0.41710914454277287 0.54070796460177 0.08849557522123894 0.1303834808259587
1 0.6734513274336283 0.559882005899705 0.033628318584070796 0.029498525073746312
0 0.7737463126843658 0.552212389380531 0.08908554572271386 0.04129793510324484
0 0.09793510324483776 0.6554572271386431 0.11327433628318584 0.18525073746312684
1 0.24690265486725663 0.6764011799410029 0.027728613569321534 0.02536873156342183
0 0.38259587020648966 0.6610619469026549 0.052507374631268436 0.12920353982300886
0 0.5053097345132743 0.6398230088495576 0.1905604719764012 0.057227138643067846
0 0.6330383480825958 0.684070796460177 0.09557522123893805 0.15870206489675515
0 0.7389380530973452 0.743952802359882 0.08200589970501475 0.16283185840707964
0 0.7448377581120944 0.7008849557522123 0.043067846607669616 0.03775811209439528
0 0.5731563421828908 0.7949852507374631 0.09734513274336283 0.11622418879056047
0 0.4616519174041298 0.8067846607669616 0.03716814159292035 0.07846607669616519
1 0.3262536873156342 0.8041297935103244 0.03185840707964602 0.03185840707964602
0 0.20737463126843658 0.823598820058997 0.06666666666666667 0.13333333333333333
0 0.10235988200589971 0.7805309734513274 0.09380530973451327 0.17699115044247787
