0 0.140117994100295 0.14454277286135692 0.09734513274336283 0.10501474926253687
0 0.3029498525073746 0.11327433628318584 0.12566371681415928 0.08141592920353982
0 0.5088495575221239 0.11858407079646018 0.0831858407079646 0.143952802359882
0 0.6595870206489676 0.1424778761061947 0.058997050147492625 0.17876106194690267
0 0.8693215339233038 0.08112094395280237 0.1398230088495575 0.10206489675516224
0 0.772566371681416 0.2168141592920354 0.17168141592920355 0.1433628318584071
0 0.6203539823008849 0.24896755162241888 0.057227138643067846 0.08613569321533923
0 0.5277286135693215 0.28584070796460176 0.15870206489675515 0.032448377581120944
0 0.3088495575221239 0.2799410029498525 0.038348082595870206 0.043067846607669616
0 0.15221238938053097 0.3191740412979351 0.08613569321533923 0.04837758112094395
1 0.15722713864306784 0.4020648967551622 0.018289085545722714 0.038348082595870206
1 0.1200589970501475 0.5070796460176991 0.11268436578171091 0.08436578171091445
1 0.3292035398230089 0.41474926253687316 0.1935103244837758 0.08495575221238938
0 0.47168141592920354 0.42035398230088494 0.05014749262536873 0.03008849557522124
0 0.41297935103244837 0.46430678466076697 0.05781710914454277 0.1215339233038348
0 0.603834808259587 0.39646017699115044 0.09498525073746313 0.1935103244837758
0 0.7660766961651917 0.415929203539823 0.07256637168141593 0.04837758112094395
1 0.25132743362831855 0.5578171091445427 0.03421828908554572 0.0359882005899705
0 0.42448377581120944 0.5418879056047198 0.08790560471976401 0.1303834808259587
1 0.5123893805309735 0.5147492625368731 0.04188790560471976 0.02536873156342183
1 0.6722713864306784 0.5584070796460177 0.038348082595870206 0.02654867256637168
0 0.7678466076696165 0.551622418879056 0.09616519174041298 0.035398230088495575
0 0.7271386430678466 0.7448377581120944 0.07846607669616519 0.16342182890855456
0 0.7418879056047197 0.7 0.04070796460176991 0.03716814159292035
0 0.6321533923303835 0.6890855457227139 0.09734513274336283 0.1710914454277286
0 0.5144542772861357 0.6365781710914454 0.17345132743362832 0.05309734513274336
0 0.5705014749262537 0.7926253687315634 0.09911504424778761 0.12684365781710916
0 0.38200589970501475 0.6640117994100295 0.04660766961651917 0.12448377581120944
0 0.46342182890855455 0.8094395280235989 0.032448377581120944 0.07787610619469026
1 0.24778761061946902 0.6784660766961652 0.027138643067846607 0.029498525073746312
1 0.32949852507374633 0.8050147492625369 0.027728613569321534 0.032448377581120944
0 0.2088495575221239 0.824188790560472 0.06607669616519174 0.12861356932153392
0 0.10235988200589971 0.6522123893805309 0.10442477876106195 0.18348082595870208
0 0.10235988200589971 0.7802359882005899 0.08790560471976401 0.17876106194690267
