0 0.22448377581120943 0.2 0.15634218289085544 0.06253687315634218
0 0.3489675516224189 0.21238938053097345 0.04070796460176991 0.06489675516224189
0 0.44601769911504424 0.1640117994100295 0.06135693215339233 0.10855457227138643
0 0.6185840707964602 0.15309734513274337 0.12330383480825959 0.09970501474926254
1 0.7460176991150442 0.16224188790560473 0.03480825958702065 0.02831858407079646
0 0.8920353982300885 0.15545722713864307 0.044837758112094395 0.12330383480825959
1 0.9035398230088495 0.2766961651917404 0.04070796460176991 0.02831858407079646
0 0.735693215339233 0.25663716814159293 0.03303834808259587 0.040117994100294985
0 0.5731563421828908 0.23952802359882006 0.10914454277286136 0.1168141592920354
0 0.4589970501474926 0.33362831858407077 0.06843657817109144 0.061946902654867256
0 0.31150442477876106 0.32359882005899704 0.05545722713864307 0.05604719764011799
0 0.23097345132743363 0.32949852507374633 0.1079646017699115 0.10678466076696165
0 0.22448377581120943 0.4480825958702065 0.0359882005899705 0.04896755162241888
0 0.3398230088495575 0.44277286135693217 0.12271386430678466 0.07492625368731563
0 0.4640117994100295 0.48023598820059 0.05014749262536873 0.03657817109144543
0 0.5870206489675516 0.3952802359882006 0.11091445427728613 0.071976401179941
0 0.7271386430678466 0.37787610619469025 0.08908554572271386 0.1528023598820059
0 0.8728613569321534 0.39823008849557523 0.04070796460176991 0.03893805309734513
0 0.8952802359882006 0.5678466076696165 0.04660766961651917 0.057227138643067846
0 0.6194690265486725 0.5510324483775811 0.06607669616519174 0.13569321533923304
0 0.7383480825958701 0.5902654867256637 0.09852507374631268 0.0607669616519174
1 0.4943952802359882 0.6058997050147492 0.0471976401179941 0.04365781710914454
0 0.30678466076696165 0.5619469026548672 0.10265486725663717 0.09144542772861357
0 0.21150442477876105 0.5755162241887906 0.03952802359882006 0.038348082595870206
0 0.20412979351032448 0.7185840707964601 0.03893805309734513 0.1168141592920354
0 0.3094395280235988 0.6858407079646017 0.09498525073746313 0.06902654867256637
1 0.5 0.7221238938053097 0.03952802359882006 0.040117994100294985
0 0.6215339233038348 0.7781710914454277 0.033628318584070796 0.07315634218289085
1 0.768141592920354 0.7321533923303835 0.04837758112094395 0.03421828908554572
0 0.8929203539823009 0.7289085545722713 0.047787610619469026 0.06430678466076696
0 0.8985250737463126 0.8825958702064897 0.03775811209439528 0.027138643067846607
0 0.7873156342182891 0.875221238938053 0.09616519174041298 0.0831858407079646
0 0.651622418879056 0.8929203539823009 0.038348082595870206 0.047787610619469026
0 0.49852507374631266 0.8607669616519174 0.07079646017699115 0.1368731563421829
0 0.3696165191740413 0.8563421828908554 0.07138643067846608 0.09498525073746313
0 0.22861356932153393 0.8300884955752212 0.07020648967551622 0.08259587020648967
