1 0.13392330383480827 0.12979351032448377 0.024778761061946902 0.035398230088495575
1 0.275811209439528 0.1616519174041298 0.028908554572271386 0.025958702064896755
1 0.44483775811209436 0.15339233038348082 0.03421828908554572 0.016519174041297935
1 0.5982300884955752 0.1696165191740413 0.020058997050147492 0.024188790560471976
1 0.768141592920354 0.16666666666666666 0.03185840707964602 0.02182890855457227
1 0.935693215339233 0.1654867256637168 0.035398230088495575 0.02182890855457227
1 0.9362831858407079 0.2752212389380531 0.03185840707964602 0.02654867256637168
1 0.7589970501474926 0.2784660766961652 0.03126843657817109 0.027138643067846607
1 0.6047197640117994 0.29174041297935105 0.029498525073746312 0.01710914454277286
1 0.45014749262536874 0.29410029498525075 0.029498525073746312 0.019469026548672566
1 0.29321533923303833 0.3005899705014749 0.03303834808259587 0.02064896755162242
1 0.13421828908554573 0.29321533923303833 0.023008849557522124 0.03185840707964602
1 0.12595870206489676 0.4182890855457227 0.028908554572271386 0.024778761061946902
1 0.2855457227138643 0.42359882005899707 0.030678466076696165 0.022418879056047197
1 0.4469026548672566 0.4224188790560472 0.032448377581120944 0.01887905604719764
1 0.6061946902654867 0.41976401179941003 0.03480825958702065 0.018289085545722714
1 0.7504424778761062 0.412094395280236 0.03657817109144543 0.019469026548672566
1 0.935693215339233 0.403834808259587 0.030678466076696165 0.02536873156342183
1 0.9342182890855457 0.5498525073746312 0.02654867256637168 0.020058997050147492
1 0.7589970501474926 0.5525073746312684 0.03716814159292035 0.02536873156342183
1 0.6070796460176991 0.5525073746312684 0.030678466076696165 0.02182890855457227
1 0.44896755162241886 0.5566371681415929 0.030678466076696165 0.01710914454277286
1 0.2867256637168142 0.5584070796460177 0.030678466076696165 0.01710914454277286
1 0.12448377581120944 0.56047197640118 0.02831858407079646 0.021238938053097345
1 0.1215339233038348 0.7244837758112095 0.03657817109144543 0.025958702064896755
1 0.3005899705014749 0.7179941002949852 0.03126843657817109 0.029498525073746312
1 0.4557522123893805 0.7017699115044248 0.03716814159292035 0.019469026548672566
1 0.6129793510324484 0.6967551622418879 0.03893805309734513 0.02831858407079646
1 0.7563421828908554 0.7044247787610619 0.025958702064896755 0.02359882005899705
1 0.9271386430678465 0.7002949852507374 0.032448377581120944 0.016519174041297935
1 0.9368731563421828 0.855457227138643 0.03303834808259587 0.016519174041297935
1 0.7595870206489675 0.851622418879056 0.03480825958702065 0.028908554572271386
1 0.6227138643067847 0.855457227138643 0.03126843657817109 0.020058997050147492
1 0.4492625368731563 0.8758112094395281 0.028908554572271386 0.02536873156342183
1 0.2976401179941003 0.8814159292035398 0.028908554572271386 0.024778761061946902
1 0.12477876106194691 0.8920353982300885 0.028908554572271386 0.021238938053097345
