0 0.11769911504424779 0.05870206489675516 0.0584070796460177 0.0831858407079646
0 0.26371681415929205 0.057227138643067846 0.05663716814159292 0.06489675516224189
0 0.40471976401179943 0.07138643067846608 0.04247787610619469 0.06607669616519174
1 0.5371681415929204 0.12064896755162241 0.02654867256637168 0.03480825958702065
0 0.6805309734513274 0.061946902654867256 0.12094395280235988 0.04837758112094395
0 0.855457227138643 0.08377581120943953 0.03775811209439528 0.029498525073746312
0 0.855457227138643 0.2303834808259587 0.05545722713864307 0.04542772861356932
0 0.7079646017699115 0.22684365781710913 0.04365781710914454 0.04896755162241888
0 0.5306784660766961 0.2551622418879056 0.04424778761061947 0.057227138643067846
0 0.37728613569321534 0.17728613569321533 0.12094395280235988 0.052507374631268436
0 0.24041297935103245 0.18200589970501474 0.04660766961651917 0.05604719764011799
0 0.11976401179941003 0.240117994100295 0.06135693215339233 0.07315634218289085
0 0.13008849557522123 0.3117994100294985 0.04896755162241888 0.07492625368731563
0 0.2294985250737463 0.3117994100294985 0.04837758112094395 0.12448377581120944
0 0.3693215339233038 0.3578171091445428 0.05073746312684366 0.0855457227138643
0 0.5380530973451327 0.3321533923303835 0.08023598820058997 0.06371681415929203
0 0.6896755162241888 0.37374631268436576 0.044837758112094395 0.05604719764011799
1 0.8675516224188791 0.3846607669616519 0.032448377581120944 0.05191740412979351
0 0.848377581120944 0.5138643067846608 0.03775811209439528 0.08377581120943953
0 0.6926253687315634 0.5156342182890855 0.03421828908554572 0.08259587020648967
0 0.5289085545722714 0.4684365781710914 0.05368731563421829 0.06725663716814159
0 0.36194690265486723 0.46578171091445425 0.04896755162241888 0.04660766961651917
0 0.22212389380530972 0.5528023598820059 0.05132743362831858 0.10265486725663717
0 0.13421828908554573 0.5371681415929204 0.06312684365781711 0.07020648967551622
0 0.13628318584070798 0.6805309734513274 0.06843657817109144 0.15870206489675515
0 0.21179941002949854 0.6896755162241888 0.054277286135693215 0.09085545722713864
0 0.37138643067846605 0.6778761061946903 0.04542772861356932 0.08967551622418879
0 0.508259587020649 0.6088495575221239 0.05014749262536873 0.06489675516224189
0 0.6823008849557523 0.6212389380530974 0.04070796460176991 0.05309734513274336
0 0.8501474926253687 0.6300884955752213 0.03657817109144543 0.04601769911504425
0 0.8421828908554572 0.8268436578171091 0.04660766961651917 0.06548672566371681
0 0.7026548672566372 0.840117994100295 0.08141592920353982 0.07315634218289085
0 0.5017699115044247 0.7690265486725664 0.06312684365781711 0.057227138643067846
0 0.3678466076696165 0.7831858407079646 0.04070796460176991 0.07374631268436578
0 0.14041297935103245 0.803834808259587 0.08495575221238938 0.043067846607669616
0 0.228023598820059 0.823598820058997 0.028908554572271386 0.10383480825958702
