0 0.14778761061946902 0.0920353982300885 0.038348082595870206 0.030678466076696165
0 0.3 0.06902654867256637 0.05604719764011799 0.05663716814159292
0 0.4648967551622419 0.13215339233038348 0.030678466076696165 0.03657817109144543
0 0.5985250737463127 0.08289085545722713 0.04070796460176991 0.06902654867256637
0 0.740117994100295 0.0728613569321534 0.047787610619469026 0.07374631268436578
0 0.9026548672566371 0.07581120943952802 0.04601769911504425 0.052507374631268436
0 0.8811209439528024 0.2424778761061947 0.052507374631268436 0.05663716814159292
0 0.7575221238938052 0.20530973451327433 0.04601769911504425 0.06371681415929203
0 0.6032448377581121 0.19616519174041297 0.07610619469026549 0.057227138643067846
0 0.46755162241887904 0.2651917404129793 0.03480825958702065 0.05132743362831858
1 0.29469026548672567 0.24041297935103245 0.038348082595870206 0.052507374631268436
0 0.14513274336283186 0.25486725663716814 0.049557522123893805 0.04601769911504425
1 0.1359882005899705 0.37905604719764013 0.0359882005899705 0.028908554572271386
0 0.3141592920353982 0.3864306784660767 0.04660766961651917 0.058997050147492625
0 0.4575221238938053 0.3421828908554572 0.06312684365781711 0.054277286135693215
0 0.631858407079646 0.34365781710914456 0.04129793510324484 0.05486725663716814
0 0.7734513274336283 0.3433628318584071 0.03775811209439528 0.08259587020648967
0 0.8716814159292036 0.33893805309734515 0.03126843657817109 0.07964601769911504
0 0.8575221238938053 0.5339233038348082 0.047787610619469026 0.05545722713864307
0 0.772566371681416 0.5504424778761062 0.04188790560471976 0.07079646017699115
0 0.6345132743362831 0.48053097345132745 0.04424778761061947 0.04424778761061947
0 0.4631268436578171 0.48112094395280236 0.05545722713864307 0.057227138643067846
0 0.3056047197640118 0.5191740412979351 0.02831858407079646 0.06253687315634218
0 0.15103244837758112 0.5203539823008849 0.035398230088495575 0.06607669616519174
1 0.1471976401179941 0.659882005899705 0.03480825958702065 0.024188790560471976
0 0.3126843657817109 0.6380530973451327 0.049557522123893805 0.0584070796460177
0 0.4870206489675516 0.6306784660766962 0.03716814159292035 0.06489675516224189
0 0.6321533923303835 0.6793510324483776 0.03952802359882006 0.0584070796460177
0 0.7731563421828909 0.6890855457227139 0.03008849557522124 0.06725663716814159
0 0.883480825958702 0.6896755162241888 0.04424778761061947 0.07669616519174041
0 0.8684365781710914 0.8233038348082595 0.06843657817109144 0.028908554572271386
0 0.7619469026548672 0.8351032448377581 0.04070796460176991 0.07610619469026549
0 0.6277286135693215 0.799410029498525 0.03657817109144543 0.044837758112094395
0 0.5002949852507375 0.7902654867256637 0.05309734513274336 0.052507374631268436
0 0.30973451327433627 0.8221238938053097 0.03775811209439528 0.0584070796460177
0 0.1486725663716814 0.8345132743362832 0.049557522123893805 0.05132743362831858
