0 0.12536873156342182 0.058997050147492625 0.05132743362831858 0.07315634218289085
0 0.24424778761061947 0.0359882005899705 0.06607669616519174 0.05663716814159292
0 0.4020648967551622 0.03982300884955752 0.052507374631268436 0.05486725663716814
0 0.6663716814159292 0.04837758112094395 0.09734513274336283 0.044837758112094395
1 0.8510324483775811 0.08230088495575222 0.03480825958702065 0.03952802359882006
1 0.5368731563421829 0.11651917404129794 0.03303834808259587 0.03952802359882006
0 0.10855457227138643 0.2359882005899705 0.06253687315634218 0.058997050147492625
0 0.2398230088495575 0.18849557522123894 0.05132743362831858 0.05014749262536873
0 0.34513274336283184 0.16578171091445426 0.07315634218289085 0.07315634218289085
0 0.11297935103244838 0.32654867256637166 0.06312684365781711 0.05486725663716814
0 0.2312684365781711 0.2867256637168142 0.08967551622418879 0.08377581120943953
0 0.5238938053097345 0.2604719764011799 0.07079646017699115 0.05486725663716814
0 0.6970501474926254 0.22271386430678466 0.07020648967551622 0.04188790560471976
0 0.8454277286135693 0.2351032448377581 0.03303834808259587 0.04188790560471976
0 0.36194690265486723 0.375811209439528 0.05958702064896755 0.0943952802359882
0 0.5460176991150443 0.3386430678466077 0.06548672566371681 0.04365781710914454
0 0.6887905604719764 0.3528023598820059 0.04542772861356932 0.058997050147492625
1 0.8678466076696165 0.3787610619469026 0.03303834808259587 0.05663716814159292
0 0.8421828908554572 0.503834808259587 0.03480825958702065 0.04601769911504425
0 0.6976401179941003 0.5179941002949853 0.04660766961651917 0.06135693215339233
0 0.5327433628318584 0.47227138643067845 0.05309734513274336 0.0607669616519174
1 0.35929203539823007 0.4672566371681416 0.05309734513274336 0.0471976401179941
0 0.20058997050147492 0.559882005899705 0.07551622418879056 0.08023598820058997
0 0.1398230088495575 0.543952802359882 0.10147492625368731 0.05781710914454277
0 0.09056047197640119 0.6572271386430678 0.09262536873156342 0.14749262536873156
0 0.13185840707964602 0.8070796460176991 0.07256637168141593 0.04837758112094395
0 0.2079646017699115 0.8259587020648967 0.07610619469026549 0.06489675516224189
0 0.22448377581120943 0.6784660766961652 0.043067846607669616 0.08731563421828908
0 0.36194690265486723 0.6943952802359882 0.06548672566371681 0.06253687315634218
0 0.36607669616519173 0.7825958702064897 0.033628318584070796 0.07964601769911504
0 0.4976401179941003 0.6023598820058997 0.05132743362831858 0.049557522123893805
0 0.5026548672566371 0.7828908554572271 0.05663716814159292 0.0471976401179941
0 0.6849557522123894 0.6259587020648968 0.03893805309734513 0.05073746312684366
0 0.7020648967551623 0.8253687315634218 0.08023598820058997 0.04129793510324484
0 0.8501474926253687 0.6238938053097345 0.04129793510324484 0.04542772861356932
0 0.8415929203539823 0.815929203539823 0.04188790560471976 0.05545722713864307
