1 0.12802359882005898 0.10501474926253687 0.02359882005899705 0.024778761061946902
1 0.2967551622418879 0.11563421828908554 0.035398230088495575 0.025958702064896755
1 0.45132743362831856 0.12271386430678466 0.03185840707964602 0.021238938053097345
1 0.6227138643067847 0.1433628318584071 0.03480825958702065 0.021238938053097345
1 0.7587020648967552 0.13657817109144543 0.03303834808259587 0.02064896755162242
1 0.9365781710914454 0.1454277286135693 0.027728613569321534 0.018289085545722714
1 0.9289085545722714 0.2994100294985251 0.0359882005899705 0.01592920353982301
1 0.7536873156342183 0.29970501474926253 0.024188790560471976 0.017699115044247787
1 0.6144542772861357 0.30501474926253686 0.03716814159292035 0.01887905604719764
1 0.45368731563421827 0.29970501474926253 0.03775811209439528 0.021238938053097345
1 0.29970501474926253 0.2831858407079646 0.035398230088495575 0.017699115044247787
1 0.12123893805309735 0.27640117994100294 0.0359882005899705 0.02064896755162242
1 0.12448377581120944 0.4407079646017699 0.03303834808259587 0.01887905604719764
1 0.28466076696165193 0.4389380530973451 0.028908554572271386 0.012979351032448377
1 0.4463126843657817 0.4398230088495575 0.03008849557522124 0.02182890855457227
1 0.6070796460176991 0.443952802359882 0.03303834808259587 0.019469026548672566
1 0.7581120943952803 0.4480825958702065 0.03303834808259587 0.023008849557522124
1 0.9336283185840708 0.45014749262536874 0.03008849557522124 0.015339233038348082
1 0.9362831858407079 0.5964601769911504 0.02831858407079646 0.01887905604719764
1 0.7474926253687315 0.5870206489675516 0.035398230088495575 0.022418879056047197
1 0.603834808259587 0.58023598820059 0.03008849557522124 0.019469026548672566
1 0.44601769911504424 0.5769911504424778 0.03185840707964602 0.01887905604719764
1 0.28702064896755164 0.5787610619469027 0.03008849557522124 0.020058997050147492
1 0.12330383480825959 0.5831858407079646 0.027138643067846607 0.023008849557522124
1 0.11887905604719765 0.7126843657817109 0.04070796460176991 0.021238938053097345
1 0.2908554572271386 0.6991150442477876 0.03185840707964602 0.02359882005899705
1 0.4463126843657817 0.6982300884955752 0.033628318584070796 0.02182890855457227
1 0.6047197640117994 0.7058997050147493 0.030678466076696165 0.01710914454277286
1 0.755457227138643 0.7188790560471976 0.03008849557522124 0.023008849557522124
1 0.9345132743362832 0.7200589970501475 0.03185840707964602 0.018289085545722714
1 0.9345132743362832 0.8315634218289085 0.03185840707964602 0.01592920353982301
1 0.7569321533923303 0.8442477876106195 0.03421828908554572 0.020058997050147492
1 0.6035398230088496 0.8477876106194691 0.029498525073746312 0.016519174041297935
1 0.44424778761061945 0.8463126843657817 0.03303834808259587 0.019469026548672566
1 0.2766961651917404 0.855457227138643 0.035398230088495575 0.016519174041297935
1 0.11769911504424779 0.8728613569321534 0.028908554572271386 0.02182890855457227
