0 0.12300884955752212 0.06283185840707964 0.04542772861356932 0.09380530973451327
0 0.2430678466076696 0.034513274336283185 0.08141592920353982 0.05132743362831858
0 0.40825958702064896 0.04336283185840708 0.05545722713864307 0.06902654867256637
0 0.6725663716814159 0.046902654867256637 0.09793510324483776 0.03952802359882006
1 0.851622418879056 0.08141592920353982 0.03716814159292035 0.03421828908554572
0 0.8569321533923304 0.231858407079646 0.05368731563421829 0.05545722713864307
0 0.6982300884955752 0.22094395280235987 0.06312684365781711 0.05132743362831858
1 0.5327433628318584 0.1135693215339233 0.029498525073746312 0.03008849557522124
0 0.33893805309734515 0.16430678466076695 0.08672566371681416 0.07138643067846608
0 0.24542772861356932 0.18761061946902655 0.06253687315634218 0.05073746312684366
0 0.11297935103244838 0.2345132743362832 0.07374631268436578 0.0607669616519174
0 0.11474926253687315 0.32182890855457225 0.06548672566371681 0.05604719764011799
0 0.23067846607669618 0.2825958702064897 0.07787610619469026 0.07905604719764012
0 0.3654867256637168 0.37669616519174043 0.061946902654867256 0.09380530973451327
0 0.5215339233038347 0.2575221238938053 0.05663716814159292 0.052507374631268436
1 0.5445427728613569 0.34129793510324485 0.06725663716814159 0.03952802359882006
0 0.691150442477876 0.3513274336283186 0.04188790560471976 0.05958702064896755
1 0.8657817109144542 0.3805309734513274 0.0359882005899705 0.05545722713864307
0 0.8445427728613569 0.5076696165191741 0.0359882005899705 0.04896755162241888
0 0.6929203539823009 0.5147492625368731 0.03126843657817109 0.0855457227138643
0 0.528023598820059 0.46696165191740413 0.05191740412979351 0.07020648967551622
0 0.36047197640117995 0.4631268436578171 0.058997050147492625 0.054277286135693215
0 0.1351032448377581 0.5368731563421829 0.08849557522123894 0.07079646017699115
0 0.20324483775811208 0.5589970501474926 0.07256637168141593 0.0831858407079646
0 0.48908554572271384 0.6011799410029498 0.058997050147492625 0.05073746312684366
0 0.6814159292035398 0.6321533923303835 0.04247787610619469 0.04896755162241888
0 0.8495575221238938 0.6215339233038348 0.040117994100294985 0.05486725663716814
0 0.07699115044247787 0.6575221238938053 0.12684365781710916 0.1504424778761062
0 0.22300884955752212 0.6837758112094395 0.04129793510324484 0.0943952802359882
0 0.3625368731563422 0.6952802359882005 0.07256637168141593 0.06784660766961652
0 0.13421828908554573 0.7991150442477876 0.07846607669616519 0.047787610619469026
0 0.19970501474926253 0.827433628318584 0.08436578171091445 0.07020648967551622
0 0.3625368731563422 0.7855457227138642 0.03952802359882006 0.07374631268436578
0 0.5041297935103245 0.7867256637168142 0.0584070796460177 0.04660766961651917
0 0.7058997050147493 0.8303834808259587 0.07728613569321534 0.047787610619469026
1 0.8415929203539823 0.8182890855457227 0.04424778761061947 0.05309734513274336
