0 0.12064896755162241 0.057227138643067846 0.057227138643067846 0.10029498525073746
0 0.2581120943952802 0.05398230088495575 0.0607669616519174 0.057227138643067846
0 0.4070796460176991 0.0663716814159292 0.05309734513274336 0.07610619469026549
1 0.5365781710914455 0.12064896755162241 0.032448377581120944 0.033628318584070796
0 0.8545722713864307 0.1 0.04070796460176991 0.03008849557522124
0 0.6663716814159292 0.0584070796460177 0.11386430678466077 0.05309734513274336
0 0.856637168141593 0.2303834808259587 0.05545722713864307 0.06902654867256637
0 0.7058997050147493 0.228023598820059 0.05486725663716814 0.047787610619469026
0 0.5309734513274336 0.2592920353982301 0.06253687315634218 0.05604719764011799
0 0.3607669616519174 0.18997050147492625 0.12566371681415928 0.04601769911504425
0 0.24985250737463127 0.18112094395280237 0.052507374631268436 0.05781710914454277
0 0.12123893805309735 0.2351032448377581 0.06666666666666667 0.07610619469026549
0 0.12890855457227138 0.3153392330383481 0.04188790560471976 0.07138643067846608
0 0.21858407079646017 0.3064896755162242 0.05014749262536873 0.11622418879056047
0 0.36283185840707965 0.36607669616519173 0.06135693215339233 0.10324483775811209
0 0.5448377581120943 0.3271386430678466 0.07020648967551622 0.05368731563421829
0 0.6899705014749262 0.37256637168141593 0.04542772861356932 0.0607669616519174
0 0.8660766961651918 0.3805309734513274 0.03421828908554572 0.05781710914454277
0 0.359882005899705 0.4678466076696165 0.05545722713864307 0.05309734513274336
0 0.5303834808259587 0.4672566371681416 0.058997050147492625 0.06253687315634218
0 0.6949852507374631 0.5147492625368731 0.03303834808259587 0.08436578171091445
0 0.848377581120944 0.5144542772861357 0.035398230088495575 0.08259587020648967
0 0.8530973451327434 0.6345132743362831 0.03893805309734513 0.0607669616519174
0 0.6825958702064897 0.6277286135693215 0.0471976401179941 0.0471976401179941
0 0.5005899705014749 0.6070796460176991 0.05014749262536873 0.07079646017699115
0 0.22064896755162242 0.5530973451327433 0.05191740412979351 0.10206489675516224
0 0.13421828908554573 0.5333333333333333 0.0607669616519174 0.07669616519174041
0 0.13657817109144543 0.667551622418879 0.0607669616519174 0.16696165191740414
0 0.21622418879056046 0.6929203539823009 0.05604719764011799 0.10442477876106195
0 0.3613569321533923 0.6938053097345133 0.06666666666666667 0.06607669616519174
0 0.13805309734513274 0.8029498525073746 0.08259587020648967 0.04365781710914454
0 0.22123893805309736 0.8292035398230089 0.04601769911504425 0.10914454277286136
0 0.3678466076696165 0.7849557522123893 0.03480825958702065 0.08200589970501475
0 0.4964601769911504 0.771386430678466 0.07728613569321534 0.06312684365781711
0 0.7020648967551623 0.8404129793510324 0.08023598820058997 0.06784660766961652
0 0.843952802359882 0.81976401179941 0.05604719764011799 0.061946902654867256
