1 0.1271386430678466 0.10914454277286136 0.03480825958702065 0.025958702064896755
1 0.2935103244837758 0.09321533923303835 0.033628318584070796 0.022418879056047197
1 0.43716814159292033 0.08643067846607669 0.029498525073746312 0.019469026548672566
0 0.595575221238938 0.08761061946902654 0.03126843657817109 0.02654867256637168
1 0.7333333333333333 0.09646017699115045 0.03185840707964602 0.028908554572271386
1 0.8949852507374632 0.09705014749262536 0.029498525073746312 0.023008849557522124
1 0.8997050147492626 0.23628318584070795 0.029498525073746312 0.01710914454277286
1 0.7557522123893805 0.2312684365781711 0.027138643067846607 0.022418879056047197
1 0.6032448377581121 0.23569321533923304 0.032448377581120944 0.024188790560471976
1 0.4498525073746313 0.22831858407079647 0.028908554572271386 0.021238938053097345
1 0.3005899705014749 0.22330383480825958 0.032448377581120944 0.024188790560471976
1 0.15162241887905603 0.22123893805309736 0.02831858407079646 0.029498525073746312
1 0.1528023598820059 0.36843657817109143 0.03303834808259587 0.01592920353982301
1 0.3129793510324484 0.37256637168141593 0.032448377581120944 0.019469026548672566
1 0.47286135693215336 0.3752212389380531 0.027728613569321534 0.015339233038348082
1 0.6150442477876106 0.36224188790560474 0.03126843657817109 0.017699115044247787
1 0.7604719764011799 0.37964601769911505 0.029498525073746312 0.02182890855457227
1 0.9067846607669616 0.38082595870206487 0.027138643067846607 0.019469026548672566
1 0.9132743362831859 0.5274336283185841 0.03303834808259587 0.030678466076696165
1 0.763716814159292 0.5262536873156343 0.028908554572271386 0.025958702064896755
1 0.6212389380530974 0.5008849557522124 0.024778761061946902 0.02831858407079646
1 0.463716814159292 0.47699115044247786 0.029498525073746312 0.018289085545722714
1 0.3135693215339233 0.48731563421828905 0.03126843657817109 0.016519174041297935
1 0.15988200589970503 0.48112094395280236 0.03775811209439528 0.027728613569321534
1 0.15899705014749263 0.6404129793510325 0.033628318584070796 0.02536873156342183
1 0.32035398230088497 0.6548672566371682 0.03657817109144543 0.02831858407079646
1 0.4849557522123894 0.647787610619469 0.03185840707964602 0.020058997050147492
1 0.6283185840707964 0.6749262536873156 0.03185840707964602 0.017699115044247787
1 0.7846607669616519 0.6678466076696166 0.035398230088495575 0.020058997050147492
1 0.9038348082595871 0.664306784660767 0.029498525073746312 0.02359882005899705
1 0.8979351032448377 0.8498525073746312 0.03185840707964602 0.02536873156342183
1 0.7784660766961652 0.8498525073746312 0.03008849557522124 0.02064896755162242
1 0.6359882005899705 0.8530973451327434 0.025958702064896755 0.020058997050147492
1 0.4755162241887906 0.8619469026548673 0.03657817109144543 0.025958702064896755
1 0.3185840707964602 0.8616519174041298 0.03893805309734513 0.019469026548672566
1 0.16135693215339234 0.8737463126843658 0.0359882005899705 0.029498525073746312
