1 0.0584070796460177 0.14778761061946902 0.035398230088495575 0.01592920353982301
1 0.18289085545722714 0.1873156342182891 0.027138643067846607 0.03008849557522124
0 0.3696165191740413 0.16224188790560473 0.03126843657817109 0.03775811209439528
1 0.5218289085545723 0.1421828908554572 0.03480825958702065 0.030678466076696165
1 0.6991150442477876 0.11799410029498525 0.029498525073746312 0.021238938053097345
1 0.8592920353982301 0.0935103244837758 0.033628318584070796 0.032448377581120944
1 0.8728613569321534 0.30678466076696165 0.033628318584070796 0.029498525073746312
0 0.6634218289085546 0.3064896755162242 0.019469026548672566 0.05132743362831858
0 0.5412979351032449 0.28908554572271383 0.0359882005899705 0.027138643067846607
0 0.3743362831858407 0.34277286135693213 0.032448377581120944 0.027138643067846607
0 0.22241887905604718 0.33126843657817107 0.03421828908554572 0.03716814159292035
0 0.06578171091445428 0.30973451327433627 0.028908554572271386 0.030678466076696165
1 0.06489675516224189 0.4569321533923304 0.027138643067846607 0.024188790560471976
0 0.23303834808259588 0.4359882005899705 0.025958702064896755 0.03657817109144543
0 0.37256637168141593 0.4616519174041298 0.02182890855457227 0.04070796460176991
1 0.5492625368731563 0.44277286135693217 0.027138643067846607 0.02064896755162242
1 0.7106194690265487 0.43480825958702063 0.027728613569321534 0.02359882005899705
0 0.8622418879056047 0.4666666666666667 0.027728613569321534 0.035398230088495575
0 0.8587020648967552 0.5584070796460177 0.03480825958702065 0.038348082595870206
0 0.7079646017699115 0.5982300884955752 0.02831858407079646 0.03775811209439528
1 0.5507374631268437 0.5755162241887906 0.03126843657817109 0.02182890855457227
1 0.3905604719764012 0.58023598820059 0.035398230088495575 0.02536873156342183
1 0.2504424778761062 0.588495575221239 0.027728613569321534 0.02064896755162242
0 0.05575221238938053 0.595575221238938 0.028908554572271386 0.032448377581120944
0 0.07581120943952802 0.7053097345132743 0.04070796460176991 0.02536873156342183
0 0.2610619469026549 0.6958702064896755 0.03126843657817109 0.02536873156342183
0 0.39764011799410026 0.7365781710914454 0.03421828908554572 0.033628318584070796
0 0.5581120943952802 0.6634218289085546 0.03303834808259587 0.028908554572271386
0 0.7088495575221239 0.6988200589970501 0.03126843657817109 0.019469026548672566
0 0.8660766961651918 0.7029498525073746 0.017699115044247787 0.033628318584070796
0 0.0696165191740413 0.8324483775811209 0.03421828908554572 0.03657817109144543
0 0.2622418879056047 0.823598820058997 0.0359882005899705 0.03303834808259587
0 0.4135693215339233 0.8082595870206489 0.027138643067846607 0.029498525073746312
0 0.5492625368731563 0.8675516224188791 0.03185840707964602 0.0359882005899705
0 0.6952802359882005 0.8589970501474926 0.02654867256637168 0.035398230088495575
1 0.8887905604719764 0.8740412979351032 0.03008849557522124 0.032448377581120944
