1 0.05575221238938053 0.14660766961651917 0.028908554572271386 0.018289085545722714
1 0.17404129793510326 0.18761061946902655 0.020058997050147492 0.02831858407079646
0 0.3542772861356932 0.16991150442477876 0.018289085545722714 0.03657817109144543
0 0.5206489675516224 0.14129793510324484 0.03008849557522124 0.019469026548672566
1 0.6973451327433628 0.11858407079646018 0.029498525073746312 0.029498525073746312
0 0.8584070796460177 0.09144542772861357 0.03775811209439528 0.03303834808259587
0 0.8728613569321534 0.30117994100294987 0.033628318584070796 0.024188790560471976
0 0.6657817109144543 0.3070796460176991 0.02536873156342183 0.04542772861356932
0 0.543952802359882 0.28584070796460176 0.040117994100294985 0.02654867256637168
1 0.3702064896755162 0.3383480825958702 0.032448377581120944 0.028908554572271386
0 0.21799410029498525 0.33480825958702065 0.023008849557522124 0.03716814159292035
0 0.06519174041297934 0.315929203539823 0.02654867256637168 0.032448377581120944
1 0.058997050147492625 0.45663716814159294 0.029498525073746312 0.02359882005899705
0 0.2215339233038348 0.431858407079646 0.023008849557522124 0.03775811209439528
0 0.36902654867256635 0.45958702064896756 0.02182890855457227 0.04247787610619469
1 0.5471976401179941 0.4430678466076696 0.032448377581120944 0.020058997050147492
1 0.7100294985250737 0.43716814159292033 0.02654867256637168 0.021238938053097345
1 0.8619469026548673 0.4640117994100295 0.02831858407079646 0.038348082595870206
0 0.856637168141593 0.559882005899705 0.02831858407079646 0.04129793510324484
0 0.703834808259587 0.5973451327433629 0.02831858407079646 0.03480825958702065
1 0.5469026548672566 0.5772861356932153 0.027138643067846607 0.02064896755162242
1 0.3902654867256637 0.5778761061946902 0.028908554572271386 0.018289085545722714
1 0.24955752212389382 0.5938053097345133 0.029498525073746312 0.019469026548672566
1 0.05929203539823009 0.5893805309734513 0.03008849557522124 0.02831858407079646
1 0.07345132743362831 0.7017699115044248 0.03008849557522124 0.028908554572271386
0 0.06666666666666667 0.8333333333333334 0.029498525073746312 0.03480825958702065
1 0.2587020648967552 0.6967551622418879 0.03008849557522124 0.021238938053097345
1 0.2545722713864307 0.8268436578171091 0.02064896755162242 0.033628318584070796
0 0.3887905604719764 0.719174041297935 0.035398230088495575 0.030678466076696165
0 0.4079646017699115 0.8126843657817109 0.032448377581120944 0.027728613569321534
0 0.5401179941002949 0.7135693215339233 0.03126843657817109 0.03952802359882006
0 0.5466076696165192 0.8705014749262536 0.03126843657817109 0.038348082595870206
1 0.7061946902654868 0.7123893805309734 0.03303834808259587 0.02536873156342183
0 0.6982300884955752 0.8613569321533923 0.027728613569321534 0.04837758112094395
1 0.8660766961651918 0.7079646017699115 0.027138643067846607 0.030678466076696165
1 0.8870206489675516 0.8749262536873156 0.02536873156342183 0.030678466076696165
