1 0.12300884955752212 0.11032448377581121 0.03126843657817109 0.02831858407079646
1 0.29705014749262537 0.11799410029498525 0.03008849557522124 0.022418879056047197
1 0.45073746312684365 0.12418879056047197 0.029498525073746312 0.024188790560471976
1 0.6224188790560472 0.13952802359882005 0.03657817109144543 0.02064896755162242
1 0.7610619469026548 0.14778761061946902 0.025958702064896755 0.024188790560471976
1 0.9348082595870206 0.14277286135693215 0.033628318584070796 0.015339233038348082
1 0.9286135693215339 0.2973451327433628 0.030678466076696165 0.01887905604719764
1 0.7536873156342183 0.296165191740413 0.02536873156342183 0.021238938053097345
1 0.6150442477876106 0.30117994100294987 0.03480825958702065 0.014749262536873156
1 0.4545722713864307 0.30029498525073745 0.03952802359882006 0.017699115044247787
1 0.30029498525073745 0.2837758112094395 0.03185840707964602 0.022418879056047197
1 0.1215339233038348 0.2778761061946903 0.03185840707964602 0.022418879056047197
1 0.12330383480825959 0.4389380530973451 0.02831858407079646 0.021238938053097345
1 0.28348082595870205 0.4389380530973451 0.03126843657817109 0.017699115044247787
1 0.44837758112094395 0.44011799410029495 0.029498525073746312 0.025958702064896755
1 0.6091445427728613 0.44601769911504424 0.03480825958702065 0.022418879056047197
1 0.7581120943952803 0.44778761061946903 0.03421828908554572 0.020058997050147492
1 0.9368731563421828 0.451622418879056 0.02831858407079646 0.02064896755162242
1 0.9362831858407079 0.5958702064896755 0.029498525073746312 0.02359882005899705
1 0.7492625368731564 0.5867256637168141 0.029498525073746312 0.024188790560471976
1 0.6058997050147492 0.5781710914454277 0.03185840707964602 0.017699115044247787
1 0.4471976401179941 0.5790560471976401 0.03185840707964602 0.02064896755162242
1 0.2867256637168142 0.5766961651917404 0.030678466076696165 0.019469026548672566
1 0.12654867256637167 0.5814159292035398 0.02654867256637168 0.027728613569321534
1 0.13480825958702064 0.7029498525073746 0.019469026548672566 0.033628318584070796
1 0.29321533923303833 0.7 0.03185840707964602 0.02182890855457227
1 0.44955752212389377 0.7014749262536873 0.029498525073746312 0.021238938053097345
1 0.6023598820058997 0.7061946902654868 0.03421828908554572 0.020058997050147492
1 0.755457227138643 0.720353982300885 0.03008849557522124 0.027138643067846607
1 0.9359882005899705 0.7227138643067846 0.04188790560471976 0.022418879056047197
1 0.9351032448377581 0.8333333333333334 0.03657817109144543 0.01710914454277286
1 0.7654867256637168 0.8327433628318583 0.0359882005899705 0.02064896755162242
1 0.5911504424778761 0.831858407079646 0.030678466076696165 0.020058997050147492
1 0.44365781710914454 0.8445427728613569 0.027138643067846607 0.012389380530973451
1 0.2775811209439528 0.8353982300884956 0.03126843657817109 0.02831858407079646
1 0.13156342182890857 0.8675516224188791 0.02359882005899705 0.03008849557522124
