1 0.10825958702064897 0.10383480825958702 0.03480825958702065 0.016519174041297935
1 0.25486725663716814 0.10442477876106195 0.03775811209439528 0.015339233038348082
1 0.3985250737463127 0.1056047197640118 0.032448377581120944 0.020058997050147492
1 0.5436578171091445 0.10825958702064897 0.032448377581120944 0.02182890855457227
1 0.7112094395280236 0.11622418879056047 0.038348082595870206 0.021238938053097345
1 0.8578171091445428 0.12595870206489676 0.03303834808259587 0.018289085545722714
1 0.8584070796460177 0.2336283185840708 0.03657817109144543 0.020058997050147492
1 0.7032448377581121 0.22684365781710913 0.03303834808259587 0.018289085545722714
1 0.5436578171091445 0.23008849557522124 0.03952802359882006 0.022418879056047197
1 0.3949852507374631 0.22861356932153393 0.033628318584070796 0.019469026548672566
1 0.2448377581120944 0.228023598820059 0.03185840707964602 0.02536873156342183
1 0.12212389380530973 0.2271386430678466 0.03303834808259587 0.024778761061946902
1 0.12094395280235988 0.3672566371681416 0.030678466076696165 0.024188790560471976
1 0.2345132743362832 0.359882005899705 0.03716814159292035 0.02359882005899705
1 0.37138643067846605 0.3696165191740413 0.0359882005899705 0.02064896755162242
1 0.547787610619469 0.3687315634218289 0.033628318584070796 0.021238938053097345
1 0.6908554572271386 0.3654867256637168 0.03185840707964602 0.02182890855457227
1 0.8654867256637168 0.37669616519174043 0.035398230088495575 0.02064896755162242
1 0.8539823008849557 0.492330383480826 0.03716814159292035 0.02064896755162242
1 0.6967551622418879 0.4964601769911504 0.03893805309734513 0.02064896755162242
1 0.5466076696165192 0.4982300884955752 0.033628318584070796 0.02182890855457227
1 0.37079646017699114 0.5041297935103245 0.028908554572271386 0.018289085545722714
1 0.23539823008849559 0.5238938053097345 0.035398230088495575 0.022418879056047197
1 0.12094395280235988 0.5259587020648967 0.029498525073746312 0.027728613569321534
1 0.11386430678466077 0.663126843657817 0.03185840707964602 0.01887905604719764
1 0.2327433628318584 0.6669616519174041 0.03008849557522124 0.01592920353982301
1 0.36519174041297936 0.6634218289085546 0.035398230088495575 0.02182890855457227
1 0.5292035398230088 0.6607669616519174 0.03893805309734513 0.021238938053097345
1 0.6896755162241888 0.6604719764011799 0.03775811209439528 0.023008849557522124
1 0.8504424778761062 0.6619469026548672 0.03716814159292035 0.020058997050147492
1 0.8504424778761062 0.8100294985250738 0.033628318584070796 0.017699115044247787
1 0.6882005899705015 0.8053097345132744 0.033628318584070796 0.017699115044247787
1 0.5129793510324484 0.8135693215339233 0.028908554572271386 0.01887905604719764
1 0.371976401179941 0.8132743362831858 0.032448377581120944 0.019469026548672566
1 0.2345132743362832 0.8117994100294985 0.03716814159292035 0.015339233038348082
1 0.12182890855457226 0.8106194690265487 0.03008849557522124 0.017699115044247787
