1 0.1327433628318584 0.09233038348082595 0.04601769911504425 0.04188790560471976
0 0.27728613569321536 0.08702064896755163 0.03421828908554572 0.03126843657817109
0 0.3415929203539823 0.0943952802359882 0.030678466076696165 0.030678466076696165
0 0.5067846607669616 0.1168141592920354 0.03185840707964602 0.027138643067846607
0 0.7241887905604719 0.10117994100294986 0.03126843657817109 0.033628318584070796
0 0.8622418879056047 0.08643067846607669 0.05132743362831858 0.04070796460176991
0 0.8572271386430679 0.22300884955752212 0.04601769911504425 0.0696165191740413
0 0.708259587020649 0.23952802359882006 0.05486725663716814 0.04247787610619469
1 0.5203539823008849 0.25781710914454276 0.05781710914454277 0.03657817109144543
0 0.39764011799410026 0.24985250737463127 0.05663716814159292 0.05958702064896755
0 0.2634218289085546 0.2607669616519174 0.038348082595870206 0.03185840707964602
0 0.14424778761061946 0.2528023598820059 0.06312684365781711 0.032448377581120944
0 0.12684365781710916 0.41858407079646015 0.06725663716814159 0.04070796460176991
0 0.29410029498525075 0.3828908554572271 0.06430678466076696 0.08141592920353982
0 0.4622418879056047 0.4061946902654867 0.0359882005899705 0.0808259587020649
0 0.563716814159292 0.4265486725663717 0.03008849557522124 0.09557522123893805
1 0.7020648967551623 0.4085545722713864 0.05309734513274336 0.043067846607669616
1 0.8474926253687316 0.443952802359882 0.028908554572271386 0.04070796460176991
0 0.851622418879056 0.5781710914454277 0.0607669616519174 0.06725663716814159
1 0.679646017699115 0.5471976401179941 0.04837758112094395 0.04188790560471976
0 0.5584070796460177 0.536283185840708 0.04542772861356932 0.03421828908554572
0 0.39941002949852505 0.5825958702064896 0.04129793510324484 0.07610619469026549
1 0.25899705014749264 0.5764011799410029 0.027138643067846607 0.03421828908554572
1 0.11651917404129794 0.5542772861356932 0.05132743362831858 0.03952802359882006
1 0.1168141592920354 0.6613569321533923 0.03775811209439528 0.05663716814159292
0 0.26194690265486725 0.6442477876106194 0.05191740412979351 0.07669616519174041
0 0.43539823008849554 0.7088495575221239 0.08731563421828908 0.052507374631268436
0 0.5766961651917404 0.6935103244837758 0.03952802359882006 0.04660766961651917
1 0.671386430678466 0.692330383480826 0.0471976401179941 0.03952802359882006
0 0.840117994100295 0.7029498525073746 0.08613569321533923 0.06784660766961652
0 0.8309734513274336 0.8746312684365781 0.06312684365781711 0.043067846607669616
0 0.6979351032448378 0.904424778761062 0.04247787610619469 0.06253687315634218
1 0.571976401179941 0.8997050147492626 0.03952802359882006 0.03657817109144543
0 0.38908554572271387 0.8336283185840708 0.04188790560471976 0.07905604719764012
1 0.22654867256637168 0.891740412979351 0.07079646017699115 0.03716814159292035
1 0.10678466076696165 0.8412979351032448 0.03657817109144543 0.04365781710914454
