0 0.10088495575221239 0.11710914454277285 0.03775811209439528 0.0359882005899705
0 0.20265486725663717 0.1592920353982301 0.07374631268436578 0.09911504424778761
0 0.3489675516224189 0.10707964601769912 0.043067846607669616 0.043067846607669616
0 0.48289085545722715 0.1336283185840708 0.13156342182890857 0.08436578171091445
0 0.6327433628318584 0.140117994100295 0.07138643067846608 0.09026548672566372
0 0.768141592920354 0.17138643067846607 0.06253687315634218 0.07846607669616519
0 0.11799410029498525 0.2790560471976401 0.044837758112094395 0.07787610619469026
1 0.23303834808259588 0.26755162241887903 0.0471976401179941 0.03480825958702065
0 0.3386430678466077 0.2634218289085546 0.06843657817109144 0.032448377581120944
1 0.5 0.28053097345132744 0.04070796460176991 0.03716814159292035
0 0.6557522123893805 0.2569321533923304 0.09380530973451327 0.06312684365781711
0 0.7887905604719764 0.23480825958702065 0.13333333333333333 0.04247787610619469
0 0.7775811209439528 0.42920353982300885 0.04129793510324484 0.03716814159292035
0 0.6722713864306784 0.4604719764011799 0.09734513274336283 0.057227138643067846
1 0.5050147492625369 0.39557522123893807 0.05191740412979351 0.03952802359882006
0 0.26784660766961654 0.4088495575221239 0.10265486725663717 0.06253687315634218
0 0.37669616519174043 0.45073746312684365 0.06902654867256637 0.14041297935103245
0 0.1135693215339233 0.46283185840707963 0.05132743362831858 0.0359882005899705
0 0.14690265486725662 0.5967551622418878 0.03185840707964602 0.04542772861356932
0 0.30737463126843656 0.6188790560471976 0.08967551622418879 0.1486725663716814
0 0.4174041297935103 0.6047197640117994 0.11032448377581121 0.08023598820058997
0 0.5339233038348082 0.5200589970501475 0.044837758112094395 0.043067846607669616
0 0.6569321533923304 0.5734513274336284 0.12448377581120944 0.10619469026548672
0 0.7775811209439528 0.5530973451327433 0.035398230088495575 0.05014749262536873
0 0.7702064896755162 0.671976401179941 0.11268436578171091 0.0967551622418879
0 0.6858407079646017 0.68023598820059 0.0584070796460177 0.05545722713864307
0 0.5454277286135694 0.6657817109144543 0.07374631268436578 0.06430678466076696
0 0.15132743362831858 0.6654867256637168 0.0359882005899705 0.04837758112094395
0 0.27315634218289087 0.7294985250737464 0.035398230088495575 0.04424778761061947
0 0.11120943952802359 0.8233038348082595 0.04660766961651917 0.09144542772861357
1 0.2519174041297935 0.8412979351032448 0.03303834808259587 0.02359882005899705
0 0.43097345132743364 0.7678466076696165 0.11504424778761062 0.12094395280235988
0 0.38436578171091446 0.8445427728613569 0.1303834808259587 0.11150442477876106
0 0.5569321533923304 0.8451327433628318 0.06017699115044248 0.10442477876106195
0 0.6513274336283186 0.7867256637168142 0.04365781710914454 0.07374631268436578
0 0.7722713864306785 0.799410029498525 0.16519174041297935 0.05545722713864307
