0 0.1480825958702065 0.171976401179941 0.13215339233038348 0.09026548672566372
0 0.32772861356932154 0.17463126843657817 0.08672566371681416 0.10855457227138643
0 0.5339233038348082 0.15339233038348082 0.13805309734513274 0.06489675516224189
0 0.6634218289085546 0.13126843657817108 0.0584070796460177 0.17522123893805308
0 0.7710914454277286 0.1191740412979351 0.15103244837758112 0.11091445427728613
0 0.7648967551622419 0.24808259587020648 0.08436578171091445 0.03952802359882006
0 0.6533923303834808 0.2587020648967552 0.21179941002949854 0.06666666666666667
0 0.5179941002949853 0.2784660766961652 0.14985250737463127 0.05073746312684366
0 0.26430678466076696 0.25722713864306784 0.12861356932153392 0.058997050147492625
0 0.15516224188790562 0.31327433628318585 0.03775811209439528 0.0967551622418879
0 0.31327433628318585 0.3672566371681416 0.12625368731563422 0.16106194690265485
0 0.415929203539823 0.48731563421828905 0.1191740412979351 0.071976401179941
0 0.47640117994100295 0.4324483775811209 0.047787610619469026 0.029498525073746312
0 0.49262536873156343 0.47168141592920354 0.143952802359882 0.12566371681415928
0 0.42212389380530974 0.5283185840707965 0.12212389380530973 0.052507374631268436
0 0.6079646017699115 0.3943952802359882 0.09144542772861357 0.19882005899705013
0 0.7392330383480826 0.34837758112094397 0.07669616519174041 0.04542772861356932
1 0.1056047197640118 0.5309734513274336 0.029498525073746312 0.027138643067846607
0 0.11710914454277285 0.6504424778761062 0.10678466076696165 0.18112094395280237
0 0.17758112094395279 0.5949852507374631 0.07787610619469026 0.11268436578171091
0 0.28908554572271383 0.6 0.1687315634218289 0.12035398230088495
0 0.38908554572271387 0.6625368731563421 0.057227138643067846 0.12743362831858407
0 0.5333333333333333 0.5958702064896755 0.14041297935103245 0.10737463126843658
0 0.5958702064896755 0.6026548672566372 0.15575221238938053 0.09970501474926254
0 0.7442477876106195 0.6436578171091445 0.09498525073746313 0.13569321533923304
0 0.7407079646017699 0.6126843657817109 0.06902654867256637 0.06784660766961652
0 0.2784660766961652 0.7144542772861356 0.09793510324483776 0.0696165191740413
0 0.13480825958702064 0.8165191740412979 0.11740412979351032 0.14277286135693215
0 0.24749262536873157 0.8259587020648967 0.1079646017699115 0.08023598820058997
1 0.32831858407079645 0.8064896755162242 0.027728613569321534 0.024778761061946902
0 0.46135693215339235 0.8061946902654867 0.029498525073746312 0.07728613569321534
0 0.5961651917404129 0.7970501474926254 0.15162241887905603 0.11445427728613569
0 0.6581120943952802 0.8265486725663717 0.08672566371681416 0.15575221238938053
0 0.6657817109144543 0.5188790560471976 0.03952802359882006 0.06902654867256637
