1 0.05929203539823009 0.1463126843657817 0.03008849557522124 0.022418879056047197
1 0.17315634218289086 0.18672566371681415 0.03008849557522124 0.03480825958702065
0 0.35221238938053095 0.17050147492625367 0.024778761061946902 0.04365781710914454
1 0.5212389380530973 0.13657817109144543 0.033628318584070796 0.019469026548672566
1 0.6985250737463127 0.11858407079646018 0.03303834808259587 0.02831858407079646
1 0.851622418879056 0.08466076696165192 0.0359882005899705 0.028908554572271386
1 0.8743362831858407 0.30265486725663715 0.040117994100294985 0.02831858407079646
0 0.6640117994100295 0.3047197640117994 0.023008849557522124 0.047787610619469026
0 0.5415929203539823 0.2867256637168142 0.03775811209439528 0.029498525073746312
1 0.3710914454277286 0.33421828908554574 0.03657817109144543 0.027728613569321534
1 0.2191740412979351 0.33775811209439527 0.024188790560471976 0.038348082595870206
0 0.06696165191740414 0.3168141592920354 0.02654867256637168 0.03303834808259587
0 0.06135693215339233 0.45722713864306785 0.021238938053097345 0.027138643067846607
0 0.22566371681415928 0.43156342182890856 0.02536873156342183 0.04424778761061947
0 0.37168141592920356 0.4604719764011799 0.021238938053097345 0.04070796460176991
1 0.5486725663716814 0.4421828908554572 0.030678466076696165 0.02064896755162242
1 0.7094395280235988 0.43805309734513276 0.02654867256637168 0.023008849557522124
0 0.8613569321533923 0.46519174041297934 0.029498525073746312 0.038348082595870206
0 0.8584070796460177 0.5587020648967551 0.029498525073746312 0.03775811209439528
0 0.7014749262536873 0.6011799410029498 0.03303834808259587 0.03775811209439528
1 0.547787610619469 0.5814159292035398 0.032448377581120944 0.02182890855457227
1 0.39292035398230085 0.5808259587020649 0.03421828908554572 0.02536873156342183
1 0.24778761061946902 0.5943952802359882 0.029498525073746312 0.02064896755162242
0 0.058997050147492625 0.5961651917404129 0.02831858407079646 0.03480825958702065
1 0.07758112094395281 0.7064896755162242 0.0359882005899705 0.02536873156342183
1 0.2587020648967552 0.6997050147492625 0.0359882005899705 0.024778761061946902
1 0.3873156342182891 0.7179941002949852 0.0359882005899705 0.03185840707964602
0 0.5427728613569321 0.7100294985250737 0.03303834808259587 0.04070796460176991
0 0.7064896755162242 0.7153392330383481 0.032448377581120944 0.028908554572271386
1 0.8657817109144542 0.7056047197640118 0.023008849557522124 0.03657817109144543
0 0.8899705014749263 0.875221238938053 0.03480825958702065 0.033628318584070796
0 0.6943952802359882 0.8581120943952802 0.024778761061946902 0.04660766961651917
0 0.5469026548672566 0.8705014749262536 0.030678466076696165 0.0359882005899705
0 0.41002949852507375 0.8082595870206489 0.03421828908554572 0.02831858407079646
0 0.2542772861356932 0.8283185840707965 0.02359882005899705 0.04129793510324484
0 0.06607669616519174 0.8297935103244838 0.03185840707964602 0.0359882005899705
