1 0.11238938053097344 0.10294985250737462 0.03952802359882006 0.014749262536873156
1 0.2557522123893805 0.10265486725663717 0.03480825958702065 0.022418879056047197
1 0.39941002949852505 0.1079646017699115 0.03185840707964602 0.024778761061946902
1 0.5430678466076696 0.10678466076696165 0.03480825958702065 0.015339233038348082
1 0.7115044247787611 0.11769911504424779 0.03185840707964602 0.028908554572271386
1 0.8587020648967552 0.12507374631268436 0.0359882005899705 0.016519174041297935
1 0.8595870206489675 0.23569321533923304 0.03421828908554572 0.02182890855457227
1 0.7035398230088495 0.22743362831858407 0.0359882005899705 0.018289085545722714
1 0.5418879056047198 0.23067846607669618 0.038348082595870206 0.020058997050147492
1 0.39292035398230085 0.22890855457227138 0.03657817109144543 0.021238938053097345
1 0.243952802359882 0.22684365781710913 0.023008849557522124 0.024188790560471976
1 0.1215339233038348 0.2271386430678466 0.030678466076696165 0.020058997050147492
1 0.12330383480825959 0.36607669616519173 0.02831858407079646 0.02182890855457227
1 0.2345132743362832 0.35929203539823007 0.033628318584070796 0.017699115044247787
1 0.36991150442477877 0.3672566371681416 0.035398230088495575 0.018289085545722714
1 0.5471976401179941 0.3702064896755162 0.03126843657817109 0.018289085545722714
1 0.691150442477876 0.3616519174041298 0.033628318584070796 0.022418879056047197
1 0.8666666666666667 0.37610619469026546 0.03775811209439528 0.02182890855457227
1 0.856637168141593 0.49203539823008846 0.035398230088495575 0.020058997050147492
1 0.696165191740413 0.4952802359882006 0.03657817109144543 0.019469026548672566
1 0.5480825958702065 0.49852507374631266 0.03657817109144543 0.021238938053097345
1 0.36991150442477877 0.5041297935103245 0.03421828908554572 0.02182890855457227
1 0.2374631268436578 0.5250737463126843 0.03480825958702065 0.017699115044247787
1 0.12064896755162241 0.5244837758112094 0.02536873156342183 0.02831858407079646
1 0.11533923303834809 0.6604719764011799 0.03126843657817109 0.023008849557522124
1 0.23244837758112094 0.6657817109144543 0.030678466076696165 0.018289085545722714
1 0.3654867256637168 0.6625368731563421 0.033628318584070796 0.020058997050147492
1 0.5283185840707965 0.6587020648967552 0.032448377581120944 0.019469026548672566
1 0.6914454277286135 0.6628318584070796 0.03421828908554572 0.019469026548672566
1 0.8545722713864307 0.6637168141592921 0.038348082595870206 0.021238938053097345
1 0.848377581120944 0.8097345132743363 0.03657817109144543 0.02064896755162242
1 0.692330383480826 0.8047197640117993 0.03126843657817109 0.017699115044247787
1 0.5150442477876106 0.8147492625368732 0.03657817109144543 0.021238938053097345
1 0.3734513274336283 0.812094395280236 0.03303834808259587 0.018289085545722714
1 0.2368731563421829 0.8115044247787611 0.03952802359882006 0.01592920353982301
1 0.1224188790560472 0.8123893805309734 0.033628318584070796 0.01887905604719764
