1 0.13215339233038348 0.12772861356932153 0.022418879056047197 0.03480825958702065
1 0.2778761061946903 0.1631268436578171 0.02831858407079646 0.02654867256637168
1 0.4457227138643068 0.15073746312684366 0.03480825958702065 0.02064896755162242
1 0.5941002949852507 0.16843657817109145 0.03303834808259587 0.02182890855457227
1 0.7678466076696165 0.16578171091445426 0.03716814159292035 0.021238938053097345
1 0.9362831858407079 0.16283185840707964 0.035398230088495575 0.021238938053097345
1 0.9362831858407079 0.27640117994100294 0.03657817109144543 0.024188790560471976
1 0.755457227138643 0.279646017699115 0.03126843657817109 0.030678466076696165
1 0.6047197640117994 0.28997050147492626 0.035398230088495575 0.02064896755162242
1 0.4486725663716814 0.29646017699115046 0.032448377581120944 0.024188790560471976
1 0.29321533923303833 0.2982300884955752 0.03185840707964602 0.02064896755162242
1 0.13421828908554573 0.2929203539823009 0.018289085545722714 0.032448377581120944
1 0.12448377581120944 0.41710914454277287 0.03303834808259587 0.02359882005899705
1 0.2873156342182891 0.4212389380530973 0.029498525073746312 0.01887905604719764
1 0.4504424778761062 0.42035398230088494 0.03008849557522124 0.023008849557522124
1 0.6044247787610619 0.4206489675516224 0.03126843657817109 0.015339233038348082
1 0.7480825958702064 0.4109144542772861 0.03657817109144543 0.02064896755162242
1 0.9359882005899705 0.40176991150442476 0.028908554572271386 0.022418879056047197
1 0.12536873156342182 0.5595870206489676 0.03008849557522124 0.01710914454277286
1 0.287905604719764 0.5601769911504425 0.02831858407079646 0.02064896755162242
1 0.4469026548672566 0.5569321533923304 0.02536873156342183 0.022418879056047197
1 0.6091445427728613 0.552212389380531 0.033628318584070796 0.022418879056047197
1 0.7572271386430678 0.5533923303834808 0.033628318584070796 0.021238938053097345
1 0.9353982300884955 0.5486725663716814 0.028908554572271386 0.01887905604719764
1 0.9286135693215339 0.6997050147492625 0.035398230088495575 0.01887905604719764
1 0.755457227138643 0.7020648967551623 0.028908554572271386 0.022418879056047197
1 0.616519174041298 0.6973451327433628 0.03657817109144543 0.021238938053097345
1 0.45368731563421827 0.699410029498525 0.03657817109144543 0.019469026548672566
1 0.30117994100294987 0.7176991150442478 0.03008849557522124 0.024188790560471976
1 0.12123893805309735 0.7241887905604719 0.0359882005899705 0.02182890855457227
1 0.12418879056047197 0.8905604719764012 0.03008849557522124 0.023008849557522124
1 0.2967551622418879 0.8817109144542773 0.029498525073746312 0.024188790560471976
1 0.451622418879056 0.8749262536873156 0.03126843657817109 0.025958702064896755
1 0.623598820058997 0.8560471976401179 0.03421828908554572 0.020058997050147492
1 0.7604719764011799 0.8507374631268436 0.025958702064896755 0.024778761061946902
1 0.9374631268436578 0.8542772861356932 0.03185840707964602 0.022418879056047197
