1 0.06548672566371681 0.14424778761061946 0.03303834808259587 0.023008849557522124
1 0.2430678466076696 0.13893805309734514 0.02831858407079646 0.01710914454277286
1 0.37846607669616517 0.14041297935103245 0.03716814159292035 0.020058997050147492
1 0.5539823008849557 0.12566371681415928 0.024778761061946902 0.022418879056047197
1 0.7017699115044248 0.11946902654867256 0.032448377581120944 0.027728613569321534
1 0.8713864306784661 0.10707964601769912 0.03421828908554572 0.03126843657817109
1 0.8820058997050148 0.27640117994100294 0.03657817109144543 0.01710914454277286
1 0.699410029498525 0.2843657817109144 0.033628318584070796 0.02359882005899705
1 0.5495575221238937 0.2973451327433628 0.04070796460176991 0.024778761061946902
1 0.3846607669616519 0.3035398230088496 0.02831858407079646 0.02536873156342183
1 0.24631268436578171 0.3 0.027728613569321534 0.018289085545722714
1 0.07345132743362831 0.3014749262536873 0.028908554572271386 0.022418879056047197
1 0.06725663716814159 0.452212389380531 0.024778761061946902 0.019469026548672566
1 0.240117994100295 0.44896755162241886 0.03421828908554572 0.01887905604719764
1 0.3905604719764012 0.4471976401179941 0.03421828908554572 0.024778761061946902
1 0.5495575221238937 0.44365781710914454 0.03008849557522124 0.021238938053097345
1 0.7153392330383481 0.44277286135693217 0.0359882005899705 0.01710914454277286
1 0.8775811209439528 0.4421828908554572 0.03480825958702065 0.02182890855457227
1 0.06401179941002949 0.5994100294985251 0.027728613569321534 0.01887905604719764
1 0.25162241887905606 0.5911504424778761 0.03126843657817109 0.01887905604719764
1 0.39410029498525073 0.58023598820059 0.030678466076696165 0.018289085545722714
1 0.5533923303834808 0.5799410029498525 0.030678466076696165 0.022418879056047197
1 0.7147492625368731 0.5784660766961652 0.0359882005899705 0.018289085545722714
1 0.8743362831858407 0.5834808259587021 0.03421828908554572 0.022418879056047197
1 0.06696165191740414 0.71976401179941 0.03716814159292035 0.02359882005899705
1 0.24572271386430677 0.719174041297935 0.02654867256637168 0.021238938053097345
1 0.3949852507374631 0.7070796460176991 0.032448377581120944 0.019469026548672566
1 0.5504424778761062 0.699410029498525 0.03303834808259587 0.019469026548672566
1 0.7100294985250737 0.7017699115044248 0.03480825958702065 0.02536873156342183
1 0.8799410029498524 0.7162241887905605 0.03716814159292035 0.022418879056047197
1 0.8825958702064897 0.8778761061946903 0.030678466076696165 0.021238938053097345
1 0.7241887905604719 0.8560471976401179 0.032448377581120944 0.021238938053097345
1 0.5554572271386431 0.848377581120944 0.032448377581120944 0.016519174041297935
1 0.39646017699115044 0.8489675516224189 0.025958702064896755 0.017699115044247787
1 0.2430678466076696 0.8421828908554572 0.03775811209439528 0.01710914454277286
1 0.06460176991150443 0.8348082595870207 0.033628318584070796 0.022418879056047197
