0 0.14188790560471976 0.14690265486725662 0.10324483775811209 0.10265486725663717
0 0.3094395280235988 0.13569321533923304 0.13156342182890857 0.143952802359882
0 0.5200589970501475 0.10088495575221239 0.08672566371681416 0.15457227138643068
0 0.6825958702064897 0.11651917404129794 0.08731563421828908 0.21651917404129795
0 0.8643067846607669 0.09469026548672566 0.13097345132743363 0.09262536873156342
0 0.15250737463126843 0.3153392330383481 0.09262536873156342 0.04660766961651917
1 0.3079646017699115 0.2808259587020649 0.029498525073746312 0.03657817109144543
0 0.5250737463126843 0.28053097345132744 0.16047197640117994 0.052507374631268436
0 0.6215339233038348 0.24041297935103245 0.06312684365781711 0.07256637168141593
0 0.7861356932153393 0.2327433628318584 0.1870206489675516 0.07374631268436578
0 0.7787610619469026 0.40058997050147493 0.10265486725663717 0.04247787610619469
0 0.6106194690265486 0.4002949852507375 0.0920353982300885 0.1929203539823009
0 0.4766961651917404 0.41622418879056045 0.06135693215339233 0.04070796460176991
0 0.4117994100294985 0.46283185840707963 0.05545722713864307 0.11976401179941003
0 0.32359882005899704 0.42094395280235986 0.17640117994100296 0.09380530973451327
1 0.15634218289085544 0.40235988200589967 0.01887905604719764 0.03775811209439528
0 0.11445427728613569 0.5020648967551622 0.10973451327433628 0.07905604719764012
1 0.2504424778761062 0.5669616519174041 0.028908554572271386 0.03775811209439528
0 0.4168141592920354 0.5418879056047198 0.08908554572271386 0.13392330383480827
1 0.5171091445427729 0.5194690265486726 0.04188790560471976 0.027728613569321534
1 0.6749262536873156 0.5772861356932153 0.040117994100294985 0.0607669616519174
0 0.7766961651917405 0.5554572271386431 0.08200589970501475 0.04660766961651917
0 0.7566371681415929 0.7002949852507374 0.0584070796460177 0.049557522123893805
0 0.1056047197640118 0.651622418879056 0.1215339233038348 0.1893805309734513
0 0.09911504424778761 0.7861356932153393 0.0967551622418879 0.16932153392330385
0 0.2112094395280236 0.787905604719764 0.10619469026548672 0.1303834808259587
1 0.24690265486725663 0.6746312684365782 0.03008849557522124 0.028908554572271386
0 0.38377581120943954 0.6533923303834808 0.04424778761061947 0.11150442477876106
0 0.5020648967551622 0.640117994100295 0.18525073746312684 0.05781710914454277
0 0.6297935103244837 0.6938053097345133 0.10442477876106195 0.17581120943952802
0 0.7374631268436578 0.7501474926253687 0.07551622418879056 0.15752212389380532
0 0.6067846607669617 0.8162241887905605 0.1528023598820059 0.09616519174041298
0 0.46342182890855455 0.8091445427728613 0.03008849557522124 0.07964601769911504
1 0.3292035398230089 0.8073746312684366 0.029498525073746312 0.02182890855457227
