0 0.09970501474926254 0.11769911504424779 0.04365781710914454 0.03126843657817109
0 0.20235988200589972 0.15575221238938053 0.07551622418879056 0.0943952802359882
0 0.3495575221238938 0.10707964601769912 0.038348082595870206 0.04896755162241888
0 0.48023598820059 0.13657817109144543 0.12979351032448377 0.07846607669616519
0 0.6289085545722713 0.1415929203539823 0.0696165191740413 0.09793510324483776
0 0.7678466076696165 0.16902654867256636 0.07020648967551622 0.08790560471976401
0 0.7893805309734513 0.2359882005899705 0.12507374631268436 0.044837758112094395
0 0.6619469026548672 0.2584070796460177 0.07787610619469026 0.06371681415929203
1 0.4976401179941003 0.27640117994100294 0.0359882005899705 0.03716814159292035
0 0.33952802359882006 0.2669616519174041 0.07256637168141593 0.03480825958702065
0 0.2345132743362832 0.268141592920354 0.05486725663716814 0.03716814159292035
0 0.11032448377581121 0.2734513274336283 0.054277286135693215 0.06666666666666667
1 0.10619469026548672 0.45958702064896756 0.04247787610619469 0.04129793510324484
0 0.38348082595870203 0.451622418879056 0.06725663716814159 0.1351032448377581
0 0.2651917404129793 0.4097345132743363 0.10088495575221239 0.0607669616519174
1 0.5050147492625369 0.39705014749262535 0.049557522123893805 0.04247787610619469
0 0.6666666666666666 0.4604719764011799 0.10383480825958702 0.05486725663716814
0 0.7766961651917405 0.4283185840707965 0.03716814159292035 0.04247787610619469
0 0.7802359882005899 0.5507374631268437 0.028908554572271386 0.047787610619469026
0 0.6557522123893805 0.5666666666666667 0.11622418879056047 0.09380530973451327
0 0.5383480825958702 0.5182890855457227 0.047787610619469026 0.043067846607669616
0 0.41238938053097346 0.603834808259587 0.11209439528023599 0.07610619469026549
0 0.3023598820058997 0.6156342182890855 0.0808259587020649 0.14690265486725662
0 0.1495575221238938 0.5985250737463127 0.03716814159292035 0.04070796460176991
0 0.15221238938053097 0.6672566371681415 0.03421828908554572 0.044837758112094395
0 0.27227138643067844 0.7259587020648968 0.03126843657817109 0.043067846607669616
0 0.4294985250737463 0.763716814159292 0.11209439528023599 0.11150442477876106
0 0.5424778761061947 0.6669616519174041 0.06666666666666667 0.0607669616519174
0 0.6873156342182891 0.6778761061946903 0.04837758112094395 0.05191740412979351
0 0.7702064896755162 0.6722713864306784 0.1079646017699115 0.10088495575221239
0 0.7743362831858407 0.7997050147492625 0.1528023598820059 0.05486725663716814
0 0.6501474926253688 0.7884955752212389 0.04247787610619469 0.07492625368731563
0 0.5569321533923304 0.835693215339233 0.058997050147492625 0.11268436578171091
0 0.3828908554572271 0.8460176991150442 0.12625368731563422 0.09911504424778761
1 0.252212389380531 0.8368731563421828 0.033628318584070796 0.024188790560471976
0 0.10973451327433628 0.823598820058997 0.03893805309734513 0.08495575221238938
