1 0.12064896755162241 0.12330383480825959 0.028908554572271386 0.02359882005899705
1 0.2778761061946903 0.14365781710914455 0.03421828908554572 0.01710914454277286
1 0.4451327433628319 0.15250737463126843 0.03126843657817109 0.01710914454277286
1 0.6032448377581121 0.15398230088495574 0.033628318584070796 0.017699115044247787
1 0.7575221238938052 0.1592920353982301 0.03421828908554572 0.02359882005899705
1 0.9362831858407079 0.17138643067846607 0.03185840707964602 0.02064896755162242
1 0.12389380530973451 0.28702064896755164 0.040117994100294985 0.023008849557522124
1 0.2929203539823009 0.30206489675516224 0.033628318584070796 0.02359882005899705
1 0.4498525073746313 0.30324483775811206 0.028908554572271386 0.01887905604719764
1 0.6058997050147492 0.2952802359882006 0.030678466076696165 0.01592920353982301
1 0.7569321533923303 0.28466076696165193 0.029498525073746312 0.02182890855457227
1 0.9368731563421828 0.28407079646017697 0.035398230088495575 0.02064896755162242
1 0.9365781710914454 0.40235988200589967 0.03008849557522124 0.021238938053097345
1 0.7474926253687315 0.41415929203539825 0.035398230088495575 0.017699115044247787
1 0.6085545722713864 0.4218289085545723 0.0359882005899705 0.020058997050147492
1 0.45132743362831856 0.4230088495575221 0.03185840707964602 0.022418879056047197
1 0.28820058997050146 0.42330383480825956 0.0359882005899705 0.02182890855457227
1 0.12861356932153392 0.415929203539823 0.029498525073746312 0.021238938053097345
1 0.12566371681415928 0.559882005899705 0.03303834808259587 0.015339233038348082
1 0.2855457227138643 0.5607669616519174 0.027138643067846607 0.014749262536873156
1 0.4471976401179941 0.5607669616519174 0.024778761061946902 0.023008849557522124
1 0.6056047197640118 0.5569321533923304 0.02182890855457227 0.012979351032448377
1 0.7584070796460177 0.5551622418879056 0.02654867256637168 0.020058997050147492
1 0.9348082595870206 0.5530973451327433 0.02536873156342183 0.019469026548672566
1 0.928023598820059 0.7029498525073746 0.03303834808259587 0.018289085545722714
1 0.9362831858407079 0.8584070796460177 0.027138643067846607 0.021238938053097345
1 0.7578171091445428 0.8628318584070797 0.02536873156342183 0.01710914454277286
1 0.7551622418879056 0.7023598820058997 0.029498525073746312 0.018289085545722714
1 0.6176991150442478 0.696165191740413 0.04129793510324484 0.021238938053097345
1 0.6221238938053097 0.8601769911504424 0.03126843657817109 0.015339233038348082
1 0.4510324483775811 0.8790560471976401 0.032448377581120944 0.017699115044247787
1 0.4533923303834808 0.7017699115044248 0.03716814159292035 0.01710914454277286
1 0.30029498525073745 0.7156342182890856 0.03303834808259587 0.021238938053097345
1 0.2976401179941003 0.8828908554572271 0.028908554572271386 0.024188790560471976
1 0.12123893805309735 0.7224188790560472 0.03480825958702065 0.02064896755162242
1 0.12861356932153392 0.8932153392330383 0.02831858407079646 0.02359882005899705
