0 0.1424778761061947 0.14513274336283186 0.12448377581120944 0.12035398230088495
0 0.30678466076696165 0.11091445427728613 0.12743362831858407 0.10501474926253687
0 0.5141592920353982 0.12182890855457226 0.07846607669616519 0.14926253687315633
0 0.663126843657817 0.13185840707964602 0.08023598820058997 0.20353982300884954
0 0.8713864306784661 0.07551622418879056 0.14277286135693215 0.10737463126843658
0 0.14985250737463127 0.31622418879056047 0.09321533923303835 0.05073746312684366
0 0.31091445427728615 0.28230088495575223 0.03185840707964602 0.038348082595870206
0 0.5253687315634218 0.28466076696165193 0.15634218289085544 0.04542772861356932
0 0.61976401179941 0.24336283185840707 0.05958702064896755 0.09852507374631268
0 0.7787610619469026 0.21710914454277286 0.19469026548672566 0.15457227138643068
1 0.15870206489675515 0.3985250737463127 0.021238938053097345 0.03716814159292035
0 0.33185840707964603 0.41327433628318583 0.1952802359882006 0.08790560471976401
0 0.42271386430678465 0.4696165191740413 0.0808259587020649 0.12271386430678466
0 0.47463126843657816 0.41474926253687316 0.05132743362831858 0.03421828908554572
0 0.603834808259587 0.4014749262536873 0.09734513274336283 0.2
0 0.7660766961651917 0.4153392330383481 0.07492625368731563 0.06253687315634218
0 0.1327433628318584 0.5056047197640118 0.13333333333333333 0.08731563421828908
0 0.24867256637168142 0.5625368731563422 0.033628318584070796 0.033628318584070796
0 0.4200589970501475 0.5457227138643068 0.09793510324483776 0.1392330383480826
1 0.5135693215339233 0.5215339233038347 0.04070796460176991 0.02359882005899705
1 0.6746312684365782 0.5589970501474926 0.0359882005899705 0.019469026548672566
0 0.7716814159292036 0.5501474926253688 0.09911504424778761 0.05014749262536873
0 0.10265486725663717 0.6507374631268437 0.11563421828908554 0.1710914454277286
1 0.24808259587020648 0.6817109144542772 0.027728613569321534 0.028908554572271386
0 0.42920353982300885 0.6601769911504425 0.1410029498525074 0.12507374631268436
0 0.5418879056047198 0.6286135693215339 0.12566371681415928 0.038348082595870206
0 0.6327433628318584 0.6867256637168142 0.09970501474926254 0.1616519174041298
0 0.7315634218289085 0.7474926253687315 0.08377581120943953 0.16519174041297935
0 0.7427728613569321 0.7011799410029499 0.03893805309734513 0.03716814159292035
0 0.10412979351032448 0.7820058997050148 0.09380530973451327 0.1870206489675516
0 0.20766961651917404 0.8209439528023599 0.07669616519174041 0.1374631268436578
1 0.3286135693215339 0.8088495575221238 0.03657817109144543 0.03303834808259587
0 0.463716814159292 0.8100294985250738 0.03775811209439528 0.08141592920353982
0 0.5749262536873156 0.7905604719764012 0.09852507374631268 0.13451327433628318
