0 0.15516224188790562 0.1831858407079646 0.05309734513274336 0.057227138643067846
0 0.29882005899705016 0.16371681415929204 0.07964601769911504 0.07020648967551622
0 0.5085545722713865 0.23008849557522124 0.08141592920353982 0.06843657817109144
0 0.6436578171091445 0.2191740412979351 0.06253687315634218 0.07846607669616519
0 0.7734513274336283 0.1710914454277286 0.05191740412979351 0.10619469026548672
0 0.8601769911504424 0.19380530973451326 0.08495575221238938 0.04896755162241888
0 0.6297935103244837 0.3047197640117994 0.057227138643067846 0.057227138643067846
0 0.7876106194690266 0.3058997050147493 0.07079646017699115 0.10206489675516224
0 0.8672566371681416 0.33480825958702065 0.054277286135693215 0.17050147492625367
0 0.1424778761061947 0.36430678466076694 0.05132743362831858 0.05604719764011799
0 0.31799410029498526 0.3722713864306785 0.049557522123893805 0.05073746312684366
0 0.5005899705014749 0.3985250737463127 0.057227138643067846 0.05958702064896755
0 0.779646017699115 0.4469026548672566 0.0607669616519174 0.10442477876106195
0 0.8646017699115044 0.46578171091445425 0.06312684365781711 0.07846607669616519
0 0.15309734513274337 0.48584070796460177 0.05604719764011799 0.07020648967551622
0 0.3029498525073746 0.4855457227138643 0.04424778761061947 0.08377581120943953
0 0.47640117994100295 0.5336283185840708 0.06666666666666667 0.07020648967551622
0 0.6415929203539823 0.5321533923303835 0.0584070796460177 0.058997050147492625
0 0.12890855457227138 0.6100294985250737 0.05014749262536873 0.05663716814159292
1 0.30442477876106194 0.6262536873156342 0.03303834808259587 0.05486725663716814
0 0.46017699115044247 0.6693215339233038 0.08613569321533923 0.06548672566371681
0 0.6436578171091445 0.6371681415929203 0.06607669616519174 0.10619469026548672
0 0.7799410029498525 0.6914454277286135 0.04837758112094395 0.12035398230088495
0 0.8766961651917404 0.6864306784660766 0.04365781710914454 0.07256637168141593
0 0.8820058997050148 0.7631268436578171 0.0696165191740413 0.07492625368731563
0 0.1430678466076696 0.7705014749262536 0.057227138643067846 0.05781710914454277
0 0.2958702064896755 0.7716814159292036 0.04896755162241888 0.05545722713864307
0 0.4687315634218289 0.747787610619469 0.06548672566371681 0.06666666666666667
0 0.6339233038348082 0.8268436578171091 0.1457227138643068 0.0584070796460177
0 0.7530973451327434 0.8171091445427728 0.05132743362831858 0.05663716814159292
0 0.14690265486725662 0.8994100294985251 0.035398230088495575 0.03008849557522124
0 0.3238938053097345 0.9386430678466077 0.0943952802359882 0.05545722713864307
1 0.4631268436578171 0.8769911504424779 0.029498525073746312 0.04424778761061947
0 0.5973451327433629 0.9221238938053097 0.038348082595870206 0.058997050147492625
0 0.751622418879056 0.9410029498525073 0.0743362831858407 0.05073746312684366
0 0.8887905604719764 0.9392330383480826 0.06666666666666667 0.10383480825958702
