0 0.12448377581120944 0.05929203539823009 0.08023598820058997 0.09734513274336283
0 0.2575221238938053 0.05663716814159292 0.07374631268436578 0.06135693215339233
0 0.41061946902654867 0.06017699115044248 0.06371681415929203 0.07669616519174041
0 0.6764011799410029 0.056342182890855456 0.10914454277286136 0.05132743362831858
0 0.8587020648967552 0.09793510324483776 0.06548672566371681 0.049557522123893805
0 0.5342182890855457 0.11297935103244838 0.0359882005899705 0.04896755162241888
0 0.1191740412979351 0.23392330383480825 0.06371681415929203 0.06430678466076696
0 0.24985250737463127 0.18672566371681415 0.05958702064896755 0.047787610619469026
0 0.3501474926253687 0.17699115044247787 0.12448377581120944 0.05663716814159292
0 0.12684365781710916 0.3215339233038348 0.04601769911504425 0.06253687315634218
0 0.2103244837758112 0.3079646017699115 0.06312684365781711 0.12035398230088495
0 0.36519174041297936 0.37168141592920356 0.06489675516224189 0.10973451327433628
0 0.5303834808259587 0.2587020648967552 0.08377581120943953 0.06430678466076696
0 0.6976401179941003 0.22507374631268437 0.07610619469026549 0.05368731563421829
0 0.8607669616519174 0.22448377581120943 0.06135693215339233 0.07374631268436578
0 0.5501474926253688 0.33067846607669615 0.06902654867256637 0.047787610619469026
0 0.6946902654867256 0.3687315634218289 0.061946902654867256 0.049557522123893805
1 0.8728613569321534 0.3855457227138643 0.06666666666666667 0.047787610619469026
1 0.36224188790560474 0.4640117994100295 0.05663716814159292 0.047787610619469026
1 0.5294985250737463 0.4604719764011799 0.05132743362831858 0.05486725663716814
0 0.7002949852507374 0.5138643067846608 0.04601769911504425 0.09085545722713864
0 0.8551622418879056 0.5144542772861357 0.06430678466076696 0.08023598820058997
0 0.8551622418879056 0.6274336283185841 0.05132743362831858 0.06548672566371681
0 0.6823008849557523 0.6179941002949852 0.047787610619469026 0.05368731563421829
0 0.4958702064896755 0.6023598820058997 0.057227138643067846 0.05545722713864307
0 0.215929203539823 0.5495575221238937 0.058997050147492625 0.10442477876106195
0 0.140117994100295 0.5327433628318584 0.07256637168141593 0.07551622418879056
0 0.11386430678466077 0.6522123893805309 0.06371681415929203 0.1457227138643068
0 0.23008849557522124 0.6846607669616519 0.04837758112094395 0.10678466076696165
0 0.36843657817109143 0.6958702064896755 0.07256637168141593 0.06902654867256637
0 0.13864306784660768 0.7982300884955752 0.08849557522123894 0.06253687315634218
0 0.21238938053097345 0.8303834808259587 0.058997050147492625 0.09734513274336283
0 0.36991150442477877 0.784070796460177 0.04247787610619469 0.07905604719764012
0 0.5073746312684366 0.771976401179941 0.06371681415929203 0.061946902654867256
0 0.7067846607669617 0.8353982300884956 0.08259587020648967 0.07669616519174041
1 0.8442477876106195 0.8153392330383481 0.06489675516224189 0.06725663716814159
