0 0.12507374631268436 0.05663716814159292 0.05309734513274336 0.08849557522123894
0 0.24837758112094394 0.03333333333333333 0.08967551622418879 0.05368731563421829
0 0.40353982300884955 0.040117994100294985 0.07079646017699115 0.06725663716814159
0 0.6690265486725664 0.0528023598820059 0.1168141592920354 0.04424778761061947
1 0.8528023598820059 0.08525073746312684 0.05014749262536873 0.024188790560471976
1 0.5345132743362832 0.11651917404129794 0.02831858407079646 0.03126843657817109
0 0.11415929203539824 0.231858407079646 0.07256637168141593 0.058997050147492625
0 0.24749262536873157 0.187905604719764 0.05486725663716814 0.04542772861356932
0 0.3513274336283186 0.16342182890855456 0.0855457227138643 0.08377581120943953
0 0.11150442477876106 0.32536873156342183 0.06253687315634218 0.05486725663716814
0 0.22920353982300884 0.2843657817109144 0.08436578171091445 0.08023598820058997
0 0.5221238938053098 0.26430678466076696 0.06725663716814159 0.05663716814159292
0 0.6958702064896755 0.22625368731563422 0.06548672566371681 0.03952802359882006
0 0.8489675516224189 0.23893805309734512 0.03657817109144543 0.05545722713864307
0 0.368141592920354 0.37905604719764013 0.06017699115044248 0.09616519174041298
1 0.5471976401179941 0.3398230088495575 0.07492625368731563 0.049557522123893805
0 0.6920353982300885 0.356047197640118 0.05191740412979351 0.057227138643067846
1 0.868141592920354 0.3828908554572271 0.038348082595870206 0.05309734513274336
1 0.36342182890855457 0.46519174041297934 0.054277286135693215 0.05014749262536873
0 0.5351032448377581 0.4725663716814159 0.05781710914454277 0.06843657817109144
0 0.7002949852507374 0.5194690265486726 0.04601769911504425 0.06666666666666667
0 0.8539823008849557 0.6241887905604719 0.04188790560471976 0.05545722713864307
0 0.6858407079646017 0.6315634218289086 0.047787610619469026 0.047787610619469026
0 0.8457227138643068 0.5070796460176991 0.052507374631268436 0.04660766961651917
0 0.4941002949852507 0.6032448377581121 0.06430678466076696 0.043067846607669616
0 0.20147492625368732 0.5589970501474926 0.07728613569321534 0.0855457227138643
0 0.1398230088495575 0.5471976401179941 0.09793510324483776 0.05604719764011799
0 0.07728613569321534 0.6578171091445427 0.10147492625368731 0.15103244837758112
0 0.22359882005899706 0.6746312684365782 0.04129793510324484 0.08672566371681416
0 0.3607669616519174 0.6982300884955752 0.06784660766961652 0.06430678466076696
0 0.13716814159292035 0.8094395280235989 0.07374631268436578 0.049557522123893805
0 0.20029498525073747 0.8294985250737463 0.08436578171091445 0.06843657817109144
0 0.36696165191740415 0.7870206489675516 0.04247787610619469 0.07787610619469026
0 0.5023598820058996 0.7855457227138642 0.05604719764011799 0.04660766961651917
0 0.7029498525073746 0.8292035398230089 0.0808259587020649 0.05132743362831858
1 0.8421828908554572 0.8191740412979351 0.04896755162241888 0.0607669616519174
