0 0.2374631268436578 0.2182890855457227 0.17876106194690267 0.071976401179941
0 0.3463126843657817 0.21740412979351031 0.049557522123893805 0.08672566371681416
0 0.4498525073746313 0.15634218289085544 0.08200589970501475 0.12979351032448377
0 0.6141592920353982 0.15073746312684366 0.13333333333333333 0.12920353982300886
0 0.8858407079646018 0.19144542772861356 0.06666666666666667 0.07020648967551622
1 0.7315634218289085 0.22920353982300884 0.03303834808259587 0.043067846607669616
1 0.7309734513274336 0.27227138643067844 0.03893805309734513 0.043067846607669616
0 0.22654867256637168 0.32949852507374633 0.12861356932153392 0.10324483775811209
0 0.3126843657817109 0.3256637168141593 0.05191740412979351 0.05191740412979351
0 0.45781710914454277 0.33362831858407077 0.08377581120943953 0.07964601769911504
0 0.563716814159292 0.2545722713864307 0.1351032448377581 0.09026548672566372
1 0.8351032448377581 0.31209439528023597 0.047787610619469026 0.04129793510324484
0 0.22005899705014748 0.44483775811209436 0.035398230088495575 0.04837758112094395
0 0.3374631268436578 0.4486725663716814 0.11327433628318584 0.11268436578171091
1 0.4622418879056047 0.47935103244837757 0.04660766961651917 0.04542772861356932
0 0.5805309734513274 0.3958702064896755 0.10737463126843658 0.07905604719764012
0 0.6778761061946903 0.3775811209439528 0.07905604719764012 0.1368731563421829
0 0.8477876106194691 0.41297935103244837 0.03657817109144543 0.04601769911504425
0 0.21976401179941002 0.5713864306784661 0.03716814159292035 0.03480825958702065
0 0.3297935103244838 0.5380530973451327 0.12035398230088495 0.05545722713864307
1 0.49970501474926254 0.6032448377581121 0.05663716814159292 0.03952802359882006
0 0.6277286135693215 0.5454277286135694 0.07787610619469026 0.15398230088495574
0 0.7294985250737464 0.5846607669616519 0.09498525073746313 0.07905604719764012
0 0.8893805309734513 0.5342182890855457 0.05958702064896755 0.0359882005899705
0 0.2327433628318584 0.756047197640118 0.11504424778761062 0.05132743362831858
0 0.3466076696165192 0.7430678466076696 0.09734513274336283 0.06548672566371681
1 0.5002949852507375 0.7224188790560472 0.05073746312684366 0.0359882005899705
0 0.6640117994100295 0.7371681415929203 0.08436578171091445 0.043067846607669616
1 0.7651917404129793 0.7327433628318584 0.054277286135693215 0.03657817109144543
0 0.8793510324483775 0.7188790560471976 0.047787610619469026 0.0808259587020649
1 0.8973451327433628 0.879646017699115 0.04129793510324484 0.03185840707964602
0 0.796165191740413 0.8392330383480826 0.06902654867256637 0.10442477876106195
0 0.6492625368731564 0.8890855457227138 0.05014749262536873 0.04365781710914454
0 0.5247787610619469 0.8646017699115044 0.13628318584070798 0.08436578171091445
0 0.36283185840707965 0.8610619469026548 0.11563421828908554 0.07020648967551622
0 0.23628318584070795 0.823598820058997 0.07374631268436578 0.07905604719764012
