1 0.1303834808259587 0.10117994100294986 0.024778761061946902 0.014749262536873156
1 0.29174041297935105 0.08672566371681416 0.023008849557522124 0.027138643067846607
1 0.4392330383480826 0.08672566371681416 0.03008849557522124 0.025958702064896755
1 0.5970501474926253 0.08790560471976401 0.024778761061946902 0.02359882005899705
1 0.7336283185840707 0.0976401179941003 0.03126843657817109 0.01710914454277286
1 0.8955752212389381 0.09793510324483776 0.03421828908554572 0.011799410029498525
1 0.8970501474926253 0.23628318584070795 0.03126843657817109 0.01710914454277286
1 0.7566371681415929 0.23067846607669618 0.02536873156342183 0.020058997050147492
1 0.6076696165191741 0.23333333333333334 0.035398230088495575 0.023008849557522124
1 0.45250737463126844 0.22861356932153393 0.035398230088495575 0.02064896755162242
1 0.2982300884955752 0.22418879056047197 0.03716814159292035 0.025958702064896755
1 0.15014749262536872 0.21887905604719765 0.028908554572271386 0.024778761061946902
1 0.15073746312684366 0.36578171091445427 0.028908554572271386 0.01887905604719764
1 0.3144542772861357 0.37138643067846605 0.03185840707964602 0.01710914454277286
1 0.471976401179941 0.3743362831858407 0.02831858407079646 0.01710914454277286
1 0.616519174041298 0.36224188790560474 0.03185840707964602 0.01887905604719764
1 0.7575221238938052 0.38023598820058996 0.024778761061946902 0.012389380530973451
1 0.9088495575221239 0.3828908554572271 0.02654867256637168 0.01415929203539823
1 0.9109144542772861 0.5271386430678466 0.02831858407079646 0.02182890855457227
1 0.7631268436578171 0.5283185840707965 0.024188790560471976 0.019469026548672566
1 0.6200589970501474 0.4994100294985251 0.025958702064896755 0.02064896755162242
1 0.463716814159292 0.47817109144542774 0.02831858407079646 0.019469026548672566
1 0.315929203539823 0.4870206489675516 0.03008849557522124 0.02064896755162242
1 0.16135693215339234 0.48259587020648964 0.03480825958702065 0.022418879056047197
1 0.15752212389380532 0.6395280235988201 0.02831858407079646 0.024778761061946902
1 0.3230088495575221 0.656047197640118 0.03008849557522124 0.025958702064896755
1 0.484070796460177 0.6492625368731564 0.02654867256637168 0.01710914454277286
1 0.6271386430678466 0.6761061946902654 0.030678466076696165 0.017699115044247787
1 0.787905604719764 0.671386430678466 0.02536873156342183 0.016519174041297935
1 0.9050147492625369 0.664306784660767 0.02831858407079646 0.02831858407079646
1 0.8991150442477875 0.8513274336283185 0.024778761061946902 0.025958702064896755
1 0.7761061946902654 0.8533923303834808 0.02536873156342183 0.019469026548672566
1 0.6339233038348082 0.8519174041297934 0.023008849557522124 0.027138643067846607
1 0.4766961651917404 0.8578171091445428 0.03185840707964602 0.020058997050147492
1 0.31710914454277284 0.8622418879056047 0.023008849557522124 0.02064896755162242
1 0.1616519174041298 0.8755162241887906 0.03893805309734513 0.024778761061946902
