0 0.12595870206489676 0.05958702064896755 0.052507374631268436 0.09557522123893805
0 0.24454277286135692 0.0359882005899705 0.07492625368731563 0.05191740412979351
0 0.40294985250737464 0.03982300884955752 0.06135693215339233 0.06312684365781711
0 0.6716814159292035 0.05221238938053097 0.11032448377581121 0.04542772861356932
1 0.8480825958702065 0.08200589970501475 0.03716814159292035 0.02831858407079646
1 0.5368731563421829 0.11740412979351032 0.03303834808259587 0.03657817109144543
0 0.11238938053097344 0.23333333333333334 0.07138643067846608 0.06666666666666667
0 0.2424778761061947 0.18495575221238938 0.05073746312684366 0.052507374631268436
0 0.34129793510324485 0.1663716814159292 0.09144542772861357 0.08141592920353982
0 0.11504424778761062 0.3233038348082596 0.06843657817109144 0.05663716814159292
0 0.23244837758112094 0.2843657817109144 0.08495575221238938 0.08613569321533923
0 0.5265486725663717 0.2563421828908555 0.0607669616519174 0.05368731563421829
0 0.6982300884955752 0.22566371681415928 0.05486725663716814 0.043067846607669616
0 0.8471976401179941 0.231858407079646 0.030678466076696165 0.044837758112094395
0 0.36430678466076694 0.37610619469026546 0.057227138643067846 0.09616519174041298
1 0.5510324483775811 0.3424778761061947 0.07787610619469026 0.03716814159292035
0 0.6896755162241888 0.35103244837758113 0.05191740412979351 0.04837758112094395
1 0.8716814159292036 0.38141592920353984 0.038348082595870206 0.05604719764011799
1 0.36283185840707965 0.46607669616519176 0.05781710914454277 0.05663716814159292
0 0.5342182890855457 0.4731563421828908 0.05132743362831858 0.058997050147492625
0 0.7017699115044248 0.5224188790560472 0.0607669616519174 0.07374631268436578
0 0.8463126843657817 0.5106194690265486 0.03716814159292035 0.043067846607669616
0 0.8513274336283185 0.6206489675516225 0.044837758112094395 0.04837758112094395
0 0.6852507374631268 0.6292035398230088 0.05014749262536873 0.03952802359882006
0 0.4988200589970501 0.6041297935103245 0.0607669616519174 0.0471976401179941
0 0.3607669616519174 0.699410029498525 0.06666666666666667 0.06902654867256637
0 0.140117994100295 0.5448377581120943 0.09380530973451327 0.0584070796460177
0 0.20058997050147492 0.5584070796460177 0.08967551622418879 0.08672566371681416
0 0.08230088495575222 0.6551622418879056 0.11386430678466077 0.1528023598820059
0 0.22123893805309736 0.6811209439528023 0.049557522123893805 0.08908554572271386
0 0.13716814159292035 0.8061946902654867 0.07020648967551622 0.05486725663716814
0 0.20501474926253688 0.828613569321534 0.07020648967551622 0.061946902654867256
0 0.3654867256637168 0.7837758112094395 0.04424778761061947 0.08200589970501475
0 0.5053097345132743 0.7828908554572271 0.0607669616519174 0.04129793510324484
0 0.7061946902654868 0.8312684365781711 0.08141592920353982 0.040117994100294985
1 0.8427728613569322 0.820353982300885 0.05368731563421829 0.061946902654867256
