0 0.2345132743362832 0.2191740412979351 0.1799410029498525 0.0607669616519174
0 0.34837758112094397 0.21622418879056046 0.047787610619469026 0.07964601769911504
0 0.4539823008849557 0.16135693215339234 0.08908554572271386 0.1351032448377581
0 0.6126843657817109 0.15073746312684366 0.1327433628318584 0.12448377581120944
0 0.8926253687315634 0.17905604719764012 0.06017699115044248 0.09262536873156342
0 0.23067846607669618 0.3297935103244838 0.12271386430678466 0.10619469026548672
0 0.31474926253687313 0.3230088495575221 0.05368731563421829 0.057227138643067846
0 0.4539823008849557 0.33185840707964603 0.08436578171091445 0.06430678466076696
0 0.5607669616519174 0.2374631268436578 0.14454277286135692 0.11504424778761062
1 0.7233038348082595 0.22920353982300884 0.027138643067846607 0.03716814159292035
1 0.7271386430678466 0.27256637168141595 0.047787610619469026 0.03893805309734513
1 0.8365781710914454 0.3106194690265487 0.04601769911504425 0.03716814159292035
0 0.8557522123893805 0.4056047197640118 0.047787610619469026 0.04188790560471976
0 0.6784660766961652 0.38141592920353984 0.08967551622418879 0.1457227138643068
0 0.5781710914454277 0.3979351032448378 0.1168141592920354 0.0808259587020649
0 0.4646017699115044 0.47935103244837757 0.052507374631268436 0.04424778761061947
0 0.3351032448377581 0.44129793510324483 0.10855457227138643 0.13569321533923304
0 0.21858407079646017 0.443952802359882 0.03480825958702065 0.057227138643067846
0 0.22035398230088496 0.5752212389380531 0.0359882005899705 0.035398230088495575
0 0.3351032448377581 0.5374631268436578 0.11563421828908554 0.06253687315634218
0 0.6233038348082596 0.5442477876106194 0.07492625368731563 0.1457227138643068
1 0.49557522123893805 0.6064896755162241 0.06135693215339233 0.040117994100294985
0 0.7374631268436578 0.5882005899705015 0.10501474926253687 0.07787610619469026
0 0.8914454277286136 0.5356932153392331 0.05545722713864307 0.03421828908554572
0 0.8820058997050148 0.7206489675516224 0.054277286135693215 0.07964601769911504
1 0.768141592920354 0.7321533923303835 0.054277286135693215 0.035398230088495575
0 0.6616519174041298 0.7365781710914454 0.07610619469026549 0.04188790560471976
1 0.5005899705014749 0.7185840707964601 0.04424778761061947 0.040117994100294985
0 0.3448377581120944 0.7463126843657817 0.1056047197640118 0.07905604719764012
0 0.23008849557522124 0.7548672566371681 0.10973451327433628 0.05132743362831858
0 0.24129793510324482 0.8227138643067846 0.0696165191740413 0.0808259587020649
0 0.36519174041297936 0.8613569321533923 0.10973451327433628 0.06489675516224189
0 0.5215339233038347 0.8646017699115044 0.13569321533923304 0.08672566371681416
0 0.6513274336283186 0.8908554572271387 0.044837758112094395 0.04129793510324484
0 0.7976401179941003 0.8377581120943953 0.071976401179941 0.11209439528023599
1 0.8991150442477875 0.8811209439528024 0.03657817109144543 0.027728613569321534
