0 0.2271386430678466 0.20412979351032448 0.1687315634218289 0.07905604719764012
0 0.3480825958702065 0.21150442477876105 0.05545722713864307 0.07374631268436578
0 0.44601769911504424 0.15693215339233038 0.071976401179941 0.10619469026548672
0 0.6212389380530974 0.1528023598820059 0.13569321533923304 0.10501474926253687
1 0.7415929203539823 0.15781710914454278 0.04365781710914454 0.023008849557522124
0 0.8964601769911504 0.17079646017699116 0.06312684365781711 0.09144542772861357
1 0.7292035398230088 0.27315634218289087 0.030678466076696165 0.035398230088495575
1 0.8489675516224189 0.3292035398230089 0.03893805309734513 0.05191740412979351
0 0.5755162241887906 0.23628318584070795 0.1433628318584071 0.10324483775811209
0 0.4666666666666667 0.3292035398230089 0.06607669616519174 0.05781710914454277
0 0.3129793510324484 0.32182890855457225 0.05958702064896755 0.052507374631268436
0 0.23067846607669618 0.32654867256637166 0.11563421828908554 0.09852507374631268
0 0.21858407079646017 0.44601769911504424 0.03952802359882006 0.05191740412979351
0 0.3445427728613569 0.4303834808259587 0.12035398230088495 0.10678466076696165
0 0.46135693215339235 0.47935103244837757 0.05073746312684366 0.04188790560471976
0 0.5864306784660767 0.39557522123893807 0.10737463126843658 0.07492625368731563
0 0.7017699115044248 0.3831858407079646 0.07728613569321534 0.1457227138643068
0 0.8525073746312685 0.4056047197640118 0.049557522123893805 0.043067846607669616
0 0.8955752212389381 0.5371681415929204 0.05781710914454277 0.047787610619469026
0 0.7342182890855458 0.5852507374631268 0.10442477876106195 0.06607669616519174
0 0.6212389380530974 0.5498525073746312 0.07551622418879056 0.1392330383480826
1 0.4941002949852507 0.6023598820058997 0.0607669616519174 0.040117994100294985
0 0.32536873156342183 0.5404129793510324 0.09970501474926254 0.06135693215339233
1 0.21946902654867256 0.5740412979351033 0.04247787610619469 0.040117994100294985
0 0.21238938053097345 0.7601769911504425 0.12979351032448377 0.04424778761061947
0 0.3433628318584071 0.7359882005899705 0.09911504424778761 0.06784660766961652
1 0.5005899705014749 0.7185840707964601 0.038348082595870206 0.044837758112094395
0 0.6610619469026549 0.7330383480825958 0.07374631268436578 0.052507374631268436
1 0.7710914454277286 0.7286135693215339 0.06017699115044248 0.04247787610619469
0 0.9020648967551622 0.8814159292035398 0.054277286135693215 0.029498525073746312
0 0.8008849557522124 0.8436578171091446 0.0808259587020649 0.09321533923303835
0 0.6486725663716814 0.8929203539823009 0.04424778761061947 0.047787610619469026
0 0.5194690265486726 0.8646017699115044 0.1374631268436578 0.08436578171091445
0 0.36666666666666664 0.8572271386430679 0.07610619469026549 0.09911504424778761
0 0.22418879056047197 0.8268436578171091 0.08967551622418879 0.0808259587020649
0 0.8825958702064897 0.7271386430678466 0.04837758112094395 0.07492625368731563
