1 0.10147492625368731 0.14749262536873156 0.024778761061946902 0.02831858407079646
1 0.22418879056047197 0.1495575221238938 0.027138643067846607 0.019469026548672566
1 0.3625368731563422 0.1480825958702065 0.02536873156342183 0.02831858407079646
1 0.5268436578171092 0.13864306784660768 0.035398230088495575 0.025958702064896755
1 0.6831858407079646 0.1368731563421829 0.035398230088495575 0.020058997050147492
1 0.8457227138643068 0.12359882005899706 0.04070796460176991 0.02654867256637168
1 0.843952802359882 0.36106194690265486 0.032448377581120944 0.021238938053097345
1 0.68023598820059 0.343952802359882 0.03303834808259587 0.025958702064896755
1 0.5171091445427729 0.35221238938053095 0.03126843657817109 0.021238938053097345
1 0.3728613569321534 0.3250737463126844 0.03421828908554572 0.02359882005899705
1 0.21887905604719765 0.32831858407079645 0.03303834808259587 0.02064896755162242
1 0.09970501474926254 0.335693215339233 0.02831858407079646 0.017699115044247787
1 0.08672566371681416 0.4725663716814159 0.03185840707964602 0.025958702064896755
1 0.23716814159292035 0.47227138643067845 0.03421828908554572 0.023008849557522124
1 0.37905604719764013 0.5 0.03008849557522124 0.024188790560471976
1 0.5389380530973451 0.5224188790560472 0.028908554572271386 0.019469026548672566
1 0.6870206489675517 0.5150442477876106 0.03480825958702065 0.022418879056047197
1 0.8392330383480826 0.5209439528023598 0.033628318584070796 0.025958702064896755
1 0.8457227138643068 0.6336283185840708 0.027728613569321534 0.01887905604719764
1 0.6870206489675517 0.6283185840707964 0.033628318584070796 0.017699115044247787
1 0.5292035398230088 0.6259587020648968 0.03303834808259587 0.017699115044247787
1 0.38672566371681416 0.6389380530973451 0.03480825958702065 0.021238938053097345
1 0.2430678466076696 0.6224188790560472 0.02831858407079646 0.015339233038348082
1 0.09646017699115045 0.6203539823008849 0.023008849557522124 0.02064896755162242
1 0.10147492625368731 0.7648967551622419 0.03185840707964602 0.024188790560471976
1 0.24454277286135692 0.7666666666666666 0.027728613569321534 0.02064896755162242
1 0.39705014749262535 0.7634218289085546 0.035398230088495575 0.027138643067846607
1 0.5525073746312684 0.7710914454277286 0.03008849557522124 0.016519174041297935
1 0.7011799410029499 0.7746312684365781 0.0359882005899705 0.027138643067846607
1 0.8480825958702065 0.7811209439528024 0.03008849557522124 0.029498525073746312
1 0.8705014749262536 0.8890855457227138 0.03008849557522124 0.029498525073746312
1 0.7150442477876107 0.9203539823008849 0.03185840707964602 0.03421828908554572
1 0.5654867256637168 0.9126843657817109 0.03126843657817109 0.021238938053097345
1 0.4073746312684366 0.9132743362831859 0.024188790560471976 0.025958702064896755
1 0.2702064896755162 0.9061946902654867 0.03303834808259587 0.027138643067846607
1 0.10265486725663717 0.9050147492625369 0.027138643067846607 0.017699115044247787
