0 0.231858407079646 0.17374631268436577 0.05781710914454277 0.07610619469026549
0 0.35457227138643066 0.13451327433628318 0.11091445427728613 0.06135693215339233
0 0.5224188790560472 0.1359882005899705 0.12212389380530973 0.08908554572271386
0 0.6430678466076696 0.11386430678466077 0.04129793510324484 0.040117994100294985
0 0.7946902654867256 0.15486725663716813 0.07551622418879056 0.11032448377581121
1 0.9047197640117994 0.11386430678466077 0.04070796460176991 0.03657817109144543
0 0.879646017699115 0.279646017699115 0.06371681415929203 0.08141592920353982
0 0.7781710914454277 0.2616519174041298 0.030678466076696165 0.03008849557522124
0 0.6687315634218289 0.2837758112094395 0.07846607669616519 0.03893805309734513
1 0.5056047197640118 0.2855457227138643 0.05073746312684366 0.040117994100294985
0 0.3445427728613569 0.2569321533923304 0.09793510324483776 0.07138643067846608
0 0.22536873156342183 0.23539823008849559 0.1191740412979351 0.06489675516224189
0 0.21710914454277286 0.424188790560472 0.03775811209439528 0.05309734513274336
0 0.33421828908554574 0.45958702064896756 0.12212389380530973 0.06135693215339233
0 0.48761061946902656 0.3926253687315634 0.05132743362831858 0.04660766961651917
0 0.6336283185840708 0.4625368731563422 0.09793510324483776 0.14985250737463127
0 0.7410029498525074 0.3985250737463127 0.0967551622418879 0.08908554572271386
1 0.8941002949852507 0.46106194690265484 0.04896755162241888 0.04188790560471976
1 0.46696165191740413 0.5165191740412979 0.05132743362831858 0.05014749262536873
0 0.3321533923303835 0.5483775811209439 0.12625368731563422 0.1079646017699115
0 0.22123893805309736 0.5581120943952802 0.04601769911504425 0.054277286135693215
0 0.23156342182890854 0.6707964601769911 0.08908554572271386 0.10855457227138643
0 0.3141592920353982 0.6734513274336283 0.05368731563421829 0.047787610619469026
0 0.4545722713864307 0.6766961651917404 0.09026548672566372 0.07551622418879056
0 0.6194690265486725 0.5935103244837758 0.071976401179941 0.07905604719764012
0 0.671976401179941 0.6168141592920354 0.07079646017699115 0.1480825958702065
0 0.8412979351032448 0.5799410029498525 0.05073746312684366 0.058997050147492625
1 0.8280235988200589 0.6902654867256637 0.047787610619469026 0.035398230088495575
1 0.7262536873156342 0.7182890855457227 0.03893805309734513 0.028908554572271386
0 0.8849557522123894 0.7949852507374631 0.05781710914454277 0.06312684365781711
1 0.7221238938053097 0.796165191740413 0.03421828908554572 0.027728613569321534
0 0.5772861356932153 0.7592920353982301 0.1079646017699115 0.1191740412979351
0 0.6091445427728613 0.8466076696165191 0.12566371681415928 0.13569321533923304
0 0.45132743362831856 0.8410029498525073 0.07669616519174041 0.1303834808259587
0 0.3480825958702065 0.7802359882005899 0.05545722713864307 0.0855457227138643
0 0.2368731563421829 0.7852507374631268 0.1870206489675516 0.06725663716814159
