0 0.10088495575221239 0.11769911504424779 0.03775811209439528 0.027728613569321534
1 0.20707964601769913 0.15988200589970503 0.0743362831858407 0.09911504424778761
0 0.3548672566371681 0.10383480825958702 0.05132743362831858 0.035398230088495575
0 0.4817109144542773 0.1368731563421829 0.1398230088495575 0.09085545722713864
0 0.6380530973451327 0.1374631268436578 0.11740412979351032 0.06371681415929203
0 0.7651917404129793 0.17876106194690267 0.049557522123893805 0.07669616519174041
0 0.7761061946902654 0.24867256637168142 0.12094395280235988 0.047787610619469026
0 0.6587020648967552 0.252212389380531 0.09616519174041298 0.06902654867256637
1 0.4970501474926254 0.2820058997050148 0.04542772861356932 0.030678466076696165
0 0.335693215339233 0.26017699115044246 0.08023598820058997 0.035398230088495575
1 0.23215339233038348 0.2702064896755162 0.05014749262536873 0.03421828908554572
0 0.12330383480825959 0.27935103244837756 0.0471976401179941 0.07846607669616519
0 0.11445427728613569 0.4663716814159292 0.05191740412979351 0.047787610619469026
0 0.2713864306784661 0.41415929203539825 0.0967551622418879 0.08141592920353982
0 0.37492625368731564 0.45663716814159294 0.07256637168141593 0.15103244837758112
1 0.5073746312684366 0.39557522123893807 0.05663716814159292 0.03716814159292035
0 0.6699115044247788 0.45722713864306785 0.10678466076696165 0.05309734513274336
0 0.7814159292035399 0.42802359882005897 0.03716814159292035 0.03952802359882006
0 0.7814159292035399 0.5528023598820059 0.03716814159292035 0.049557522123893805
0 0.6637168141592921 0.5530973451327433 0.11091445427728613 0.11032448377581121
0 0.15250737463126843 0.5899705014749262 0.04070796460176991 0.03421828908554572
0 0.32772861356932154 0.61976401179941 0.07492625368731563 0.1410029498525074
0 0.396165191740413 0.5973451327433629 0.05014749262536873 0.07374631268436578
1 0.1678466076696165 0.6967551622418879 0.04660766961651917 0.05073746312684366
0 0.2743362831858407 0.7253687315634219 0.02831858407079646 0.024188790560471976
0 0.4336283185840708 0.752802359882006 0.12861356932153392 0.09557522123893805
0 0.5424778761061947 0.6666666666666666 0.0808259587020649 0.07669616519174041
1 0.27404129793510323 0.7707964601769911 0.03480825958702065 0.03716814159292035
0 0.6938053097345133 0.6761061946902654 0.06135693215339233 0.049557522123893805
0 0.7755162241887905 0.6740412979351033 0.1303834808259587 0.10206489675516224
0 0.7696165191740413 0.7790560471976401 0.18348082595870208 0.06666666666666667
0 0.6578171091445427 0.7805309734513274 0.06253687315634218 0.08377581120943953
0 0.5504424778761062 0.8404129793510324 0.08495575221238938 0.12684365781710916
0 0.38820058997050144 0.8430678466076696 0.1215339233038348 0.12979351032448377
0 0.5330383480825959 0.5165191740412979 0.04660766961651917 0.04896755162241888
0 0.1224188790560472 0.8085545722713864 0.06902654867256637 0.05604719764011799
