1 0.11091445427728613 0.10648967551622418 0.035398230088495575 0.01592920353982301
1 0.25781710914454276 0.10412979351032448 0.035398230088495575 0.013569321533923304
1 0.40058997050147493 0.10914454277286136 0.03303834808259587 0.017699115044247787
1 0.5427728613569321 0.10973451327433628 0.03421828908554572 0.01887905604719764
1 0.7150442477876107 0.1135693215339233 0.035398230088495575 0.02182890855457227
1 0.855457227138643 0.12536873156342182 0.035398230088495575 0.024188790560471976
1 0.8619469026548673 0.2351032448377581 0.035398230088495575 0.01710914454277286
1 0.7053097345132743 0.22831858407079647 0.038348082595870206 0.020058997050147492
1 0.5401179941002949 0.23097345132743363 0.033628318584070796 0.02064896755162242
1 0.3973451327433628 0.22743362831858407 0.03716814159292035 0.02182890855457227
1 0.24336283185840707 0.228023598820059 0.03126843657817109 0.018289085545722714
1 0.12359882005899706 0.22625368731563422 0.03480825958702065 0.02182890855457227
1 0.1200589970501475 0.3678466076696165 0.032448377581120944 0.023008849557522124
1 0.2365781710914454 0.3554572271386431 0.03303834808259587 0.02536873156342183
1 0.37168141592920356 0.37079646017699114 0.029498525073746312 0.02064896755162242
1 0.5474926253687316 0.36696165191740415 0.03185840707964602 0.025958702064896755
1 0.6905604719764011 0.36342182890855457 0.033628318584070796 0.02831858407079646
1 0.8646017699115044 0.37610619469026546 0.032448377581120944 0.019469026548672566
1 0.8560471976401179 0.491740412979351 0.03657817109144543 0.02182890855457227
1 0.6985250737463127 0.49380530973451325 0.03303834808259587 0.021238938053097345
1 0.547787610619469 0.5011799410029498 0.032448377581120944 0.02182890855457227
1 0.3705014749262537 0.5050147492625369 0.035398230088495575 0.022418879056047197
1 0.2342182890855457 0.5244837758112094 0.029498525073746312 0.021238938053097345
1 0.12123893805309735 0.5227138643067847 0.03126843657817109 0.025958702064896755
1 0.11474926253687315 0.6622418879056047 0.03008849557522124 0.01710914454277286
1 0.2312684365781711 0.667551622418879 0.029498525073746312 0.023008849557522124
1 0.3648967551622419 0.6616519174041298 0.03126843657817109 0.02064896755162242
1 0.5250737463126843 0.6566371681415929 0.030678466076696165 0.021238938053097345
1 0.6943952802359882 0.6595870206489676 0.03893805309734513 0.021238938053097345
1 0.8548672566371681 0.659882005899705 0.03893805309734513 0.024188790560471976
1 0.8463126843657817 0.8115044247787611 0.03480825958702065 0.019469026548672566
1 0.6887905604719764 0.8035398230088495 0.0359882005899705 0.020058997050147492
1 0.5132743362831859 0.8165191740412979 0.03657817109144543 0.017699115044247787
1 0.37138643067846605 0.8150442477876106 0.028908554572271386 0.023008849557522124
1 0.23303834808259588 0.8088495575221238 0.03421828908554572 0.01415929203539823
1 0.12094395280235988 0.8103244837758112 0.03185840707964602 0.018289085545722714
