1 0.10117994100294986 0.15103244837758112 0.027728613569321534 0.022418879056047197
1 0.2191740412979351 0.14778761061946902 0.02654867256637168 0.013569321533923304
1 0.36342182890855457 0.14749262536873156 0.024778761061946902 0.02359882005899705
1 0.5268436578171092 0.14601769911504425 0.03421828908554572 0.024188790560471976
1 0.6787610619469027 0.13480825958702064 0.03008849557522124 0.02536873156342183
1 0.8418879056047197 0.1191740412979351 0.03185840707964602 0.01887905604719764
1 0.8430678466076696 0.36047197640117995 0.030678466076696165 0.017699115044247787
1 0.679646017699115 0.3433628318584071 0.03303834808259587 0.02831858407079646
1 0.5150442477876106 0.3513274336283186 0.030678466076696165 0.019469026548672566
1 0.3743362831858407 0.32418879056047195 0.027728613569321534 0.01592920353982301
1 0.2168141592920354 0.33185840707964603 0.03126843657817109 0.019469026548672566
1 0.09793510324483776 0.335693215339233 0.025958702064896755 0.02359882005899705
1 0.08790560471976401 0.47286135693215336 0.02831858407079646 0.023008849557522124
1 0.23480825958702065 0.4725663716814159 0.02359882005899705 0.022418879056047197
1 0.38141592920353984 0.4988200589970501 0.02654867256637168 0.023008849557522124
1 0.536283185840708 0.5215339233038347 0.027138643067846607 0.017699115044247787
1 0.6902654867256637 0.5141592920353982 0.03303834808259587 0.02064896755162242
1 0.8418879056047197 0.515929203539823 0.03185840707964602 0.023008849557522124
1 0.8480825958702065 0.6342182890855457 0.038348082595870206 0.020058997050147492
1 0.6890855457227139 0.6262536873156342 0.029498525073746312 0.023008849557522124
1 0.5300884955752212 0.6268436578171092 0.03008849557522124 0.01592920353982301
1 0.38672566371681416 0.6392330383480825 0.04188790560471976 0.019469026548672566
1 0.24188790560471976 0.61976401179941 0.022418879056047197 0.012389380530973451
1 0.0976401179941003 0.615929203539823 0.033628318584070796 0.015339233038348082
1 0.10294985250737462 0.7619469026548672 0.028908554572271386 0.02064896755162242
1 0.24690265486725663 0.7666666666666666 0.03126843657817109 0.027728613569321534
1 0.39469026548672564 0.7663716814159292 0.03303834808259587 0.015339233038348082
1 0.5504424778761062 0.7752212389380531 0.03421828908554572 0.017699115044247787
1 0.7026548672566372 0.7778761061946903 0.03185840707964602 0.03126843657817109
1 0.8510324483775811 0.7802359882005899 0.03126843657817109 0.03126843657817109
1 0.8666666666666667 0.8991150442477875 0.030678466076696165 0.025958702064896755
1 0.7106194690265487 0.9153392330383481 0.0359882005899705 0.032448377581120944
1 0.5622418879056047 0.9144542772861357 0.025958702064896755 0.021238938053097345
1 0.40766961651917405 0.912094395280236 0.029498525073746312 0.024778761061946902
1 0.2657817109144543 0.9008849557522124 0.032448377581120944 0.025958702064896755
1 0.10353982300884956 0.9050147492625369 0.028908554572271386 0.01887905604719764
