1 0.1182890855457227 0.12330383480825959 0.032448377581120944 0.02359882005899705
1 0.275811209439528 0.1454277286135693 0.0359882005899705 0.019469026548672566
1 0.4463126843657817 0.15191740412979352 0.028908554572271386 0.02064896755162242
1 0.6029498525073747 0.15191740412979352 0.03421828908554572 0.02182890855457227
1 0.7587020648967552 0.15457227138643068 0.03657817109144543 0.020058997050147492
1 0.9368731563421828 0.16666666666666666 0.035398230088495575 0.023008849557522124
1 0.9404129793510324 0.28053097345132744 0.03775811209439528 0.02182890855457227
1 0.7587020648967552 0.2814159292035398 0.035398230088495575 0.022418879056047197
1 0.6064896755162241 0.2920353982300885 0.03185840707964602 0.01887905604719764
1 0.44778761061946903 0.3008849557522124 0.040117994100294985 0.020058997050147492
1 0.2914454277286136 0.3005899705014749 0.029498525073746312 0.023008849557522124
1 0.11976401179941003 0.287905604719764 0.03893805309734513 0.020058997050147492
1 0.12772861356932153 0.41887905604719766 0.028908554572271386 0.02359882005899705
1 0.28908554572271383 0.4224188790560472 0.02831858407079646 0.017699115044247787
1 0.44601769911504424 0.42035398230088494 0.030678466076696165 0.02182890855457227
1 0.6076696165191741 0.4230088495575221 0.030678466076696165 0.024778761061946902
1 0.7507374631268436 0.41386430678466074 0.028908554572271386 0.018289085545722714
1 0.9348082595870206 0.40176991150442476 0.032448377581120944 0.016519174041297935
1 0.9371681415929204 0.5489675516224188 0.032448377581120944 0.023008849557522124
1 0.7589970501474926 0.5533923303834808 0.03008849557522124 0.022418879056047197
1 0.6097345132743363 0.5539823008849557 0.027728613569321534 0.022418879056047197
1 0.44778761061946903 0.55929203539823 0.030678466076696165 0.016519174041297935
1 0.28908554572271383 0.5613569321533923 0.03775811209439528 0.02064896755162242
1 0.12536873156342182 0.5625368731563422 0.02654867256637168 0.018289085545722714
1 0.12123893805309735 0.7206489675516224 0.03126843657817109 0.02064896755162242
1 0.3014749262536873 0.7141592920353982 0.03303834808259587 0.024188790560471976
1 0.4528023598820059 0.7 0.03126843657817109 0.018289085545722714
1 0.6150442477876106 0.6958702064896755 0.03480825958702065 0.02182890855457227
1 0.7548672566371681 0.6997050147492625 0.03008849557522124 0.017699115044247787
1 0.932448377581121 0.7005899705014749 0.032448377581120944 0.01710914454277286
1 0.9377581120943953 0.8563421828908554 0.027728613569321534 0.018289085545722714
1 0.7569321533923303 0.8584070796460177 0.027138643067846607 0.01887905604719764
1 0.6230088495575221 0.8581120943952802 0.02831858407079646 0.012389380530973451
1 0.45073746312684365 0.8758112094395281 0.027138643067846607 0.02064896755162242
1 0.30265486725663715 0.8831858407079646 0.029498525073746312 0.021238938053097345
1 0.1303834808259587 0.8946902654867257 0.02359882005899705 0.024188790560471976
