1 0.11061946902654868 0.10324483775811209 0.0359882005899705 0.02359882005899705
1 0.2569321533923304 0.10383480825958702 0.0359882005899705 0.015339233038348082
1 0.39882005899705014 0.10914454277286136 0.03185840707964602 0.01887905604719764
1 0.5412979351032449 0.10648967551622418 0.038348082595870206 0.02182890855457227
1 0.7126843657817109 0.11651917404129794 0.025958702064896755 0.024188790560471976
1 0.8578171091445428 0.11976401179941003 0.03303834808259587 0.01887905604719764
1 0.8610619469026548 0.23156342182890854 0.04070796460176991 0.02182890855457227
1 0.7029498525073746 0.22831858407079647 0.03952802359882006 0.015339233038348082
1 0.5430678466076696 0.22920353982300884 0.032448377581120944 0.02064896755162242
1 0.3943952802359882 0.22625368731563422 0.03008849557522124 0.018289085545722714
1 0.243952802359882 0.228023598820059 0.028908554572271386 0.01592920353982301
1 0.12359882005899706 0.22920353982300884 0.027728613569321534 0.024188790560471976
1 0.12212389380530973 0.3663716814159292 0.02831858407079646 0.01887905604719764
1 0.23539823008849559 0.359882005899705 0.02831858407079646 0.020058997050147492
1 0.3693215339233038 0.36902654867256635 0.03421828908554572 0.01592920353982301
1 0.5486725663716814 0.37079646017699114 0.027138643067846607 0.01710914454277286
1 0.6896755162241888 0.3654867256637168 0.03303834808259587 0.024188790560471976
1 0.8663716814159292 0.37669616519174043 0.028908554572271386 0.02182890855457227
1 0.12094395280235988 0.5274336283185841 0.022418879056047197 0.02831858407079646
1 0.2365781710914454 0.5274336283185841 0.03303834808259587 0.021238938053097345
1 0.3705014749262537 0.5035398230088496 0.03185840707964602 0.024188790560471976
1 0.5466076696165192 0.49734513274336284 0.027728613569321534 0.029498525073746312
1 0.6973451327433628 0.4943952802359882 0.03657817109144543 0.02831858407079646
1 0.8542772861356932 0.492330383480826 0.03303834808259587 0.023008849557522124
1 0.8542772861356932 0.6589970501474927 0.03775811209439528 0.022418879056047197
1 0.6905604719764011 0.6569321533923304 0.03480825958702065 0.023008849557522124
1 0.528023598820059 0.659882005899705 0.022418879056047197 0.01592920353982301
1 0.3672566371681416 0.6640117994100295 0.033628318584070796 0.03126843657817109
1 0.2345132743362832 0.6678466076696166 0.03008849557522124 0.015339233038348082
1 0.11504424778761062 0.6625368731563421 0.027138643067846607 0.020058997050147492
1 0.12182890855457226 0.807669616519174 0.027728613569321534 0.015339233038348082
1 0.23628318584070795 0.8085545722713864 0.033628318584070796 0.018289085545722714
1 0.37138643067846605 0.8112094395280236 0.03126843657817109 0.021238938053097345
1 0.515339233038348 0.812094395280236 0.04070796460176991 0.02536873156342183
1 0.6902654867256637 0.800589970501475 0.027138643067846607 0.020058997050147492
1 0.8513274336283185 0.8070796460176991 0.03657817109144543 0.01887905604719764
