1 0.11769911504424779 0.12359882005899706 0.03126843657817109 0.02536873156342183
1 0.2778761061946903 0.14454277286135692 0.03185840707964602 0.01887905604719764
1 0.4457227138643068 0.15221238938053097 0.03008849557522124 0.01887905604719764
1 0.6050147492625368 0.15221238938053097 0.0359882005899705 0.015339233038348082
1 0.7587020648967552 0.15693215339233038 0.03303834808259587 0.021238938053097345
1 0.9359882005899705 0.1648967551622419 0.0359882005899705 0.01710914454277286
1 0.9374631268436578 0.2808259587020649 0.03303834808259587 0.022418879056047197
1 0.756047197640118 0.28348082595870205 0.033628318584070796 0.023008849557522124
1 0.6053097345132743 0.2920353982300885 0.03185840707964602 0.02359882005899705
1 0.45191740412979353 0.3008849557522124 0.03657817109144543 0.02359882005899705
1 0.29380530973451324 0.3014749262536873 0.030678466076696165 0.022418879056047197
1 0.1215339233038348 0.28584070796460176 0.030678466076696165 0.01710914454277286
1 0.12477876106194691 0.41887905604719766 0.027728613569321534 0.02359882005899705
1 0.2867256637168142 0.41976401179941003 0.029498525073746312 0.023008849557522124
1 0.4486725663716814 0.42359882005899707 0.02654867256637168 0.01887905604719764
1 0.6070796460176991 0.4206489675516224 0.03303834808259587 0.022418879056047197
1 0.7513274336283186 0.41238938053097346 0.03008849557522124 0.01887905604719764
1 0.9374631268436578 0.4008849557522124 0.027138643067846607 0.01710914454277286
1 0.9374631268436578 0.5489675516224188 0.027138643067846607 0.018289085545722714
1 0.9289085545722714 0.7020648967551623 0.028908554572271386 0.020058997050147492
1 0.935693215339233 0.8589970501474926 0.030678466076696165 0.015339233038348082
1 0.7581120943952803 0.5519174041297935 0.03303834808259587 0.01710914454277286
1 0.7566371681415929 0.699410029498525 0.028908554572271386 0.019469026548672566
1 0.7584070796460177 0.8622418879056047 0.028908554572271386 0.02064896755162242
1 0.6073746312684366 0.5557522123893806 0.033628318584070796 0.024778761061946902
1 0.616519174041298 0.6938053097345133 0.03893805309734513 0.020058997050147492
1 0.6221238938053097 0.8563421828908554 0.03126843657817109 0.02064896755162242
1 0.44837758112094395 0.5584070796460177 0.03185840707964602 0.024188790560471976
1 0.4545722713864307 0.7 0.038348082595870206 0.02654867256637168
1 0.4504424778761062 0.8790560471976401 0.03008849557522124 0.022418879056047197
1 0.28407079646017697 0.5578171091445427 0.027728613569321534 0.018289085545722714
1 0.3 0.7171091445427729 0.0359882005899705 0.019469026548672566
1 0.29882005899705016 0.8820058997050148 0.028908554572271386 0.02359882005899705
1 0.12448377581120944 0.5625368731563422 0.02359882005899705 0.019469026548672566
1 0.12182890855457226 0.7200589970501475 0.03716814159292035 0.02182890855457227
1 0.12772861356932153 0.8949852507374632 0.023008849557522124 0.025958702064896755
