1 0.1433628318584071 0.12477876106194691 0.03421828908554572 0.02536873156342183
1 0.28643067846607667 0.11533923303834809 0.033628318584070796 0.018289085545722714
1 0.4569321533923304 0.11032448377581121 0.038348082595870206 0.020058997050147492
1 0.6014749262536873 0.1079646017699115 0.032448377581120944 0.022418879056047197
1 0.7418879056047197 0.10265486725663717 0.032448377581120944 0.017699115044247787
1 0.8941002949852507 0.10383480825958702 0.03480825958702065 0.02359882005899705
1 0.8766961651917404 0.22566371681415928 0.029498525073746312 0.028908554572271386
1 0.7566371681415929 0.22920353982300884 0.02536873156342183 0.02064896755162242
1 0.6064896755162241 0.22831858407079647 0.03421828908554572 0.025958702064896755
1 0.45781710914454277 0.22831858407079647 0.04365781710914454 0.021238938053097345
1 0.29469026548672567 0.228023598820059 0.04188790560471976 0.028908554572271386
1 0.1410029498525074 0.2365781710914454 0.027138643067846607 0.015339233038348082
1 0.13392330383480827 0.3769911504424779 0.035398230088495575 0.022418879056047197
1 0.30737463126843656 0.36666666666666664 0.03303834808259587 0.02064896755162242
1 0.44955752212389377 0.371976401179941 0.03775811209439528 0.023008849557522124
1 0.6294985250737463 0.3693215339233038 0.03303834808259587 0.025958702064896755
1 0.7634218289085546 0.3601769911504425 0.035398230088495575 0.02536873156342183
1 0.875221238938053 0.36843657817109143 0.027728613569321534 0.02064896755162242
1 0.875221238938053 0.5268436578171092 0.03126843657817109 0.02831858407079646
1 0.7657817109144542 0.5238938053097345 0.02831858407079646 0.020058997050147492
1 0.6289085545722713 0.5056047197640118 0.040117994100294985 0.022418879056047197
1 0.452212389380531 0.49793510324483775 0.033628318584070796 0.024778761061946902
1 0.3014749262536873 0.49616519174041296 0.03893805309734513 0.02359882005899705
1 0.14601769911504425 0.4887905604719764 0.032448377581120944 0.02064896755162242
1 0.14778761061946902 0.6569321533923304 0.033628318584070796 0.02064896755162242
1 0.3088495575221239 0.659882005899705 0.04070796460176991 0.02182890855457227
1 0.4713864306784661 0.6589970501474927 0.03185840707964602 0.022418879056047197
1 0.6330383480825958 0.6651917404129793 0.03775811209439528 0.024188790560471976
1 0.764306784660767 0.6669616519174041 0.038348082595870206 0.023008849557522124
1 0.8831858407079646 0.6648967551622419 0.03303834808259587 0.022418879056047197
1 0.15250737463126843 0.8109144542772861 0.032448377581120944 0.02182890855457227
1 0.3079646017699115 0.8035398230088495 0.03303834808259587 0.021238938053097345
1 0.48761061946902656 0.8135693215339233 0.033628318584070796 0.025958702064896755
1 0.6289085545722713 0.8129793510324483 0.03303834808259587 0.02359882005899705
1 0.763716814159292 0.8115044247787611 0.033628318584070796 0.02182890855457227
1 0.8787610619469026 0.8082595870206489 0.03126843657817109 0.022418879056047197
