1 0.1056047197640118 0.11976401179941003 0.040117994100294985 0.03421828908554572
0 0.20855457227138643 0.15870206489675515 0.07610619469026549 0.10147492625368731
0 0.35103244837758113 0.10383480825958702 0.04837758112094395 0.04247787610619469
0 0.4846607669616519 0.13952802359882005 0.1351032448377581 0.0855457227138643
0 0.6356932153392331 0.1424778761061947 0.10088495575221239 0.07138643067846608
0 0.7651917404129793 0.17758112094395279 0.06135693215339233 0.08259587020648967
0 0.7702064896755162 0.24424778761061947 0.11504424778761062 0.058997050147492625
0 0.6554572271386431 0.25781710914454276 0.08967551622418879 0.06725663716814159
1 0.5 0.28112094395280235 0.03952802359882006 0.03716814159292035
0 0.33539823008849556 0.2634218289085546 0.07374631268436578 0.03952802359882006
1 0.23008849557522124 0.2651917404129793 0.05073746312684366 0.03008849557522124
0 0.12035398230088495 0.27817109144542773 0.04837758112094395 0.07728613569321534
0 0.10914454277286136 0.46342182890855455 0.054277286135693215 0.02654867256637168
0 0.2693215339233038 0.41386430678466074 0.10914454277286136 0.061946902654867256
0 0.376401179941003 0.4551622418879056 0.07315634218289085 0.14454277286135692
1 0.5061946902654867 0.3911504424778761 0.054277286135693215 0.03893805309734513
0 0.671976401179941 0.4592920353982301 0.10501474926253687 0.05604719764011799
0 0.7805309734513274 0.4253687315634218 0.03775811209439528 0.04129793510324484
0 0.7823008849557522 0.5566371681415929 0.03421828908554572 0.052507374631268436
0 0.6657817109144543 0.5631268436578171 0.10678466076696165 0.12566371681415928
0 0.5351032448377581 0.5191740412979351 0.04837758112094395 0.03775811209439528
0 0.1471976401179941 0.6011799410029498 0.03480825958702065 0.05073746312684366
0 0.3274336283185841 0.6182890855457227 0.06843657817109144 0.143952802359882
0 0.41976401179941003 0.5994100294985251 0.12448377581120944 0.06843657817109144
1 0.1654867256637168 0.6941002949852507 0.05132743362831858 0.04424778761061947
0 0.27551622418879057 0.7259587020648968 0.030678466076696165 0.033628318584070796
1 0.27227138643067844 0.7699115044247787 0.03126843657817109 0.03303834808259587
0 0.43156342182890856 0.7563421828908554 0.12566371681415928 0.10383480825958702
0 0.5415929203539823 0.6646017699115044 0.06843657817109144 0.07374631268436578
0 0.6870206489675517 0.6761061946902654 0.06312684365781711 0.054277286135693215
0 0.7793510324483776 0.6716814159292035 0.12625368731563422 0.09498525073746313
0 0.7707964601769911 0.7772861356932154 0.17758112094395279 0.052507374631268436
0 0.6519174041297935 0.7867256637168142 0.05663716814159292 0.07610619469026549
0 0.5445427728613569 0.8389380530973451 0.08023598820058997 0.13569321533923304
0 0.391740412979351 0.8507374631268436 0.1215339233038348 0.12861356932153392
0 0.1079646017699115 0.8230088495575221 0.0471976401179941 0.08495575221238938
