1 0.06578171091445428 0.14513274336283186 0.03716814159292035 0.015339233038348082
1 0.23805309734513275 0.1457227138643068 0.02654867256637168 0.03185840707964602
1 0.37964601769911505 0.1430678466076696 0.03126843657817109 0.023008849557522124
1 0.5545722713864307 0.12507374631268436 0.030678466076696165 0.020058997050147492
1 0.7044247787610619 0.11622418879056047 0.025958702064896755 0.025958702064896755
1 0.8808259587020649 0.10884955752212389 0.04129793510324484 0.024188790560471976
1 0.8790560471976401 0.2743362831858407 0.03775811209439528 0.020058997050147492
1 0.6997050147492625 0.2799410029498525 0.03303834808259587 0.024188790560471976
1 0.5474926253687316 0.2991150442477876 0.03185840707964602 0.022418879056047197
1 0.3855457227138643 0.30324483775811206 0.032448377581120944 0.025958702064896755
1 0.24749262536873157 0.2991150442477876 0.03008849557522124 0.020058997050147492
1 0.07138643067846608 0.3005899705014749 0.030678466076696165 0.023008849557522124
1 0.06578171091445428 0.4492625368731563 0.027728613569321534 0.018289085545722714
1 0.2415929203539823 0.4445427728613569 0.032448377581120944 0.02536873156342183
1 0.3920353982300885 0.44542772861356933 0.032448377581120944 0.02831858407079646
1 0.5545722713864307 0.4421828908554572 0.03303834808259587 0.018289085545722714
1 0.7141592920353982 0.44041297935103246 0.032448377581120944 0.019469026548672566
1 0.8769911504424779 0.4398230088495575 0.03126843657817109 0.018289085545722714
1 0.875221238938053 0.5861356932153392 0.02654867256637168 0.027728613569321534
1 0.7132743362831858 0.575811209439528 0.027138643067846607 0.022418879056047197
1 0.551622418879056 0.5772861356932153 0.029498525073746312 0.019469026548672566
1 0.39321533923303836 0.5793510324483776 0.032448377581120944 0.016519174041297935
1 0.2519174041297935 0.5864306784660767 0.030678466076696165 0.02359882005899705
1 0.06430678466076696 0.5961651917404129 0.024778761061946902 0.03126843657817109
1 0.06460176991150443 0.7230088495575221 0.02654867256637168 0.024188790560471976
1 0.2430678466076696 0.7179941002949852 0.024778761061946902 0.03185840707964602
1 0.39410029498525073 0.7058997050147493 0.029498525073746312 0.02064896755162242
1 0.5498525073746312 0.7020648967551623 0.030678466076696165 0.022418879056047197
1 0.7079646017699115 0.7017699115044248 0.030678466076696165 0.019469026548672566
1 0.8675516224188791 0.7085545722713864 0.018289085545722714 0.03303834808259587
1 0.8687315634218289 0.8696165191740413 0.01710914454277286 0.035398230088495575
1 0.7253687315634219 0.8342182890855457 0.028908554572271386 0.025958702064896755
1 0.5548672566371682 0.8448377581120944 0.03126843657817109 0.020058997050147492
1 0.4061946902654867 0.8303834808259587 0.023008849557522124 0.02182890855457227
1 0.23333333333333334 0.8330383480825958 0.033628318584070796 0.015339233038348082
1 0.06460176991150443 0.8321533923303834 0.02654867256637168 0.019469026548672566
