1 0.09911504424778761 0.12035398230088495 0.04247787610619469 0.035398230088495575
0 0.2097345132743363 0.1607669616519174 0.09498525073746313 0.10088495575221239
0 0.3519174041297935 0.10707964601769912 0.04660766961651917 0.04542772861356932
0 0.48289085545722715 0.1374631268436578 0.13156342182890857 0.08023598820058997
0 0.6277286135693215 0.1448377581120944 0.07905604719764012 0.09970501474926254
0 0.7728613569321534 0.1710914454277286 0.08023598820058997 0.07905604719764012
0 0.7852507374631268 0.2359882005899705 0.12625368731563422 0.05073746312684366
0 0.667551622418879 0.26194690265486725 0.08672566371681416 0.07315634218289085
1 0.5011799410029498 0.2814159292035398 0.043067846607669616 0.040117994100294985
0 0.3383480825958702 0.2607669616519174 0.07492625368731563 0.040117994100294985
1 0.23156342182890854 0.2687315634218289 0.057227138643067846 0.0359882005899705
0 0.11268436578171091 0.27404129793510323 0.05663716814159292 0.06666666666666667
1 0.10825958702064897 0.45368731563421827 0.033628318584070796 0.04601769911504425
0 0.2646017699115044 0.4085545722713864 0.10442477876106195 0.061946902654867256
0 0.3817109144542773 0.45191740412979353 0.0696165191740413 0.14513274336283186
1 0.5047197640117994 0.3985250737463127 0.05604719764011799 0.04188790560471976
0 0.7802359882005899 0.42448377581120944 0.047787610619469026 0.043067846607669616
0 0.6678466076696166 0.4539823008849557 0.09911504424778761 0.05368731563421829
0 0.7846607669616519 0.5525073746312684 0.03657817109144543 0.05604719764011799
0 0.6572271386430678 0.5690265486725664 0.12035398230088495 0.09616519174041298
0 0.5383480825958702 0.5188790560471976 0.057227138643067846 0.03952802359882006
0 0.41297935103244837 0.6023598820058997 0.11209439528023599 0.07669616519174041
0 0.30442477876106194 0.616519174041298 0.07669616519174041 0.1463126843657817
0 0.1486725663716814 0.595575221238938 0.030678466076696165 0.04070796460176991
1 0.1504424778761062 0.6690265486725664 0.03657817109144543 0.054277286135693215
0 0.2728613569321534 0.7241887905604719 0.03480825958702065 0.03716814159292035
0 0.11386430678466077 0.824188790560472 0.044837758112094395 0.08377581120943953
1 0.2536873156342183 0.8362831858407079 0.035398230088495575 0.019469026548672566
0 0.42920353982300885 0.7690265486725664 0.11976401179941003 0.11976401179941003
0 0.38761061946902653 0.8495575221238938 0.12861356932153392 0.10619469026548672
0 0.5569321533923304 0.8368731563421828 0.06489675516224189 0.10324483775811209
0 0.5436578171091445 0.6672566371681415 0.06312684365781711 0.06725663716814159
0 0.6867256637168142 0.6743362831858407 0.0471976401179941 0.04837758112094395
0 0.6530973451327433 0.7911504424778761 0.05191740412979351 0.07551622418879056
0 0.7749262536873156 0.8017699115044248 0.15752212389380532 0.06253687315634218
0 0.7654867256637168 0.6657817109144543 0.11858407079646018 0.11150442477876106
