0 0.12064896755162241 0.058112094395280235 0.08200589970501475 0.10678466076696165
0 0.24749262536873157 0.03746312684365782 0.07846607669616519 0.05958702064896755
0 0.40530973451327434 0.05368731563421829 0.06371681415929203 0.06135693215339233
0 0.6764011799410029 0.05221238938053097 0.09970501474926254 0.047787610619469026
0 0.5312684365781711 0.11799410029498525 0.033628318584070796 0.03893805309734513
0 0.8510324483775811 0.10206489675516224 0.04424778761061947 0.03421828908554572
0 0.11651917404129794 0.22389380530973452 0.06902654867256637 0.06666666666666667
0 0.243952802359882 0.18613569321533924 0.05486725663716814 0.04660766961651917
0 0.3466076696165192 0.17286135693215338 0.12566371681415928 0.06725663716814159
0 0.703834808259587 0.22359882005899706 0.0743362831858407 0.05309734513274336
0 0.8569321533923304 0.23067846607669618 0.061946902654867256 0.0696165191740413
0 0.12802359882005898 0.3206489675516224 0.06017699115044248 0.05958702064896755
0 0.20088495575221238 0.29410029498525075 0.07610619469026549 0.12212389380530973
0 0.36283185840707965 0.3702064896755162 0.06371681415929203 0.10678466076696165
0 0.51976401179941 0.26017699115044246 0.07905604719764012 0.06135693215339233
1 0.5480825958702065 0.3345132743362832 0.08023598820058997 0.04365781710914454
0 0.6952802359882005 0.35162241887905604 0.0584070796460177 0.058997050147492625
1 0.8734513274336283 0.37964601769911505 0.05368731563421829 0.05368731563421829
0 0.8486725663716814 0.5112094395280236 0.06312684365781711 0.06902654867256637
0 0.696165191740413 0.5129793510324484 0.05073746312684366 0.09498525073746313
0 0.5374631268436578 0.46755162241887904 0.06843657817109144 0.06312684365781711
0 0.3616519174041298 0.4604719764011799 0.05781710914454277 0.05132743362831858
0 0.13156342182890857 0.5300884955752212 0.07669616519174041 0.08908554572271386
0 0.20737463126843658 0.5530973451327433 0.08672566371681416 0.09380530973451327
0 0.07492625368731563 0.6522123893805309 0.1191740412979351 0.15162241887905603
0 0.23333333333333334 0.6858407079646017 0.0607669616519174 0.1079646017699115
0 0.4882005899705015 0.5985250737463127 0.07020648967551622 0.06548672566371681
0 0.6790560471976401 0.6271386430678466 0.06371681415929203 0.071976401179941
0 0.8548672566371681 0.6233038348082596 0.06017699115044248 0.04896755162241888
0 0.36047197640117995 0.6932153392330384 0.06843657817109144 0.06135693215339233
0 0.1336283185840708 0.8017699115044248 0.07728613569321534 0.04129793510324484
0 0.1967551622418879 0.8221238938053097 0.09262536873156342 0.0831858407079646
0 0.3663716814159292 0.7817109144542773 0.04247787610619469 0.08849557522123894
0 0.5056047197640118 0.7787610619469026 0.058997050147492625 0.04365781710914454
0 0.7029498525073746 0.8339233038348083 0.08908554572271386 0.06666666666666667
1 0.8448377581120944 0.8174041297935103 0.05545722713864307 0.07138643067846608
