1 0.11120943952802359 0.10442477876106195 0.0359882005899705 0.01887905604719764
1 0.2569321533923304 0.10648967551622418 0.03008849557522124 0.01592920353982301
1 0.39823008849557523 0.10766961651917403 0.035398230088495575 0.02064896755162242
1 0.5448377581120943 0.10589970501474927 0.04070796460176991 0.02182890855457227
1 0.7109144542772862 0.11651917404129794 0.035398230088495575 0.02064896755162242
1 0.8625368731563422 0.12330383480825959 0.03893805309734513 0.020058997050147492
1 0.8601769911504424 0.2312684365781711 0.029498525073746312 0.020058997050147492
1 0.7017699115044248 0.22684365781710913 0.03126843657817109 0.019469026548672566
1 0.5424778761061947 0.23097345132743363 0.04070796460176991 0.02064896755162242
1 0.396165191740413 0.22831858407079647 0.03480825958702065 0.022418879056047197
1 0.24572271386430677 0.22861356932153393 0.03008849557522124 0.01710914454277286
1 0.12418879056047197 0.22861356932153393 0.032448377581120944 0.024188790560471976
1 0.12300884955752212 0.36696165191740415 0.033628318584070796 0.030678466076696165
1 0.2345132743362832 0.3595870206489675 0.03716814159292035 0.02064896755162242
1 0.3710914454277286 0.3696165191740413 0.03775811209439528 0.018289085545722714
1 0.5466076696165192 0.3687315634218289 0.03716814159292035 0.02831858407079646
1 0.691150442477876 0.3631268436578171 0.033628318584070796 0.032448377581120944
1 0.8654867256637168 0.3781710914454277 0.035398230088495575 0.024778761061946902
1 0.855457227138643 0.4911504424778761 0.03657817109144543 0.018289085545722714
1 0.6991150442477876 0.491740412979351 0.044837758112094395 0.024188790560471976
1 0.5498525073746312 0.49793510324483775 0.03421828908554572 0.029498525073746312
1 0.3722713864306785 0.5053097345132743 0.035398230088495575 0.023008849557522124
1 0.2365781710914454 0.5227138643067847 0.03303834808259587 0.024778761061946902
1 0.1200589970501475 0.5250737463126843 0.024188790560471976 0.022418879056047197
1 0.11563421828908554 0.6637168141592921 0.027138643067846607 0.015339233038348082
1 0.2327433628318584 0.6678466076696166 0.032448377581120944 0.01415929203539823
1 0.36578171091445427 0.6646017699115044 0.03657817109144543 0.02182890855457227
1 0.5283185840707965 0.6607669616519174 0.038348082595870206 0.01887905604719764
1 0.6917404129793511 0.6607669616519174 0.033628318584070796 0.01887905604719764
1 0.8572271386430679 0.6637168141592921 0.040117994100294985 0.024778761061946902
1 0.8510324483775811 0.8103244837758112 0.0359882005899705 0.023008849557522124
1 0.6926253687315634 0.8050147492625369 0.03893805309734513 0.02536873156342183
1 0.5138643067846608 0.8153392330383481 0.03303834808259587 0.021238938053097345
1 0.37138643067846605 0.8156342182890856 0.03008849557522124 0.01592920353982301
1 0.2368731563421829 0.8103244837758112 0.04070796460176991 0.01710914454277286
1 0.1224188790560472 0.8091445427728613 0.028908554572271386 0.019469026548672566
