0 0.11976401179941003 0.0528023598820059 0.06489675516224189 0.07728613569321534
0 0.2587020648967552 0.06047197640117994 0.06312684365781711 0.05604719764011799
0 0.4050147492625369 0.0710914454277286 0.052507374631268436 0.05486725663716814
1 0.5377581120943953 0.11474926253687315 0.027728613569321534 0.03480825958702065
0 0.6820058997050147 0.05929203539823009 0.12743362831858407 0.05014749262536873
0 0.8563421828908554 0.0943952802359882 0.047787610619469026 0.03185840707964602
0 0.859882005899705 0.2271386430678466 0.0584070796460177 0.06017699115044248
1 0.712094395280236 0.2327433628318584 0.06253687315634218 0.0584070796460177
0 0.5289085545722714 0.25162241887905606 0.05368731563421829 0.07020648967551622
0 0.37374631268436576 0.18053097345132743 0.1303834808259587 0.05309734513274336
0 0.24542772861356932 0.1799410029498525 0.049557522123893805 0.04837758112094395
0 0.11563421828908554 0.2377581120943953 0.06017699115044248 0.07669616519174041
0 0.1327433628318584 0.3106194690265487 0.035398230088495575 0.07374631268436578
0 0.2303834808259587 0.3144542772861357 0.061946902654867256 0.13333333333333333
0 0.36283185840707965 0.36342182890855457 0.06725663716814159 0.11327433628318584
0 0.5433628318584071 0.32536873156342183 0.06489675516224189 0.05958702064896755
1 0.8743362831858407 0.3805309734513274 0.04837758112094395 0.06607669616519174
1 0.6908554572271386 0.3752212389380531 0.05309734513274336 0.054277286135693215
1 0.35516224188790557 0.46607669616519176 0.06017699115044248 0.05545722713864307
0 0.5303834808259587 0.4616519174041298 0.054277286135693215 0.06548672566371681
0 0.6973451327433628 0.5174041297935104 0.04129793510324484 0.08849557522123894
0 0.851622418879056 0.5109144542772861 0.05014749262536873 0.08495575221238938
0 0.8507374631268436 0.6330383480825958 0.04247787610619469 0.054277286135693215
0 0.6861356932153392 0.6209439528023599 0.0471976401179941 0.04896755162241888
0 0.5138643067846608 0.6023598820058997 0.04247787610619469 0.058997050147492625
0 0.1303834808259587 0.5221238938053098 0.03421828908554572 0.03893805309734513
0 0.2215339233038348 0.5525073746312684 0.05604719764011799 0.10324483775811209
0 0.13421828908554573 0.6696165191740413 0.05368731563421829 0.16519174041297935
0 0.2168141592920354 0.6876106194690266 0.0584070796460177 0.10678466076696165
0 0.38259587020648966 0.6799410029498525 0.05958702064896755 0.09852507374631268
0 0.5020648967551622 0.7710914454277286 0.06725663716814159 0.06135693215339233
0 0.7041297935103245 0.8365781710914454 0.08790560471976401 0.06607669616519174
1 0.8415929203539823 0.8123893805309734 0.06666666666666667 0.06135693215339233
0 0.37374631268436576 0.7699115044247787 0.04070796460176991 0.0471976401179941
0 0.2294985250737463 0.8336283185840708 0.027138643067846607 0.10147492625368731
0 0.1415929203539823 0.8011799410029499 0.07787610619469026 0.04837758112094395
