1 0.10383480825958702 0.13215339233038348 0.03775811209439528 0.05191740412979351
1 0.23539823008849559 0.14601769911504425 0.035398230088495575 0.02654867256637168
1 0.387905604719764 0.14513274336283186 0.028908554572271386 0.03185840707964602
1 0.5383480825958702 0.14424778761061946 0.03480825958702065 0.023008849557522124
1 0.6935103244837758 0.14454277286135692 0.02182890855457227 0.035398230088495575
1 0.8495575221238938 0.1200589970501475 0.04129793510324484 0.02536873156342183
1 0.09882005899705015 0.3339233038348083 0.027728613569321534 0.027138643067846607
1 0.21799410029498525 0.3297935103244838 0.033628318584070796 0.017699115044247787
1 0.376401179941003 0.3238938053097345 0.030678466076696165 0.02831858407079646
1 0.5188790560471976 0.3528023598820059 0.027728613569321534 0.024778761061946902
1 0.6814159292035398 0.34601769911504426 0.03657817109144543 0.032448377581120944
1 0.8427728613569322 0.36283185840707965 0.03716814159292035 0.01887905604719764
1 0.8407079646017699 0.5123893805309735 0.02831858407079646 0.02064896755162242
1 0.6884955752212389 0.512684365781711 0.02359882005899705 0.020058997050147492
1 0.5392330383480826 0.5194690265486726 0.04129793510324484 0.02064896755162242
1 0.384070796460177 0.5029498525073747 0.03303834808259587 0.024188790560471976
1 0.24100294985250736 0.47109144542772863 0.033628318584070796 0.019469026548672566
1 0.0911504424778761 0.47463126843657816 0.03716814159292035 0.018289085545722714
1 0.09734513274336283 0.6150442477876106 0.030678466076696165 0.019469026548672566
1 0.2407079646017699 0.6221238938053097 0.03421828908554572 0.02536873156342183
1 0.38820058997050144 0.6380530973451327 0.04129793510324484 0.023008849557522124
1 0.5321533923303835 0.6265486725663717 0.03185840707964602 0.020058997050147492
1 0.6884955752212389 0.6315634218289086 0.029498525073746312 0.02536873156342183
1 0.8469026548672566 0.6330383480825958 0.03716814159292035 0.022418879056047197
1 0.8489675516224189 0.7808259587020648 0.03185840707964602 0.03008849557522124
1 0.7079646017699115 0.7740412979351032 0.03775811209439528 0.02359882005899705
1 0.5530973451327433 0.772566371681416 0.03716814159292035 0.02064896755162242
1 0.3973451327433628 0.7690265486725664 0.038348082595870206 0.024188790560471976
1 0.24955752212389382 0.7660766961651917 0.03303834808259587 0.02536873156342183
1 0.10530973451327433 0.764306784660767 0.024188790560471976 0.02182890855457227
1 0.1056047197640118 0.9 0.030678466076696165 0.02064896755162242
1 0.2657817109144543 0.9017699115044248 0.032448377581120944 0.024188790560471976
1 0.4079646017699115 0.9091445427728614 0.0359882005899705 0.025958702064896755
1 0.5628318584070796 0.912094395280236 0.03303834808259587 0.022418879056047197
1 0.7123893805309734 0.9144542772861357 0.03480825958702065 0.03421828908554572
1 0.8660766961651918 0.9061946902654867 0.04247787610619469 0.022418879056047197
