0 0.24926253687315633 0.2536873156342183 0.06666666666666667 0.1592920353982301
0 0.2528023598820059 0.3 0.047787610619469026 0.04188790560471976
0 0.3702064896755162 0.3106194690265487 0.09498525073746313 0.16814159292035397
0 0.42625368731563423 0.20412979351032448 0.1056047197640118 0.12979351032448377
0 0.5392330383480826 0.18908554572271385 0.03421828908554572 0.07374631268436578
1 0.667551622418879 0.1920353982300885 0.03126843657817109 0.03480825958702065
0 0.7991150442477876 0.19941002949852507 0.07492625368731563 0.1486725663716814
0 0.9008849557522124 0.22300884955752212 0.0943952802359882 0.18289085545722714
0 0.8976401179941003 0.35575221238938054 0.10442477876106195 0.15693215339233038
0 0.8864306784660767 0.49144542772861355 0.12802359882005898 0.08141592920353982
1 0.7495575221238938 0.3215339233038348 0.02536873156342183 0.03303834808259587
1 0.7557522123893805 0.4433628318584071 0.02359882005899705 0.033628318584070796
0 0.6218289085545723 0.34513274336283184 0.058997050147492625 0.11563421828908554
0 0.4988200589970501 0.3625368731563422 0.1893805309734513 0.05486725663716814
0 0.5876106194690265 0.45486725663716815 0.10029498525073746 0.13215339233038348
0 0.22418879056047197 0.4486725663716814 0.08259587020648967 0.04660766961651917
1 0.32418879056047195 0.4374631268436578 0.03126843657817109 0.027728613569321534
1 0.4861356932153392 0.48200589970501473 0.044837758112094395 0.03421828908554572
0 0.23067846607669618 0.5941002949852507 0.08849557522123894 0.03893805309734513
0 0.3926253687315634 0.6011799410029498 0.09262536873156342 0.19941002949852507
0 0.5238938053097345 0.5828908554572272 0.05545722713864307 0.035398230088495575
0 0.5938053097345133 0.5342182890855457 0.05486725663716814 0.11740412979351032
0 0.6740412979351033 0.5823008849557522 0.18584070796460178 0.08731563421828908
1 0.8457227138643068 0.6002949852507374 0.018289085545722714 0.033628318584070796
0 0.8530973451327434 0.6834808259587021 0.09085545722713864 0.05132743362831858
0 0.6938053097345133 0.71976401179941 0.03775811209439528 0.04365781710914454
0 0.4775811209439528 0.71976401179941 0.16224188790560473 0.044837758112094395
0 0.37964601769911505 0.7542772861356932 0.0607669616519174 0.07256637168141593
0 0.21769911504424777 0.7507374631268436 0.19941002949852507 0.07846607669616519
0 0.13716814159292035 0.9126843657817109 0.1823008849557522 0.0943952802359882
0 0.33952802359882006 0.8778761061946903 0.0808259587020649 0.215929203539823
0 0.487905604719764 0.8805309734513275 0.07669616519174041 0.1504424778761062
0 0.6938053097345133 0.8693215339233038 0.13215339233038348 0.14454277286135692
0 0.8634218289085546 0.8592920353982301 0.11386430678466077 0.11740412979351032
