0 0.13480825958702064 0.14749262536873156 0.11268436578171091 0.1191740412979351
0 0.3129793510324484 0.1303834808259587 0.14926253687315633 0.15457227138643068
0 0.5144542772861357 0.10206489675516224 0.08141592920353982 0.15811209439528023
0 0.6743362831858407 0.11769911504424779 0.0743362831858407 0.21415929203539824
0 0.8643067846607669 0.09321533923303835 0.14277286135693215 0.09321533923303835
0 0.15191740412979352 0.3117994100294985 0.09616519174041298 0.04542772861356932
1 0.30324483775811206 0.275811209439528 0.040117994100294985 0.03952802359882006
0 0.523598820058997 0.2784660766961652 0.16224188790560473 0.06135693215339233
0 0.61976401179941 0.23864306784660766 0.05958702064896755 0.07020648967551622
0 0.7823008849557522 0.24041297935103245 0.184070796460177 0.08200589970501475
0 0.7678466076696165 0.40058997050147493 0.0855457227138643 0.040117994100294985
0 0.608259587020649 0.40058997050147493 0.08613569321533923 0.1958702064896755
0 0.47168141592920354 0.41474926253687316 0.0607669616519174 0.04247787610619469
1 0.15191740412979352 0.4 0.02654867256637168 0.04247787610619469
0 0.3297935103244838 0.4218289085545723 0.17463126843657817 0.08141592920353982
0 0.41386430678466074 0.46283185840707963 0.0607669616519174 0.11150442477876106
0 0.10943952802359883 0.5073746312684366 0.11740412979351032 0.08377581120943953
0 0.415929203539823 0.5457227138643068 0.08849557522123894 0.13451327433628318
1 0.5179941002949853 0.5200589970501475 0.04601769911504425 0.03126843657817109
1 0.6769911504424778 0.5681415929203539 0.04424778761061947 0.044837758112094395
0 0.7749262536873156 0.5530973451327433 0.0808259587020649 0.04542772861356932
0 0.25014749262536873 0.5625368731563422 0.021238938053097345 0.04896755162241888
0 0.10265486725663717 0.6522123893805309 0.11209439528023599 0.18584070796460178
1 0.24837758112094394 0.6790560471976401 0.02359882005899705 0.02831858407079646
0 0.3823008849557522 0.6498525073746313 0.05191740412979351 0.11858407079646018
0 0.5005899705014749 0.6374631268436578 0.17758112094395279 0.06312684365781711
0 0.6297935103244837 0.6867256637168142 0.10324483775811209 0.16519174041297935
0 0.7430678466076696 0.6935103244837758 0.047787610619469026 0.052507374631268436
0 0.7442477876106195 0.7548672566371681 0.09498525073746313 0.1374631268436578
0 0.10501474926253687 0.783480825958702 0.10501474926253687 0.1640117994100295
0 0.20825958702064895 0.7867256637168142 0.10501474926253687 0.1327433628318584
1 0.3303834808259587 0.807669616519174 0.029498525073746312 0.024778761061946902
0 0.46017699115044247 0.8067846607669616 0.027138643067846607 0.07492625368731563
0 0.5861356932153392 0.8176991150442477 0.12566371681415928 0.11327433628318584
