0 0.18613569321533924 0.1958702064896755 0.11622418879056047 0.071976401179941
0 0.3238938053097345 0.17168141592920355 0.08259587020648967 0.10029498525073746
0 0.5289085545722714 0.15486725663716813 0.1374631268436578 0.06902654867256637
0 0.6852507374631268 0.1902654867256637 0.1327433628318584 0.05368731563421829
0 0.7174041297935103 0.11061946902654868 0.09321533923303835 0.12566371681415928
0 0.707669616519174 0.2424778761061947 0.17758112094395279 0.09085545722713864
0 0.5964601769911504 0.30442477876106194 0.04247787610619469 0.09085545722713864
0 0.5466076696165192 0.30501474926253686 0.1952802359882006 0.10619469026548672
0 0.7424778761061946 0.3463126843657817 0.09262536873156342 0.044837758112094395
0 0.3058997050147493 0.29646017699115046 0.09734513274336283 0.17522123893805308
0 0.2097345132743363 0.2651917404129793 0.06548672566371681 0.11268436578171091
0 0.1592920353982301 0.34100294985250734 0.06843657817109144 0.0696165191740413
1 0.07787610619469026 0.492330383480826 0.03775811209439528 0.02654867256637168
0 0.16991150442477876 0.532448377581121 0.0967551622418879 0.10088495575221239
0 0.27227138643067844 0.5530973451327433 0.10324483775811209 0.17640117994100296
0 0.3380530973451327 0.44277286135693217 0.08967551622418879 0.12330383480825959
0 0.41297935103244837 0.39085545722713866 0.07551622418879056 0.12330383480825959
0 0.4604719764011799 0.49793510324483775 0.16696165191740414 0.06489675516224189
0 0.4755162241887906 0.4330383480825959 0.04601769911504425 0.025958702064896755
0 0.5678466076696165 0.4303834808259587 0.21769911504424777 0.05368731563421829
0 0.6929203539823009 0.5106194690265486 0.05132743362831858 0.06312684365781711
0 0.643952802359882 0.5330383480825959 0.0359882005899705 0.07256637168141593
0 0.5306784660766961 0.5887905604719764 0.1528023598820059 0.09085545722713864
0 0.12536873156342182 0.6106194690265486 0.10914454277286136 0.10029498525073746
0 0.26430678466076696 0.6917404129793511 0.08495575221238938 0.09262536873156342
0 0.391740412979351 0.6625368731563421 0.06607669616519174 0.13569321533923304
0 0.5890855457227139 0.6330383480825958 0.16578171091445426 0.06371681415929203
0 0.7303834808259587 0.6483775811209439 0.08259587020648967 0.10973451327433628
0 0.6799410029498525 0.7882005899705015 0.09734513274336283 0.1592920353982301
0 0.5696165191740413 0.7474926253687315 0.15162241887905603 0.14041297935103245
0 0.46519174041297934 0.8035398230088495 0.04070796460176991 0.07315634218289085
0 0.10206489675516224 0.7823008849557522 0.08495575221238938 0.16991150442477876
0 0.28112094395280235 0.8294985250737463 0.07728613569321534 0.10855457227138643
1 0.3268436578171091 0.8017699115044248 0.029498525073746312 0.029498525073746312
