1 0.10707964601769912 0.12094395280235988 0.047787610619469026 0.03303834808259587
0 0.20855457227138643 0.15398230088495574 0.07728613569321534 0.10383480825958702
0 0.3528023598820059 0.10176991150442477 0.05073746312684366 0.04070796460176991
0 0.4817109144542773 0.13156342182890857 0.12802359882005898 0.08495575221238938
0 0.6398230088495576 0.140117994100295 0.11268436578171091 0.06430678466076696
0 0.7648967551622419 0.17935103244837758 0.057227138643067846 0.0920353982300885
0 0.7702064896755162 0.24454277286135692 0.10442477876106195 0.052507374631268436
0 0.6548672566371682 0.25398230088495577 0.0920353982300885 0.0584070796460177
0 0.49970501474926254 0.27728613569321536 0.0471976401179941 0.030678466076696165
0 0.3351032448377581 0.26017699115044246 0.07079646017699115 0.040117994100294985
1 0.2359882005899705 0.26843657817109146 0.05545722713864307 0.029498525073746312
0 0.12389380530973451 0.28112094395280235 0.04365781710914454 0.07728613569321534
0 0.11268436578171091 0.46578171091445425 0.05545722713864307 0.03952802359882006
0 0.2672566371681416 0.4144542772861357 0.09793510324483776 0.06902654867256637
0 0.3728613569321534 0.4510324483775811 0.0696165191740413 0.14690265486725662
1 0.5064896755162241 0.3935103244837758 0.05368731563421829 0.03421828908554572
0 0.7828908554572271 0.4271386430678466 0.03893805309734513 0.05191740412979351
0 0.6666666666666666 0.46342182890855455 0.10855457227138643 0.047787610619469026
0 0.5365781710914455 0.5194690265486726 0.04896755162241888 0.03716814159292035
0 0.14513274336283186 0.5893805309734513 0.04247787610619469 0.04129793510324484
0 0.33362831858407077 0.6250737463126843 0.0855457227138643 0.13392330383480827
0 0.424188790560472 0.6 0.1168141592920354 0.07905604719764012
0 0.6646017699115044 0.5595870206489676 0.10324483775811209 0.1327433628318584
0 0.7793510324483776 0.5542772861356932 0.03421828908554572 0.04660766961651917
1 0.16902654867256636 0.6914454277286135 0.043067846607669616 0.04247787610619469
1 0.27256637168141595 0.7289085545722713 0.035398230088495575 0.04070796460176991
1 0.2743362831858407 0.7722713864306785 0.024778761061946902 0.04247787610619469
0 0.4351032448377581 0.7545722713864307 0.12566371681415928 0.11327433628318584
0 0.5466076696165192 0.6672566371681415 0.07610619469026549 0.09085545722713864
0 0.6867256637168142 0.6769911504424778 0.05663716814159292 0.05604719764011799
0 0.7814159292035399 0.6690265486725664 0.1303834808259587 0.11209439528023599
0 0.11769911504424779 0.8117994100294985 0.05958702064896755 0.0743362831858407
0 0.39085545722713866 0.8501474926253687 0.12448377581120944 0.13097345132743363
0 0.5492625368731563 0.8389380530973451 0.07905604719764012 0.13569321533923304
0 0.6578171091445427 0.7831858407079646 0.05781710914454277 0.07374631268436578
0 0.7731563421828909 0.7849557522123893 0.18584070796460178 0.07256637168141593
