1 0.09911504424778761 0.12743362831858407 0.030678466076696165 0.02831858407079646
1 0.2312684365781711 0.143952802359882 0.02359882005899705 0.024778761061946902
1 0.3852507374631268 0.1430678466076696 0.01887905604719764 0.02654867256637168
1 0.5365781710914455 0.14365781710914455 0.033628318584070796 0.028908554572271386
1 0.6967551622418879 0.14513274336283186 0.029498525073746312 0.04129793510324484
1 0.8471976401179941 0.11976401179941003 0.03893805309734513 0.027138643067846607
1 0.0976401179941003 0.3339233038348083 0.032448377581120944 0.027138643067846607
1 0.2150442477876106 0.33008849557522124 0.027728613569321534 0.019469026548672566
1 0.3734513274336283 0.3209439528023599 0.03421828908554572 0.024778761061946902
1 0.515929203539823 0.347787610619469 0.0359882005899705 0.023008849557522124
1 0.6846607669616519 0.3480825958702065 0.0359882005899705 0.03185840707964602
1 0.8451327433628318 0.36342182890855457 0.032448377581120944 0.03185840707964602
1 0.08702064896755163 0.47168141592920354 0.02654867256637168 0.023008849557522124
1 0.23893805309734512 0.47168141592920354 0.029498525073746312 0.027728613569321534
1 0.3846607669616519 0.5041297935103245 0.03303834808259587 0.03008849557522124
1 0.5380530973451327 0.5182890855457227 0.03185840707964602 0.023008849557522124
1 0.6855457227138643 0.5120943952802359 0.02831858407079646 0.022418879056047197
1 0.8410029498525073 0.5129793510324484 0.038348082595870206 0.024188790560471976
1 0.09734513274336283 0.6176991150442478 0.030678466076696165 0.020058997050147492
1 0.2430678466076696 0.628023598820059 0.029498525073746312 0.01710914454277286
1 0.3846607669616519 0.6377581120943953 0.035398230088495575 0.030678466076696165
1 0.5312684365781711 0.6277286135693215 0.033628318584070796 0.022418879056047197
1 0.687905604719764 0.6300884955752213 0.03303834808259587 0.025958702064896755
1 0.8445427728613569 0.6351032448377582 0.03716814159292035 0.02064896755162242
1 0.852212389380531 0.7814159292035399 0.0359882005899705 0.03716814159292035
1 0.707669616519174 0.772566371681416 0.03480825958702065 0.03126843657817109
1 0.5528023598820059 0.772566371681416 0.03775811209439528 0.02536873156342183
1 0.3973451327433628 0.7678466076696165 0.028908554572271386 0.02536873156342183
1 0.24660766961651917 0.7640117994100295 0.03185840707964602 0.02359882005899705
1 0.10412979351032448 0.7604719764011799 0.03126843657817109 0.022418879056047197
1 0.10678466076696165 0.8979351032448377 0.027138643067846607 0.030678466076696165
1 0.26371681415929205 0.8982300884955752 0.03421828908554572 0.027728613569321534
1 0.4112094395280236 0.9109144542772861 0.03185840707964602 0.03185840707964602
1 0.5634218289085545 0.911504424778761 0.029498525073746312 0.022418879056047197
1 0.7126843657817109 0.9153392330383481 0.04247787610619469 0.038348082595870206
1 0.8675516224188791 0.9035398230088495 0.04188790560471976 0.019469026548672566
