0 0.15132743362831858 0.17286135693215338 0.052507374631268436 0.07315634218289085
0 0.3053097345132743 0.1616519174041298 0.08790560471976401 0.0696165191740413
0 0.5026548672566371 0.2271386430678466 0.06843657817109144 0.06135693215339233
0 0.636283185840708 0.21858407079646017 0.033628318584070796 0.07728613569321534
0 0.771976401179941 0.17227138643067846 0.04188790560471976 0.09085545722713864
0 0.8604719764011799 0.19557522123893806 0.08436578171091445 0.052507374631268436
0 0.14454277286135692 0.36342182890855457 0.040117994100294985 0.035398230088495575
0 0.315929203539823 0.38141592920353984 0.038348082595870206 0.057227138643067846
0 0.4846607669616519 0.3896755162241888 0.04070796460176991 0.05604719764011799
0 0.628023598820059 0.32418879056047195 0.043067846607669616 0.0808259587020649
0 0.7852507374631268 0.3144542772861357 0.05781710914454277 0.09557522123893805
0 0.8746312684365781 0.32035398230088497 0.047787610619469026 0.1463126843657817
0 0.1480825958702065 0.48436578171091443 0.044837758112094395 0.08141592920353982
0 0.30619469026548674 0.4846607669616519 0.03303834808259587 0.08436578171091445
0 0.4713864306784661 0.5330383480825959 0.05309734513274336 0.07020648967551622
0 0.7790560471976401 0.4486725663716814 0.0607669616519174 0.09380530973451327
0 0.8622418879056047 0.471976401179941 0.0584070796460177 0.07315634218289085
0 0.6418879056047198 0.536283185840708 0.04837758112094395 0.05545722713864307
1 0.13539823008849558 0.6141592920353982 0.038348082595870206 0.05309734513274336
0 0.30914454277286135 0.628023598820059 0.044837758112094395 0.0584070796460177
0 0.4569321533923304 0.6755162241887905 0.0584070796460177 0.05545722713864307
0 0.6395280235988201 0.6557522123893805 0.05663716814159292 0.06312684365781711
0 0.7752212389380531 0.6855457227138643 0.06371681415929203 0.10147492625368731
0 0.8734513274336283 0.6852507374631268 0.0359882005899705 0.08908554572271386
0 0.8820058997050148 0.7654867256637168 0.06607669616519174 0.0855457227138643
0 0.463716814159292 0.747787610619469 0.03893805309734513 0.05604719764011799
1 0.29646017699115046 0.7690265486725664 0.04188790560471976 0.05368731563421829
1 0.1486725663716814 0.7539823008849558 0.04837758112094395 0.04601769911504425
0 0.31799410029498526 0.935693215339233 0.10737463126843658 0.06135693215339233
1 0.1430678466076696 0.9141592920353983 0.04660766961651917 0.052507374631268436
1 0.4631268436578171 0.8799410029498524 0.03775811209439528 0.04896755162241888
0 0.6014749262536873 0.9398230088495575 0.05958702064896755 0.08967551622418879
0 0.7374631268436578 0.9448377581120944 0.06725663716814159 0.09262536873156342
0 0.8882005899705014 0.9362831858407079 0.07492625368731563 0.08259587020648967
