0 0.2303834808259587 0.20412979351032448 0.16578171091445426 0.08141592920353982
0 0.3507374631268437 0.21238938053097345 0.05604719764011799 0.07787610619469026
0 0.45073746312684365 0.15811209439528023 0.07079646017699115 0.11091445427728613
0 0.6215339233038348 0.15427728613569322 0.1398230088495575 0.11504424778761062
0 0.5746312684365782 0.24188790560471976 0.11327433628318584 0.09793510324483776
1 0.7501474926253687 0.15988200589970503 0.03480825958702065 0.020058997050147492
0 0.8941002949852507 0.17168141592920355 0.05014749262536873 0.09321533923303835
0 0.23303834808259588 0.3268436578171091 0.10855457227138643 0.0943952802359882
0 0.3135693215339233 0.3247787610619469 0.047787610619469026 0.05014749262536873
0 0.46106194690265484 0.33421828908554574 0.0607669616519174 0.057227138643067846
1 0.7292035398230088 0.271976401179941 0.035398230088495575 0.04365781710914454
0 0.21622418879056046 0.4410029498525074 0.03952802359882006 0.05014749262536873
0 0.340117994100295 0.43156342182890856 0.11032448377581121 0.11268436578171091
0 0.5837758112094396 0.3943952802359882 0.11268436578171091 0.07492625368731563
0 0.7008849557522123 0.3823008849557522 0.08023598820058997 0.14985250737463127
1 0.8469026548672566 0.3327433628318584 0.038348082595870206 0.040117994100294985
0 0.8525073746312685 0.39941002949852505 0.03303834808259587 0.04365781710914454
1 0.22271386430678466 0.5687315634218288 0.03952802359882006 0.03775811209439528
0 0.3256637168141593 0.5380530973451327 0.10855457227138643 0.05781710914454277
0 0.46607669616519176 0.48053097345132745 0.0471976401179941 0.03952802359882006
0 0.6244837758112094 0.5501474926253688 0.07964601769911504 0.14690265486725662
1 0.49616519174041296 0.6020648967551623 0.054277286135693215 0.04424778761061947
0 0.7380530973451327 0.588495575221239 0.10973451327433628 0.07020648967551622
0 0.8923303834808259 0.5356932153392331 0.057227138643067846 0.044837758112094395
0 0.2112094395280236 0.7622418879056048 0.12743362831858407 0.044837758112094395
0 0.3454277286135693 0.744542772861357 0.08908554572271386 0.071976401179941
1 0.5 0.7194690265486725 0.0359882005899705 0.0359882005899705
1 0.6651917404129793 0.7342182890855458 0.07728613569321534 0.04188790560471976
1 0.7675516224188791 0.7306784660766962 0.04837758112094395 0.0359882005899705
0 0.8817109144542773 0.7268436578171091 0.04542772861356932 0.07551622418879056
1 0.8943952802359882 0.8790560471976401 0.04129793510324484 0.03421828908554572
0 0.7967551622418879 0.8415929203539823 0.07964601769911504 0.09734513274336283
0 0.647787610619469 0.8932153392330383 0.040117994100294985 0.040117994100294985
0 0.5203539823008849 0.8660766961651918 0.13569321533923304 0.07315634218289085
0 0.37079646017699114 0.855457227138643 0.07138643067846608 0.0967551622418879
0 0.23303834808259588 0.8321533923303834 0.0696165191740413 0.07728613569321534
