1 0.1486725663716814 0.18525073746312684 0.027138643067846607 0.017699115044247787
1 0.30678466076696165 0.19557522123893806 0.03303834808259587 0.02182890855457227
1 0.48761061946902656 0.184070796460177 0.03480825958702065 0.021238938053097345
1 0.6336283185840708 0.18348082595870208 0.04247787610619469 0.024778761061946902
1 0.7631268436578171 0.18672566371681415 0.038348082595870206 0.019469026548672566
1 0.8766961651917404 0.1896755162241888 0.035398230088495575 0.018289085545722714
1 0.14896755162241887 0.3415929203539823 0.04070796460176991 0.020058997050147492
1 0.308259587020649 0.33952802359882006 0.0359882005899705 0.01710914454277286
1 0.46814159292035395 0.33657817109144544 0.0359882005899705 0.02654867256637168
1 0.6353982300884956 0.33628318584070793 0.03303834808259587 0.02831858407079646
1 0.7693215339233038 0.33008849557522124 0.029498525073746312 0.018289085545722714
1 0.8858407079646018 0.335693215339233 0.03126843657817109 0.021238938053097345
1 0.8808259587020649 0.4725663716814159 0.030678466076696165 0.030678466076696165
1 0.7666666666666666 0.47227138643067845 0.03480825958702065 0.027728613569321534
1 0.6306784660766962 0.491740412979351 0.030678466076696165 0.02182890855457227
1 0.4504424778761062 0.49911504424778763 0.0359882005899705 0.024778761061946902
1 0.30501474926253686 0.5023598820058996 0.03657817109144543 0.02182890855457227
1 0.1463126843657817 0.5067846607669616 0.0471976401179941 0.016519174041297935
1 0.1368731563421829 0.6221238938053097 0.03657817109144543 0.024188790560471976
1 0.3088495575221239 0.6348082595870206 0.0359882005899705 0.025958702064896755
1 0.45309734513274336 0.6303834808259587 0.03421828908554572 0.027728613569321534
1 0.6309734513274337 0.6300884955752213 0.032448377581120944 0.022418879056047197
1 0.764306784660767 0.6374631268436578 0.032448377581120944 0.023008849557522124
1 0.8790560471976401 0.6330383480825958 0.03185840707964602 0.027138643067846607
1 0.13864306784660768 0.7654867256637168 0.03185840707964602 0.02064896755162242
1 0.29557522123893804 0.7696165191740413 0.03657817109144543 0.018289085545722714
1 0.45634218289085543 0.7669616519174041 0.0359882005899705 0.020058997050147492
1 0.6058997050147492 0.772566371681416 0.03421828908554572 0.02536873156342183
1 0.7578171091445428 0.7705014749262536 0.024188790560471976 0.02359882005899705
1 0.8749262536873156 0.772566371681416 0.035398230088495575 0.02536873156342183
1 0.1407079646017699 0.8740412979351032 0.0359882005899705 0.02182890855457227
1 0.28525073746312685 0.8820058997050148 0.033628318584070796 0.022418879056047197
1 0.45722713864306785 0.8920353982300885 0.03657817109144543 0.02359882005899705
1 0.6014749262536873 0.8920353982300885 0.033628318584070796 0.025958702064896755
1 0.7448377581120944 0.8967551622418879 0.043067846607669616 0.01887905604719764
1 0.8882005899705014 0.8964601769911504 0.038348082595870206 0.023008849557522124
