1 0.10206489675516224 0.11769911504424779 0.040117994100294985 0.03008849557522124
0 0.20619469026548673 0.16017699115044248 0.07138643067846608 0.1056047197640118
0 0.35516224188790557 0.10501474926253687 0.040117994100294985 0.035398230088495575
0 0.4814159292035398 0.1327433628318584 0.13333333333333333 0.08731563421828908
0 0.6371681415929203 0.1374631268436578 0.10383480825958702 0.05191740412979351
0 0.7648967551622419 0.17581120943952802 0.06312684365781711 0.07669616519174041
0 0.12861356932153392 0.2775811209439528 0.05073746312684366 0.08200589970501475
1 0.2312684365781711 0.271976401179941 0.04837758112094395 0.03421828908554572
0 0.3351032448377581 0.2592920353982301 0.071976401179941 0.03008849557522124
1 0.49616519174041296 0.28230088495575223 0.04129793510324484 0.0359882005899705
0 0.6578171091445427 0.2587020648967552 0.10029498525073746 0.05958702064896755
0 0.7693215339233038 0.24277286135693216 0.10973451327433628 0.05486725663716814
0 0.11091445427728613 0.4654867256637168 0.05309734513274336 0.044837758112094395
0 0.27168141592920353 0.412094395280236 0.09498525073746313 0.07020648967551622
0 0.3746312684365782 0.45250737463126844 0.0743362831858407 0.143952802359882
0 0.5073746312684366 0.39705014749262535 0.05191740412979351 0.05191740412979351
0 0.6784660766961652 0.456047197640118 0.0967551622418879 0.049557522123893805
0 0.7837758112094395 0.4277286135693215 0.04070796460176991 0.044837758112094395
0 0.15191740412979352 0.5882005899705015 0.03716814159292035 0.03893805309734513
0 0.3256637168141593 0.6259587020648968 0.07079646017699115 0.143952802359882
0 0.3920353982300885 0.5985250737463127 0.06430678466076696 0.07020648967551622
0 0.5389380530973451 0.5206489675516224 0.052507374631268436 0.04424778761061947
0 0.6672566371681415 0.5530973451327433 0.10501474926253687 0.10914454277286136
0 0.7823008849557522 0.5548672566371682 0.03303834808259587 0.05486725663716814
1 0.17227138643067846 0.6932153392330384 0.044837758112094395 0.04601769911504425
1 0.2743362831858407 0.723598820058997 0.030678466076696165 0.03008849557522124
1 0.27079646017699116 0.7722713864306785 0.03421828908554572 0.03421828908554572
0 0.1182890855457227 0.8011799410029499 0.06312684365781711 0.05073746312684366
0 0.4359882005899705 0.7548672566371681 0.12743362831858407 0.1056047197640118
0 0.3902654867256637 0.8448377581120944 0.11976401179941003 0.12743362831858407
0 0.5454277286135694 0.6678466076696166 0.07610619469026549 0.07551622418879056
0 0.5469026548672566 0.8421828908554572 0.07787610619469026 0.12920353982300886
0 0.6542772861356932 0.7846607669616519 0.0471976401179941 0.07315634218289085
0 0.7654867256637168 0.7849557522123893 0.17404129793510326 0.06666666666666667
0 0.6887905604719764 0.6746312684365782 0.0584070796460177 0.052507374631268436
0 0.7772861356932154 0.6743362831858407 0.12330383480825959 0.09911504424778761
