1 0.10058997050147492 0.14601769911504425 0.03126843657817109 0.02654867256637168
1 0.22330383480825958 0.1504424778761062 0.02654867256637168 0.01887905604719764
1 0.3616519174041298 0.14690265486725662 0.021238938053097345 0.029498525073746312
1 0.5265486725663717 0.13952802359882005 0.027728613569321534 0.03008849557522124
1 0.6790560471976401 0.13421828908554573 0.03421828908554572 0.024188790560471976
1 0.8410029498525073 0.12359882005899706 0.038348082595870206 0.02654867256637168
1 0.1 0.33657817109144544 0.033628318584070796 0.019469026548672566
1 0.21740412979351031 0.32949852507374633 0.03008849557522124 0.019469026548672566
1 0.3740412979351032 0.32448377581120946 0.03893805309734513 0.022418879056047197
1 0.5179941002949853 0.35103244837758113 0.027138643067846607 0.01887905604719764
1 0.679646017699115 0.343952802359882 0.03185840707964602 0.02831858407079646
1 0.8407079646017699 0.3625368731563422 0.03303834808259587 0.019469026548672566
1 0.0855457227138643 0.4743362831858407 0.029498525073746312 0.027138643067846607
1 0.240117994100295 0.4743362831858407 0.024778761061946902 0.01887905604719764
1 0.37905604719764013 0.5035398230088496 0.024188790560471976 0.03126843657817109
1 0.5351032448377581 0.5212389380530973 0.03303834808259587 0.024188790560471976
1 0.684070796460177 0.5138643067846608 0.033628318584070796 0.020058997050147492
1 0.8421828908554572 0.5194690265486726 0.038348082595870206 0.033628318584070796
1 0.0943952802359882 0.6168141592920354 0.03185840707964602 0.018289085545722714
1 0.24454277286135692 0.6200589970501474 0.027728613569321534 0.015339233038348082
1 0.384070796460177 0.6374631268436578 0.04365781710914454 0.02064896755162242
1 0.5274336283185841 0.6259587020648968 0.03775811209439528 0.01887905604719764
1 0.6876106194690266 0.6292035398230088 0.032448377581120944 0.02654867256637168
1 0.8480825958702065 0.6327433628318584 0.03126843657817109 0.024188790560471976
1 0.8471976401179941 0.7811209439528024 0.030678466076696165 0.030678466076696165
1 0.6997050147492625 0.7766961651917405 0.03775811209439528 0.03480825958702065
1 0.5530973451327433 0.7746312684365781 0.03008849557522124 0.016519174041297935
1 0.391740412979351 0.764306784660767 0.03657817109144543 0.023008849557522124
1 0.24631268436578171 0.7669616519174041 0.028908554572271386 0.027138643067846607
1 0.10235988200589971 0.7646017699115044 0.028908554572271386 0.022418879056047197
1 0.10235988200589971 0.9017699115044248 0.027728613569321534 0.02064896755162242
1 0.2651917404129793 0.9053097345132743 0.03126843657817109 0.032448377581120944
1 0.40589970501474926 0.9138643067846608 0.029498525073746312 0.035398230088495575
1 0.5610619469026549 0.9112094395280236 0.029498525073746312 0.023008849557522124
1 0.7091445427728613 0.9091445427728614 0.03303834808259587 0.01887905604719764
1 0.8710914454277287 0.8943952802359882 0.032448377581120944 0.04129793510324484
