0 0.14365781710914455 0.1430678466076696 0.11740412979351032 0.11150442477876106
0 0.3100294985250737 0.11002949852507374 0.13864306784660768 0.11740412979351032
0 0.5138643067846608 0.11415929203539824 0.07905604719764012 0.1528023598820059
0 0.664306784660767 0.12861356932153392 0.06135693215339233 0.21474926253687315
0 0.8802359882005899 0.08289085545722713 0.15339233038348082 0.09970501474926254
0 0.15221238938053097 0.3117994100294985 0.09911504424778761 0.05486725663716814
0 0.30914454277286135 0.2825958702064897 0.04247787610619469 0.04129793510324484
0 0.5265486725663717 0.2820058997050148 0.16224188790560473 0.04601769911504425
0 0.6209439528023599 0.24601769911504423 0.061946902654867256 0.0920353982300885
0 0.7884955752212389 0.2519174041297935 0.20117994100294984 0.07787610619469026
1 0.15339233038348082 0.3997050147492625 0.025958702064896755 0.03480825958702065
0 0.3297935103244838 0.41061946902654867 0.1935103244837758 0.07787610619469026
0 0.41622418879056045 0.4654867256637168 0.052507374631268436 0.11799410029498525
0 0.4772861356932153 0.41563421828908553 0.06489675516224189 0.03952802359882006
0 0.6132743362831858 0.3973451327433628 0.09734513274336283 0.19882005899705013
0 0.7684365781710915 0.4109144542772861 0.09262536873156342 0.04660766961651917
0 0.11799410029498525 0.5056047197640118 0.12389380530973451 0.0943952802359882
1 0.24542772861356932 0.5569321533923304 0.03303834808259587 0.035398230088495575
0 0.4144542772861357 0.5427728613569321 0.0855457227138643 0.13215339233038348
1 0.5129793510324484 0.5209439528023598 0.047787610619469026 0.024778761061946902
1 0.6707964601769911 0.5584070796460177 0.04365781710914454 0.02654867256637168
0 0.7740412979351032 0.5495575221238937 0.08967551622418879 0.038348082595870206
0 0.10442477876106195 0.6519174041297935 0.09793510324483776 0.1616519174041298
1 0.24808259587020648 0.6752212389380531 0.03126843657817109 0.024188790560471976
0 0.38495575221238937 0.6575221238938053 0.052507374631268436 0.13628318584070798
0 0.5073746312684366 0.6389380530973451 0.1958702064896755 0.06253687315634218
0 0.6315634218289086 0.6867256637168142 0.10088495575221239 0.17345132743362832
0 0.7463126843657817 0.7008849557522123 0.05073746312684366 0.04365781710914454
0 0.747787610619469 0.7433628318584071 0.06548672566371681 0.16047197640117994
0 0.10088495575221239 0.7811209439528024 0.09321533923303835 0.17817109144542773
0 0.20383480825958702 0.8047197640117993 0.07138643067846608 0.15103244837758112
1 0.3250737463126844 0.8067846607669616 0.029498525073746312 0.023008849557522124
0 0.46194690265486726 0.8109144542772861 0.027138643067846607 0.07964601769911504
0 0.5781710914454277 0.7926253687315634 0.10855457227138643 0.13156342182890857
