1 0.13539823008849558 0.09705014749262536 0.03716814159292035 0.02654867256637168
1 0.296165191740413 0.11769911504424779 0.030678466076696165 0.027728613569321534
0 0.4743362831858407 0.12123893805309735 0.02831858407079646 0.03126843657817109
0 0.6283185840707964 0.15221238938053097 0.03421828908554572 0.03775811209439528
1 0.784070796460177 0.17581120943952802 0.02831858407079646 0.03893805309734513
1 0.93952802359882 0.14188790560471976 0.024188790560471976 0.018289085545722714
1 0.928023598820059 0.30206489675516224 0.025958702064896755 0.02359882005899705
1 0.7654867256637168 0.3056047197640118 0.028908554572271386 0.01887905604719764
1 0.6174041297935103 0.33185840707964603 0.027728613569321534 0.03480825958702065
1 0.45014749262536874 0.2734513274336283 0.03657817109144543 0.024188790560471976
0 0.31710914454277284 0.2973451327433628 0.0359882005899705 0.054277286135693215
1 0.12536873156342182 0.28525073746312685 0.03716814159292035 0.04070796460176991
0 0.13215339233038348 0.4622418879056047 0.030678466076696165 0.03480825958702065
1 0.28407079646017697 0.4327433628318584 0.02536873156342183 0.02536873156342183
1 0.45014749262536874 0.4410029498525074 0.03303834808259587 0.01710914454277286
1 0.6171091445427729 0.4604719764011799 0.03185840707964602 0.038348082595870206
1 0.7622418879056048 0.4359882005899705 0.040117994100294985 0.03657817109144543
1 0.9377581120943953 0.45191740412979353 0.03126843657817109 0.03303834808259587
0 0.14277286135693215 0.5551622418879056 0.030678466076696165 0.035398230088495575
0 0.2861356932153392 0.5911504424778761 0.03657817109144543 0.044837758112094395
1 0.44837758112094395 0.5778761061946902 0.024778761061946902 0.024188790560471976
1 0.6035398230088496 0.5761061946902655 0.035398230088495575 0.02654867256637168
1 0.748377581120944 0.587905604719764 0.028908554572271386 0.019469026548672566
1 0.9415929203539823 0.6097345132743363 0.035398230088495575 0.02654867256637168
1 0.1336283185840708 0.7020648967551623 0.02536873156342183 0.03185840707964602
1 0.2935103244837758 0.6982300884955752 0.04188790560471976 0.02654867256637168
1 0.4463126843657817 0.6870206489675517 0.03716814159292035 0.032448377581120944
0 0.6002949852507374 0.7374631268436578 0.03480825958702065 0.03775811209439528
0 0.7377581120943952 0.6867256637168142 0.0359882005899705 0.04365781710914454
0 0.9253687315634218 0.6988200589970501 0.038348082595870206 0.027728613569321534
0 0.10884955752212389 0.8793510324483775 0.03480825958702065 0.027728613569321534
0 0.30737463126843656 0.8592920353982301 0.025958702064896755 0.03716814159292035
0 0.4545722713864307 0.8622418879056047 0.03480825958702065 0.033628318584070796
1 0.5905604719764012 0.8194690265486726 0.027138643067846607 0.03775811209439528
1 0.7607669616519174 0.8280235988200589 0.027728613569321534 0.03952802359882006
1 0.928023598820059 0.8371681415929203 0.035398230088495575 0.02359882005899705
