1 0.11445427728613569 0.12536873156342182 0.015339233038348082 0.03126843657817109
1 0.30737463126843656 0.14188790560471976 0.03421828908554572 0.04188790560471976
0 0.45132743362831856 0.13451327433628318 0.03303834808259587 0.03893805309734513
0 0.5870206489675516 0.18908554572271385 0.027138643067846607 0.032448377581120944
0 0.7389380530973452 0.17610619469026548 0.032448377581120944 0.0359882005899705
0 0.9345132743362832 0.1696165191740413 0.035398230088495575 0.028908554572271386
1 0.9221238938053097 0.29469026548672567 0.040117994100294985 0.024188790560471976
1 0.7392330383480826 0.3029498525073746 0.03185840707964602 0.03008849557522124
1 0.6005899705014749 0.26194690265486725 0.03657817109144543 0.022418879056047197
1 0.13421828908554573 0.29321533923303833 0.018289085545722714 0.035398230088495575
1 0.29321533923303833 0.29705014749262537 0.03303834808259587 0.02536873156342183
0 0.443952802359882 0.33775811209439527 0.0359882005899705 0.038348082595870206
0 0.1410029498525074 0.4424778761061947 0.03185840707964602 0.035398230088495575
0 0.2926253687315634 0.4008849557522124 0.03775811209439528 0.04424778761061947
1 0.45014749262536874 0.4230088495575221 0.02359882005899705 0.022418879056047197
1 0.6056047197640118 0.41858407079646015 0.032448377581120944 0.018289085545722714
1 0.7522123893805309 0.4126843657817109 0.025958702064896755 0.024188790560471976
0 0.9410029498525073 0.40176991150442476 0.027138643067846607 0.03185840707964602
0 0.140117994100295 0.5333333333333333 0.028908554572271386 0.03893805309734513
1 0.28908554572271383 0.563716814159292 0.027138643067846607 0.02064896755162242
1 0.4510324483775811 0.5569321533923304 0.027728613569321534 0.017699115044247787
0 0.6330383480825958 0.5368731563421829 0.025958702064896755 0.0471976401179941
0 0.7702064896755162 0.5654867256637168 0.03008849557522124 0.03480825958702065
1 0.9365781710914454 0.5398230088495575 0.023008849557522124 0.03657817109144543
1 0.12448377581120944 0.691150442477876 0.03657817109144543 0.024188790560471976
0 0.3374631268436578 0.6938053097345133 0.022418879056047197 0.05073746312684366
1 0.456047197640118 0.7109144542772862 0.040117994100294985 0.029498525073746312
1 0.6259587020648968 0.6554572271386431 0.03775811209439528 0.03303834808259587
0 0.7764011799410029 0.6690265486725664 0.03185840707964602 0.040117994100294985
0 0.9362831858407079 0.6890855457227139 0.021238938053097345 0.021238938053097345
1 0.9389380530973451 0.848377581120944 0.028908554572271386 0.021238938053097345
1 0.8176991150442477 0.8132743362831858 0.020058997050147492 0.03126843657817109
0 0.631858407079646 0.840117994100295 0.03185840707964602 0.03775811209439528
1 0.4775811209439528 0.8578171091445428 0.033628318584070796 0.03185840707964602
1 0.29970501474926253 0.8790560471976401 0.03185840707964602 0.027138643067846607
1 0.14041297935103245 0.9085545722713864 0.04365781710914454 0.03303834808259587
