1 0.10117994100294986 0.12123893805309735 0.04188790560471976 0.0359882005899705
0 0.20589970501474925 0.1584070796460177 0.06489675516224189 0.10442477876106195
0 0.35516224188790557 0.10678466076696165 0.04247787610619469 0.044837758112094395
0 0.48112094395280236 0.1336283185840708 0.12684365781710916 0.09262536873156342
0 0.640117994100295 0.1392330383480826 0.10737463126843658 0.06607669616519174
0 0.7657817109144542 0.17669616519174042 0.058997050147492625 0.0808259587020649
0 0.7731563421828909 0.24454277286135692 0.11032448377581121 0.047787610619469026
0 0.6563421828908554 0.25781710914454276 0.08908554572271386 0.06489675516224189
1 0.4994100294985251 0.27935103244837756 0.04188790560471976 0.0359882005899705
0 0.3374631268436578 0.2616519174041298 0.08141592920353982 0.03716814159292035
1 0.23244837758112094 0.26666666666666666 0.04837758112094395 0.04129793510324484
0 0.12123893805309735 0.27551622418879057 0.04424778761061947 0.0743362831858407
0 0.10914454277286136 0.4631268436578171 0.06135693215339233 0.040117994100294985
0 0.2778761061946903 0.41710914454277287 0.0920353982300885 0.0743362831858407
0 0.37315634218289084 0.4533923303834808 0.07728613569321534 0.14926253687315633
1 0.5026548672566371 0.396165191740413 0.05309734513274336 0.05014749262536873
0 0.6684365781710915 0.46106194690265484 0.11209439528023599 0.05368731563421829
0 0.7823008849557522 0.4265486725663717 0.03421828908554572 0.04837758112094395
1 0.531858407079646 0.5200589970501475 0.03952802359882006 0.04188790560471976
0 0.14749262536873156 0.5896755162241888 0.030678466076696165 0.04070796460176991
0 0.32536873156342183 0.6253687315634218 0.07374631268436578 0.12743362831858407
0 0.4277286135693215 0.6026548672566372 0.1168141592920354 0.07374631268436578
0 0.6640117994100295 0.5569321533923304 0.10324483775811209 0.10973451327433628
0 0.7793510324483776 0.5557522123893806 0.030678466076696165 0.04837758112094395
1 0.16696165191740414 0.6896755162241888 0.040117994100294985 0.03893805309734513
1 0.27404129793510323 0.7277286135693215 0.024188790560471976 0.02536873156342183
1 0.27079646017699116 0.771386430678466 0.024778761061946902 0.03716814159292035
0 0.1168141592920354 0.8109144542772861 0.05781710914454277 0.06784660766961652
0 0.3896755162241888 0.8460176991150442 0.12094395280235988 0.13097345132743363
0 0.4330383480825959 0.7601769911504425 0.12979351032448377 0.12330383480825959
0 0.5471976401179941 0.6707964601769911 0.07846607669616519 0.07551622418879056
0 0.6858407079646017 0.6766961651917404 0.04070796460176991 0.049557522123893805
0 0.7778761061946903 0.667551622418879 0.12330383480825959 0.10088495575221239
0 0.5430678466076696 0.8407079646017699 0.0607669616519174 0.13333333333333333
0 0.6498525073746313 0.7887905604719764 0.04070796460176991 0.08141592920353982
0 0.7616519174041297 0.7884955752212389 0.16755162241887905 0.06784660766961652
