0 0.10206489675516224 0.07728613569321534 0.05073746312684366 0.058997050147492625
0 0.2604719764011799 0.0743362831858407 0.05604719764011799 0.07551622418879056
0 0.4026548672566372 0.08171091445427728 0.04070796460176991 0.07374631268436578
0 0.5353982300884955 0.13569321533923304 0.03952802359882006 0.03421828908554572
0 0.7005899705014749 0.07079646017699115 0.0584070796460177 0.0743362831858407
0 0.8519174041297934 0.09262536873156342 0.035398230088495575 0.03657817109144543
0 0.8589970501474926 0.25073746312684364 0.058997050147492625 0.05073746312684366
0 0.7088495575221239 0.23805309734513275 0.04896755162241888 0.05014749262536873
0 0.5327433628318584 0.26843657817109146 0.03303834808259587 0.05191740412979351
0 0.39705014749262535 0.20058997050147492 0.07669616519174041 0.06843657817109144
0 0.24424778761061947 0.20501474926253688 0.054277286135693215 0.057227138643067846
0 0.1182890855457227 0.243952802359882 0.05014749262536873 0.06430678466076696
0 0.13185840707964602 0.33952802359882006 0.04424778761061947 0.07964601769911504
0 0.23008849557522124 0.34041297935103243 0.049557522123893805 0.08613569321533923
0 0.368141592920354 0.34277286135693213 0.05309734513274336 0.05781710914454277
0 0.5436578171091445 0.3433628318584071 0.06430678466076696 0.05309734513274336
0 0.6887905604719764 0.37846607669616517 0.052507374631268436 0.05486725663716814
1 0.8643067846607669 0.384070796460177 0.030678466076696165 0.025958702064896755
0 0.8542772861356932 0.5203539823008849 0.044837758112094395 0.06843657817109144
0 0.6943952802359882 0.5200589970501475 0.035398230088495575 0.057227138643067846
0 0.5398230088495575 0.47876106194690266 0.05309734513274336 0.05604719764011799
0 0.36194690265486723 0.4814159292035398 0.04070796460176991 0.04247787610619469
0 0.2303834808259587 0.5554572271386431 0.057227138643067846 0.07138643067846608
0 0.13864306784660768 0.5345132743362832 0.054277286135693215 0.05781710914454277
0 0.11769911504424779 0.6864306784660766 0.043067846607669616 0.09498525073746313
0 0.22831858407079647 0.6899705014749262 0.030678466076696165 0.07964601769911504
0 0.3728613569321534 0.6814159292035398 0.0471976401179941 0.058997050147492625
0 0.5141592920353982 0.6256637168141593 0.03480825958702065 0.07610619469026549
0 0.6870206489675517 0.628023598820059 0.04070796460176991 0.052507374631268436
1 0.8551622418879056 0.6581120943952802 0.03126843657817109 0.032448377581120944
0 0.8519174041297934 0.8342182890855457 0.05309734513274336 0.05781710914454277
0 0.6929203539823009 0.8221238938053097 0.04424778761061947 0.06666666666666667
0 0.5029498525073747 0.792330383480826 0.05368731563421829 0.05781710914454277
0 0.3693215339233038 0.8017699115044248 0.03185840707964602 0.049557522123893805
0 0.2351032448377581 0.8407079646017699 0.05132743362831858 0.06843657817109144
0 0.12920353982300886 0.8280235988200589 0.07315634218289085 0.047787610619469026
