1 0.10530973451327433 0.11769911504424779 0.033628318584070796 0.03716814159292035
0 0.20648967551622419 0.15693215339233038 0.06843657817109144 0.10147492625368731
0 0.3554572271386431 0.10589970501474927 0.04188790560471976 0.03480825958702065
0 0.4775811209439528 0.13893805309734514 0.1303834808259587 0.0831858407079646
0 0.6351032448377582 0.1410029498525074 0.11032448377581121 0.07315634218289085
0 0.7663716814159292 0.1743362831858407 0.06725663716814159 0.07374631268436578
0 0.7672566371681416 0.24660766961651917 0.11386430678466077 0.04837758112094395
0 0.6554572271386431 0.25486725663716814 0.0943952802359882 0.06725663716814159
1 0.5008849557522124 0.28525073746312685 0.03893805309734513 0.032448377581120944
0 0.3374631268436578 0.2654867256637168 0.07669616519174041 0.03421828908554572
1 0.22979351032448378 0.2696165191740413 0.05486725663716814 0.035398230088495575
0 0.12418879056047197 0.2778761061946903 0.047787610619469026 0.08377581120943953
0 0.11179941002949853 0.4625368731563422 0.04896755162241888 0.03893805309734513
0 0.2687315634218289 0.4191740412979351 0.10088495575221239 0.0808259587020649
0 0.3775811209439528 0.45486725663716815 0.07551622418879056 0.14277286135693215
1 0.5017699115044247 0.3985250737463127 0.052507374631268436 0.03952802359882006
0 0.6705014749262537 0.4592920353982301 0.11268436578171091 0.047787610619469026
0 0.7823008849557522 0.42920353982300885 0.03657817109144543 0.04896755162241888
0 0.532448377581121 0.5191740412979351 0.04660766961651917 0.03775811209439528
0 0.15073746312684366 0.5899705014749262 0.04188790560471976 0.03775811209439528
0 0.32949852507374633 0.6215339233038348 0.06784660766961652 0.1351032448377581
0 0.42625368731563423 0.6 0.12094395280235988 0.08141592920353982
0 0.6648967551622419 0.56047197640118 0.09911504424778761 0.12507374631268436
0 0.7820058997050148 0.5569321533923304 0.028908554572271386 0.0471976401179941
1 0.16814159292035397 0.6887905604719764 0.04129793510324484 0.03952802359882006
0 0.2749262536873156 0.7233038348082595 0.03303834808259587 0.04601769911504425
1 0.27315634218289087 0.7669616519174041 0.02831858407079646 0.03657817109144543
0 0.43392330383480826 0.7592920353982301 0.13628318584070798 0.11799410029498525
0 0.5448377581120943 0.6705014749262537 0.0808259587020649 0.08200589970501475
0 0.6873156342182891 0.675811209439528 0.049557522123893805 0.05132743362831858
0 0.7752212389380531 0.6722713864306784 0.11445427728613569 0.09616519174041298
0 0.768141592920354 0.779646017699115 0.17345132743362832 0.06312684365781711
0 0.6525073746312684 0.7828908554572271 0.05073746312684366 0.08377581120943953
0 0.5471976401179941 0.8424778761061946 0.07610619469026549 0.13451327433628318
0 0.3920353982300885 0.8501474926253687 0.12330383480825959 0.12979351032448377
0 0.12064896755162241 0.8094395280235989 0.05958702064896755 0.07551622418879056
