0 0.11533923303834809 0.08112094395280237 0.04896755162241888 0.06430678466076696
0 0.2622418879056047 0.07315634218289085 0.047787610619469026 0.07079646017699115
0 0.4008849557522124 0.08112094395280237 0.043067846607669616 0.057227138643067846
1 0.5389380530973451 0.12772861356932153 0.03716814159292035 0.03480825958702065
0 0.6967551622418879 0.07256637168141593 0.05073746312684366 0.05663716814159292
0 0.8551622418879056 0.09616519174041298 0.043067846607669616 0.035398230088495575
0 0.8569321533923304 0.2551622418879056 0.043067846607669616 0.043067846607669616
1 0.7129793510324484 0.24749262536873157 0.047787610619469026 0.05958702064896755
1 0.5356932153392331 0.2687315634218289 0.02359882005899705 0.047787610619469026
0 0.4085545722713864 0.20855457227138643 0.1056047197640118 0.08436578171091445
0 0.25073746312684364 0.20678466076696164 0.049557522123893805 0.05132743362831858
0 0.12094395280235988 0.25250737463126843 0.058997050147492625 0.06135693215339233
0 0.140117994100295 0.3351032448377581 0.06666666666666667 0.07787610619469026
0 0.23303834808259588 0.3345132743362832 0.05191740412979351 0.09085545722713864
0 0.3696165191740413 0.34277286135693213 0.04896755162241888 0.044837758112094395
0 0.5469026548672566 0.3380530973451327 0.06253687315634218 0.05191740412979351
0 0.692330383480826 0.3911504424778761 0.05014749262536873 0.05309734513274336
1 0.8749262536873156 0.3902654867256637 0.04837758112094395 0.038348082595870206
0 0.8551622418879056 0.5238938053097345 0.04542772861356932 0.08141592920353982
0 0.6958702064896755 0.5289085545722714 0.0359882005899705 0.061946902654867256
0 0.5359882005899705 0.4817109144542773 0.052507374631268436 0.06784660766961652
0 0.35752212389380533 0.48112094395280236 0.04247787610619469 0.05014749262536873
0 0.14837758112094396 0.5194690265486726 0.033628318584070796 0.043067846607669616
0 0.22743362831858407 0.5575221238938053 0.052507374631268436 0.08023598820058997
0 0.5117994100294985 0.6297935103244837 0.05014749262536873 0.06666666666666667
0 0.6849557522123894 0.6336283185840708 0.03893805309734513 0.06253687315634218
1 0.8539823008849557 0.6663716814159292 0.05132743362831858 0.02182890855457227
0 0.36519174041297936 0.6831858407079646 0.04247787610619469 0.054277286135693215
0 0.2215339233038348 0.6929203539823009 0.043067846607669616 0.08672566371681416
0 0.12300884955752212 0.6932153392330384 0.052507374631268436 0.09793510324483776
0 0.13952802359882005 0.8147492625368732 0.0831858407079646 0.030678466076696165
0 0.23569321533923304 0.8342182890855457 0.03716814159292035 0.08849557522123894
0 0.3702064896755162 0.8026548672566372 0.043067846607669616 0.06430678466076696
0 0.5056047197640118 0.7882005899705015 0.05781710914454277 0.06725663716814159
0 0.6896755162241888 0.8289085545722714 0.03775811209439528 0.07079646017699115
0 0.8469026548672566 0.8427728613569322 0.038348082595870206 0.06548672566371681
