1 0.13244837758112094 0.13156342182890857 0.01710914454277286 0.027138643067846607
1 0.27728613569321536 0.16578171091445426 0.025958702064896755 0.027138643067846607
1 0.4415929203539823 0.15663716814159293 0.03716814159292035 0.019469026548672566
1 0.5929203539823009 0.16843657817109145 0.029498525073746312 0.027728613569321534
1 0.7648967551622419 0.1696165191740413 0.033628318584070796 0.02064896755162242
1 0.9342182890855457 0.16460176991150444 0.03126843657817109 0.020058997050147492
1 0.9353982300884955 0.2808259587020649 0.032448377581120944 0.02359882005899705
1 0.7545722713864307 0.28171091445427726 0.025958702064896755 0.02182890855457227
1 0.6029498525073747 0.2949852507374631 0.03421828908554572 0.024778761061946902
1 0.4480825958702065 0.3014749262536873 0.02654867256637168 0.024778761061946902
1 0.2926253687315634 0.3017699115044248 0.035398230088495575 0.028908554572271386
1 0.13421828908554573 0.29646017699115046 0.02536873156342183 0.04660766961651917
1 0.12566371681415928 0.41622418879056045 0.02831858407079646 0.02182890855457227
1 0.28466076696165193 0.42271386430678465 0.03008849557522124 0.024188790560471976
1 0.45073746312684365 0.42212389380530974 0.03185840707964602 0.027728613569321534
1 0.6044247787610619 0.4218289085545723 0.03480825958702065 0.020058997050147492
1 0.7492625368731564 0.41563421828908553 0.025958702064896755 0.019469026548672566
1 0.935693215339233 0.40471976401179943 0.03303834808259587 0.022418879056047197
1 0.9342182890855457 0.5466076696165192 0.02536873156342183 0.02536873156342183
1 0.759882005899705 0.5539823008849557 0.03303834808259587 0.025958702064896755
1 0.6109144542772861 0.5539823008849557 0.0359882005899705 0.025958702064896755
1 0.45191740412979353 0.5566371681415929 0.03421828908554572 0.028908554572271386
1 0.28525073746312685 0.5622418879056047 0.03480825958702065 0.020058997050147492
1 0.12507374631268436 0.56047197640118 0.030678466076696165 0.02831858407079646
1 0.12094395280235988 0.723598820058997 0.03657817109144543 0.02536873156342183
1 0.29970501474926253 0.716519174041298 0.029498525073746312 0.023008849557522124
1 0.452212389380531 0.7 0.03716814159292035 0.02654867256637168
1 0.615339233038348 0.695575221238938 0.03657817109144543 0.02359882005899705
1 0.7533923303834809 0.7005899705014749 0.030678466076696165 0.028908554572271386
1 0.9277286135693216 0.7002949852507374 0.033628318584070796 0.020058997050147492
1 0.9380530973451328 0.8560471976401179 0.02831858407079646 0.022418879056047197
1 0.7616519174041297 0.8519174041297934 0.027138643067846607 0.02831858407079646
1 0.6247787610619469 0.8563421828908554 0.03185840707964602 0.02536873156342183
1 0.44896755162241886 0.8758112094395281 0.02831858407079646 0.02536873156342183
1 0.30117994100294987 0.8843657817109144 0.028908554572271386 0.022418879056047197
1 0.12330383480825959 0.8908554572271387 0.030678466076696165 0.027138643067846607
