1 0.10678466076696165 0.10648967551622418 0.02831858407079646 0.018289085545722714
1 0.2569321533923304 0.10353982300884956 0.028908554572271386 0.028908554572271386
1 0.39764011799410026 0.10914454277286136 0.03185840707964602 0.01887905604719764
1 0.5415929203539823 0.10737463126843658 0.03775811209439528 0.022418879056047197
1 0.7091445427728613 0.11327433628318584 0.03421828908554572 0.01887905604719764
1 0.8584070796460177 0.12595870206489676 0.03775811209439528 0.024188790560471976
1 0.863716814159292 0.23067846607669618 0.03185840707964602 0.02359882005899705
1 0.7041297935103245 0.22566371681415928 0.027728613569321534 0.023008849557522124
1 0.5392330383480826 0.23067846607669618 0.03421828908554572 0.025958702064896755
1 0.3949852507374631 0.22861356932153393 0.028908554572271386 0.01710914454277286
1 0.2392330383480826 0.2294985250737463 0.03126843657817109 0.015339233038348082
1 0.1215339233038348 0.2294985250737463 0.03185840707964602 0.030678466076696165
1 0.12389380530973451 0.36342182890855457 0.027138643067846607 0.02359882005899705
1 0.23392330383480825 0.35870206489675516 0.033628318584070796 0.017699115044247787
1 0.3710914454277286 0.36430678466076694 0.025958702064896755 0.023008849557522124
1 0.5457227138643068 0.36696165191740415 0.035398230088495575 0.027138643067846607
1 0.687905604719764 0.3613569321533923 0.03303834808259587 0.024188790560471976
1 0.8663716814159292 0.3752212389380531 0.038348082595870206 0.01887905604719764
1 0.12182890855457226 0.5247787610619469 0.03008849557522124 0.023008849557522124
1 0.2377581120943953 0.5268436578171092 0.035398230088495575 0.021238938053097345
1 0.3728613569321534 0.5058997050147492 0.03657817109144543 0.02064896755162242
1 0.5483775811209439 0.49852507374631266 0.028908554572271386 0.022418879056047197
1 0.7023598820058997 0.4935103244837758 0.04070796460176991 0.02064896755162242
1 0.8578171091445428 0.4935103244837758 0.03775811209439528 0.023008849557522124
1 0.8539823008849557 0.6613569321533923 0.03952802359882006 0.03185840707964602
1 0.6920353982300885 0.6589970501474927 0.03775811209439528 0.025958702064896755
1 0.5306784660766961 0.6616519174041298 0.038348082595870206 0.02654867256637168
1 0.36666666666666664 0.6654867256637168 0.032448377581120944 0.024778761061946902
1 0.2336283185840708 0.6690265486725664 0.030678466076696165 0.024778761061946902
1 0.11327433628318584 0.6634218289085546 0.03775811209439528 0.02182890855457227
1 0.12271386430678466 0.8070796460176991 0.029498525073746312 0.021238938053097345
1 0.2377581120943953 0.8091445427728613 0.03185840707964602 0.019469026548672566
1 0.37168141592920356 0.8138643067846607 0.035398230088495575 0.024188790560471976
1 0.5129793510324484 0.815929203539823 0.04070796460176991 0.022418879056047197
1 0.6893805309734513 0.807669616519174 0.03126843657817109 0.022418879056047197
1 0.8477876106194691 0.8126843657817109 0.03421828908554572 0.01710914454277286
