0 0.10058997050147492 0.11976401179941003 0.03952802359882006 0.040117994100294985
0 0.21533923303834807 0.12182890855457226 0.0967551622418879 0.08672566371681416
0 0.3536873156342183 0.11179941002949853 0.043067846607669616 0.04896755162241888
0 0.5053097345132743 0.13952802359882005 0.07256637168141593 0.1327433628318584
0 0.6368731563421829 0.14188790560471976 0.07492625368731563 0.09144542772861357
0 0.7640117994100295 0.17345132743362832 0.08141592920353982 0.0743362831858407
0 0.7982300884955752 0.2831858407079646 0.05545722713864307 0.1168141592920354
0 0.6967551622418879 0.30914454277286135 0.08023598820058997 0.0696165191740413
1 0.49911504424778763 0.2799410029498525 0.0471976401179941 0.03480825958702065
0 0.38141592920353984 0.2191740412979351 0.032448377581120944 0.07138643067846608
1 0.23067846607669618 0.2672566371681416 0.054277286135693215 0.04247787610619469
0 0.10678466076696165 0.271976401179941 0.06017699115044248 0.06135693215339233
0 0.10147492625368731 0.4312684365781711 0.0471976401179941 0.05191740412979351
0 0.2592920353982301 0.41238938053097346 0.10442477876106195 0.0696165191740413
0 0.37905604719764013 0.4457227138643068 0.057227138643067846 0.12684365781710916
1 0.5035398230088496 0.3958702064896755 0.04896755162241888 0.040117994100294985
0 0.6946902654867256 0.4365781710914454 0.10088495575221239 0.08849557522123894
1 0.7890855457227138 0.43215339233038347 0.03126843657817109 0.043067846607669616
0 0.12271386430678466 0.6050147492625368 0.040117994100294985 0.03952802359882006
0 0.27079646017699116 0.6191740412979351 0.08967551622418879 0.1410029498525074
0 0.4112094395280236 0.6050147492625368 0.10619469026548672 0.07374631268436578
1 0.5336283185840708 0.5176991150442478 0.04424778761061947 0.04424778761061947
0 0.6660766961651917 0.5557522123893806 0.10737463126843658 0.07787610619469026
0 0.7805309734513274 0.552212389380531 0.04365781710914454 0.05191740412979351
0 0.7716814159292036 0.667551622418879 0.10619469026548672 0.10088495575221239
0 0.6855457227138643 0.6743362831858407 0.049557522123893805 0.05781710914454277
0 0.5386430678466076 0.664306784660767 0.06489675516224189 0.06017699115044248
1 0.10058997050147492 0.7206489675516224 0.04660766961651917 0.027728613569321534
0 0.26607669616519175 0.7407079646017699 0.044837758112094395 0.03716814159292035
0 0.4247787610619469 0.7563421828908554 0.10855457227138643 0.10501474926253687
0 0.11297935103244838 0.8418879056047197 0.043067846607669616 0.12625368731563422
1 0.2542772861356932 0.8371681415929203 0.03657817109144543 0.02831858407079646
0 0.37610619469026546 0.8463126843657817 0.1327433628318584 0.09970501474926254
0 0.552212389380531 0.8315634218289085 0.05191740412979351 0.09970501474926254
0 0.6569321533923304 0.7914454277286136 0.052507374631268436 0.07610619469026549
0 0.7902654867256637 0.8041297935103244 0.17522123893805308 0.05663716814159292
