1 0.06165191740412979 0.14778761061946902 0.03126843657817109 0.024188790560471976
1 0.18112094395280237 0.18525073746312684 0.02831858407079646 0.04365781710914454
0 0.37168141592920356 0.15958702064896754 0.035398230088495575 0.04070796460176991
1 0.5212389380530973 0.14129793510324484 0.033628318584070796 0.03008849557522124
1 0.6970501474926254 0.12035398230088495 0.028908554572271386 0.025958702064896755
0 0.8587020648967552 0.0935103244837758 0.038348082595870206 0.03480825958702065
1 0.8734513274336283 0.30678466076696165 0.03480825958702065 0.03303834808259587
0 0.6625368731563421 0.30737463126843656 0.02359882005899705 0.05663716814159292
1 0.5427728613569321 0.28348082595870205 0.040117994100294985 0.03008849557522124
0 0.37492625368731564 0.34041297935103243 0.032448377581120944 0.03657817109144543
0 0.22536873156342183 0.3262536873156342 0.03421828908554572 0.03421828908554572
0 0.0663716814159292 0.30619469026548674 0.027728613569321534 0.027138643067846607
1 0.06342182890855458 0.45722713864306785 0.02182890855457227 0.029498525073746312
0 0.2351032448377581 0.43480825958702063 0.0359882005899705 0.04601769911504425
0 0.3740412979351032 0.4648967551622419 0.024778761061946902 0.05309734513274336
1 0.5483775811209439 0.443952802359882 0.03008849557522124 0.02536873156342183
1 0.7129793510324484 0.4368731563421829 0.033628318584070796 0.02654867256637168
0 0.8607669616519174 0.4654867256637168 0.025958702064896755 0.03775811209439528
0 0.8578171091445428 0.559882005899705 0.029498525073746312 0.03657817109144543
0 0.7097345132743362 0.5961651917404129 0.025958702064896755 0.03952802359882006
1 0.5525073746312684 0.5769911504424778 0.03126843657817109 0.024778761061946902
1 0.3935103244837758 0.5805309734513274 0.02831858407079646 0.02359882005899705
1 0.24896755162241888 0.5876106194690265 0.03303834808259587 0.020058997050147492
0 0.059882005899705014 0.5958702064896755 0.03480825958702065 0.03185840707964602
0 0.07699115044247787 0.7047197640117994 0.0359882005899705 0.03008849557522124
0 0.25899705014749264 0.6970501474926254 0.03303834808259587 0.024188790560471976
0 0.5575221238938053 0.6669616519174041 0.03303834808259587 0.03126843657817109
0 0.4008849557522124 0.736283185840708 0.03126843657817109 0.03657817109144543
1 0.7050147492625368 0.6991150442477876 0.03421828908554572 0.027138643067846607
1 0.8672566371681416 0.7053097345132743 0.01887905604719764 0.033628318584070796
1 0.8820058997050148 0.8716814159292036 0.01887905604719764 0.033628318584070796
0 0.6943952802359882 0.856637168141593 0.027138643067846607 0.04365781710914454
0 0.5498525073746312 0.8693215339233038 0.029498525073746312 0.033628318584070796
0 0.41386430678466074 0.8085545722713864 0.032448377581120944 0.028908554572271386
0 0.26017699115044246 0.8200589970501475 0.03421828908554572 0.029498525073746312
0 0.07079646017699115 0.831858407079646 0.03303834808259587 0.03185840707964602
