0 0.23244837758112094 0.17699115044247787 0.06607669616519174 0.08023598820058997
0 0.36283185840707965 0.1410029498525074 0.10973451327433628 0.06489675516224189
0 0.51976401179941 0.1383480825958702 0.1392330383480826 0.0831858407079646
0 0.6474926253687315 0.10619469026548672 0.03716814159292035 0.04129793510324484
0 0.7941002949852507 0.15781710914454278 0.07551622418879056 0.11150442477876106
0 0.8973451327433628 0.11976401179941003 0.04837758112094395 0.035398230088495575
0 0.8811209439528024 0.28348082595870205 0.043067846607669616 0.08908554572271386
1 0.7613569321533923 0.2710914454277286 0.05486725663716814 0.0359882005899705
0 0.6595870206489676 0.2634218289085546 0.08023598820058997 0.04188790560471976
1 0.4943952802359882 0.2790560471976401 0.040117994100294985 0.03421828908554572
0 0.34277286135693213 0.2563421828908555 0.0967551622418879 0.06548672566371681
0 0.22920353982300884 0.24601769911504423 0.10088495575221239 0.05191740412979351
0 0.22035398230088496 0.4289085545722714 0.04070796460176991 0.04365781710914454
0 0.32890855457227136 0.45870206489675514 0.11504424778761062 0.05132743362831858
1 0.4941002949852507 0.391740412979351 0.05132743362831858 0.040117994100294985
0 0.6268436578171092 0.45722713864306785 0.08672566371681416 0.14749262536873156
0 0.7353982300884956 0.415929203539823 0.10442477876106195 0.06725663716814159
0 0.8893805309734513 0.46135693215339235 0.0584070796460177 0.04247787610619469
0 0.8510324483775811 0.5902654867256637 0.0359882005899705 0.04660766961651917
0 0.6728613569321534 0.6188790560471976 0.07610619469026549 0.14041297935103245
0 0.5781710914454277 0.6056047197640118 0.11091445427728613 0.08200589970501475
0 0.46194690265486726 0.5182890855457227 0.049557522123893805 0.03952802359882006
0 0.21946902654867256 0.5542772861356932 0.03657817109144543 0.052507374631268436
0 0.3386430678466077 0.5651917404129794 0.10383480825958702 0.12979351032448377
0 0.22241887905604718 0.6722713864306784 0.12035398230088495 0.11032448377581121
0 0.3117994100294985 0.6769911504424778 0.04896755162241888 0.05486725663716814
0 0.4592920353982301 0.6654867256637168 0.07138643067846608 0.07787610619469026
0 0.5672566371681416 0.7569321533923303 0.11976401179941003 0.11799410029498525
0 0.728023598820059 0.7250737463126844 0.03421828908554572 0.035398230088495575
1 0.8312684365781711 0.6873156342182891 0.049557522123893805 0.04247787610619469
1 0.7262536873156342 0.7672566371681416 0.030678466076696165 0.03716814159292035
0 0.8867256637168142 0.8188790560471977 0.049557522123893805 0.08141592920353982
0 0.6088495575221239 0.8501474926253687 0.1215339233038348 0.12389380530973451
0 0.4539823008849557 0.8404129793510324 0.07374631268436578 0.12920353982300886
0 0.23156342182890854 0.7784660766961652 0.17168141592920355 0.06784660766961652
0 0.3448377581120944 0.7817109144542773 0.04424778761061947 0.08023598820058997
