0 0.11386430678466077 0.058112094395280235 0.06371681415929203 0.10088495575221239
0 0.2622418879056047 0.05693215339233038 0.05958702064896755 0.05486725663716814
0 0.403834808259587 0.07227138643067846 0.04424778761061947 0.0607669616519174
1 0.5336283185840708 0.12094395280235988 0.0359882005899705 0.03657817109144543
0 0.6778761061946903 0.06224188790560472 0.12507374631268436 0.052507374631268436
1 0.8507374631268436 0.09233038348082595 0.044837758112094395 0.023008849557522124
0 0.8548672566371681 0.2303834808259587 0.05781710914454277 0.05604719764011799
1 0.7058997050147493 0.23156342182890854 0.04070796460176991 0.0584070796460177
0 0.5233038348082596 0.2551622418879056 0.054277286135693215 0.057227138643067846
0 0.3740412979351032 0.18112094395280237 0.12035398230088495 0.058997050147492625
0 0.24513274336283186 0.18171091445427728 0.05368731563421829 0.06017699115044248
0 0.1224188790560472 0.23539823008849559 0.05958702064896755 0.0743362831858407
0 0.12890855457227138 0.31386430678466076 0.03716814159292035 0.07905604719764012
0 0.2271386430678466 0.30678466076696165 0.04365781710914454 0.11799410029498525
0 0.3613569321533923 0.3625368731563422 0.0584070796460177 0.09852507374631268
0 0.5430678466076696 0.32772861356932154 0.07846607669616519 0.057227138643067846
0 0.687905604719764 0.37138643067846605 0.049557522123893805 0.06312684365781711
0 0.8728613569321534 0.38377581120943954 0.04424778761061947 0.05958702064896755
0 0.8495575221238938 0.5109144542772861 0.03893805309734513 0.08377581120943953
0 0.6949852507374631 0.5174041297935104 0.040117994100294985 0.08141592920353982
0 0.5262536873156343 0.46814159292035395 0.05781710914454277 0.07256637168141593
0 0.3595870206489675 0.4666666666666667 0.05486725663716814 0.05309734513274336
0 0.13333333333333333 0.5380530973451327 0.06135693215339233 0.071976401179941
0 0.22241887905604718 0.5513274336283186 0.049557522123893805 0.09734513274336283
0 0.12654867256637167 0.6722713864306784 0.04188790560471976 0.17640117994100296
0 0.2126843657817109 0.6899705014749262 0.052507374631268436 0.10324483775811209
0 0.37315634218289084 0.6781710914454278 0.047787610619469026 0.09380530973451327
0 0.5141592920353982 0.6026548672566372 0.038348082595870206 0.0607669616519174
0 0.6858407079646017 0.61976401179941 0.043067846607669616 0.057227138643067846
0 0.8492625368731563 0.6327433628318584 0.04896755162241888 0.05368731563421829
0 0.8442477876106195 0.8144542772861357 0.05073746312684366 0.05132743362831858
0 0.696165191740413 0.8424778761061946 0.06725663716814159 0.071976401179941
0 0.5005899705014749 0.7675516224188791 0.06548672566371681 0.06489675516224189
0 0.37138643067846605 0.7817109144542773 0.0359882005899705 0.06843657817109144
0 0.1433628318584071 0.8041297935103244 0.07551622418879056 0.04601769911504425
0 0.22831858407079647 0.8324483775811209 0.03185840707964602 0.10737463126843658
