0 0.11710914454277285 0.05693215339233038 0.05958702064896755 0.09380530973451327
0 0.26135693215339234 0.05545722713864307 0.058997050147492625 0.04601769911504425
0 0.4026548672566372 0.06902654867256637 0.05368731563421829 0.049557522123893805
1 0.5374631268436578 0.1200589970501475 0.03657817109144543 0.04424778761061947
0 0.671976401179941 0.05929203539823009 0.10855457227138643 0.052507374631268436
1 0.852212389380531 0.09321533923303835 0.03952802359882006 0.029498525073746312
0 0.8513274336283185 0.2303834808259587 0.04365781710914454 0.05486725663716814
0 0.7058997050147493 0.23008849557522124 0.03952802359882006 0.049557522123893805
0 0.531858407079646 0.25958702064896755 0.04660766961651917 0.05191740412979351
0 0.3775811209439528 0.18112094395280237 0.12979351032448377 0.04601769911504425
0 0.24336283185840707 0.18259587020648968 0.047787610619469026 0.0607669616519174
0 0.11799410029498525 0.23539823008849559 0.058997050147492625 0.0743362831858407
0 0.13185840707964602 0.31032448377581123 0.0359882005899705 0.071976401179941
0 0.22389380530973452 0.30619469026548674 0.05132743362831858 0.12507374631268436
0 0.3601769911504425 0.36224188790560474 0.06784660766961652 0.10619469026548672
0 0.5365781710914455 0.32654867256637166 0.08436578171091445 0.0607669616519174
0 0.6882005899705015 0.3752212389380531 0.047787610619469026 0.054277286135693215
0 0.8746312684365781 0.3817109144542773 0.05486725663716814 0.06135693215339233
0 0.3601769911504425 0.4631268436578171 0.04542772861356932 0.0471976401179941
0 0.5274336283185841 0.46430678466076697 0.05073746312684366 0.06253687315634218
0 0.13156342182890857 0.5230088495575221 0.02831858407079646 0.033628318584070796
0 0.22123893805309736 0.5530973451327433 0.05073746312684366 0.10324483775811209
0 0.7005899705014749 0.5144542772861357 0.038348082595870206 0.08731563421828908
0 0.8528023598820059 0.5147492625368731 0.04424778761061947 0.07964601769911504
0 0.13008849557522123 0.7171091445427729 0.04896755162241888 0.08672566371681416
0 0.21327433628318584 0.6905604719764011 0.0607669616519174 0.09970501474926254
0 0.3728613569321534 0.6761061946902654 0.0471976401179941 0.08849557522123894
0 0.5091445427728614 0.6005899705014749 0.03657817109144543 0.06253687315634218
0 0.6811209439528023 0.6209439528023599 0.04424778761061947 0.04660766961651917
0 0.852212389380531 0.6292035398230088 0.04542772861356932 0.04896755162241888
0 0.14129793510324484 0.8041297935103244 0.06902654867256637 0.03893805309734513
0 0.22300884955752212 0.8303834808259587 0.03893805309734513 0.09734513274336283
0 0.36991150442477877 0.7817109144542773 0.04129793510324484 0.07905604719764012
0 0.503834808259587 0.7678466076696165 0.06017699115044248 0.06548672566371681
0 0.696165191740413 0.8333333333333334 0.07905604719764012 0.07256637168141593
0 0.8386430678466077 0.8156342182890856 0.05014749262536873 0.06548672566371681
