0 0.18997050147492625 0.20442477876106194 0.13569321533923304 0.07728613569321534
0 0.32654867256637166 0.17699115044247787 0.08908554572271386 0.10265486725663717
0 0.5321533923303835 0.1528023598820059 0.12979351032448377 0.06135693215339233
0 0.6831858407079646 0.1864306784660767 0.13805309734513274 0.054277286135693215
0 0.7179941002949852 0.11297935103244838 0.08259587020648967 0.14454277286135692
0 0.7498525073746313 0.2342182890855457 0.08967551622418879 0.0920353982300885
0 0.5460176991150443 0.3070796460176991 0.21061946902654866 0.09852507374631268
0 0.5970501474926253 0.30619469026548674 0.03657817109144543 0.10029498525073746
0 0.748377581120944 0.35162241887905604 0.09498525073746313 0.04129793510324484
0 0.20648967551622419 0.26607669616519175 0.05781710914454277 0.1215339233038348
0 0.16224188790560473 0.34129793510324485 0.07905604719764012 0.06548672566371681
0 0.3029498525073746 0.29174041297935105 0.09616519174041298 0.15988200589970503
0 0.3359882005899705 0.4424778761061947 0.09144542772861357 0.11563421828908554
0 0.4061946902654867 0.38761061946902653 0.06902654867256637 0.10147492625368731
0 0.5672566371681416 0.4265486725663717 0.20471976401179942 0.04601769911504425
0 0.4784660766961652 0.4351032448377581 0.05781710914454277 0.03126843657817109
1 0.0743362831858407 0.4911504424778761 0.03657817109144543 0.023008849557522124
0 0.1687315634218289 0.5333333333333333 0.08849557522123894 0.10029498525073746
0 0.26607669616519175 0.5454277286135694 0.10029498525073746 0.16932153392330385
0 0.39144542772861357 0.6672566371681415 0.05486725663716814 0.13097345132743363
0 0.463716814159292 0.5014749262536873 0.16047197640117994 0.05663716814159292
0 0.6952802359882005 0.5103244837758112 0.04188790560471976 0.0696165191740413
0 0.6380530973451327 0.5348082595870206 0.04424778761061947 0.07374631268436578
0 0.5289085545722714 0.5926253687315635 0.14926253687315633 0.09852507374631268
0 0.5858407079646017 0.6306784660766962 0.16047197640117994 0.05781710914454277
0 0.7315634218289085 0.6498525073746313 0.0967551622418879 0.11150442477876106
0 0.6808259587020649 0.7893805309734513 0.09557522123893805 0.15457227138643068
0 0.5666666666666667 0.7510324483775811 0.11858407079646018 0.15457227138643068
0 0.4616519174041298 0.8058997050147493 0.03952802359882006 0.08023598820058997
0 0.2557522123893805 0.6893805309734513 0.09026548672566372 0.10088495575221239
0 0.14749262536873156 0.6348082595870206 0.14749262536873156 0.15339233038348082
0 0.09174041297935104 0.7820058997050148 0.07138643067846608 0.17050147492625367
0 0.2825958702064897 0.8330383480825958 0.07787610619469026 0.09557522123893805
1 0.32654867256637166 0.8056047197640118 0.024188790560471976 0.033628318584070796
