0 0.17787610619469027 0.20265486725663717 0.1327433628318584 0.08908554572271386
0 0.26371681415929205 0.259882005899705 0.12861356932153392 0.0607669616519174
0 0.32772861356932154 0.1743362831858407 0.08790560471976401 0.11504424778761062
0 0.5333333333333333 0.15781710914454278 0.14041297935103245 0.05958702064896755
0 0.6731563421828909 0.18525073746312684 0.14277286135693215 0.044837758112094395
0 0.7005899705014749 0.09705014749262536 0.10914454277286136 0.12566371681415928
0 0.7103244837758111 0.2504424778761062 0.1663716814159292 0.11150442477876106
0 0.6227138643067847 0.2867256637168142 0.07256637168141593 0.1392330383480826
0 0.5271386430678466 0.279646017699115 0.16460176991150444 0.05073746312684366
0 0.6073746312684366 0.3985250737463127 0.09498525073746313 0.1976401179941003
0 0.15073746312684366 0.34985250737463125 0.08200589970501475 0.06725663716814159
0 0.3088495575221239 0.3693215339233038 0.09380530973451327 0.18997050147492625
1 0.07905604719764012 0.4946902654867257 0.025958702064896755 0.023008849557522124
0 0.17610619469026548 0.5858407079646017 0.0831858407079646 0.11445427728613569
0 0.12064896755162241 0.6566371681415929 0.10678466076696165 0.17817109144542773
0 0.13215339233038348 0.828613569321534 0.11327433628318584 0.16224188790560473
0 0.28938053097345134 0.5696165191740413 0.0855457227138643 0.17876106194690267
0 0.26253687315634217 0.6905604719764011 0.08495575221238938 0.08790560471976401
0 0.2607669616519174 0.7896755162241887 0.08141592920353982 0.11740412979351032
1 0.32772861356932154 0.803834808259587 0.02654867256637168 0.03008849557522124
0 0.38849557522123895 0.6640117994100295 0.057227138643067846 0.12448377581120944
0 0.4174041297935103 0.4504424778761062 0.11032448377581121 0.11268436578171091
0 0.42448377581120944 0.4498525073746313 0.07728613569321534 0.10914454277286136
0 0.47787610619469023 0.43539823008849554 0.06371681415929203 0.035398230088495575
0 0.4902654867256637 0.47640117994100295 0.13451327433628318 0.12212389380530973
0 0.6687315634218289 0.5218289085545723 0.03480825958702065 0.06902654867256637
0 0.5380530973451327 0.5926253687315635 0.1486725663716814 0.10088495575221239
0 0.5914454277286135 0.631858407079646 0.17522123893805308 0.05545722713864307
0 0.4640117994100295 0.803834808259587 0.03480825958702065 0.09380530973451327
0 0.5908554572271386 0.7982300884955752 0.16224188790560473 0.10855457227138643
0 0.6563421828908554 0.8268436578171091 0.09498525073746313 0.15162241887905603
0 0.744542772861357 0.3489675516224189 0.08613569321533923 0.05014749262536873
0 0.7404129793510325 0.6014749262536873 0.07079646017699115 0.05958702064896755
0 0.7374631268436578 0.6637168141592921 0.09321533923303835 0.08377581120943953
