1 0.0607669616519174 0.1480825958702065 0.025958702064896755 0.016519174041297935
1 0.1823008849557522 0.18495575221238938 0.02831858407079646 0.0359882005899705
0 0.3678466076696165 0.15870206489675515 0.03126843657817109 0.03185840707964602
1 0.5224188790560472 0.14188790560471976 0.03008849557522124 0.032448377581120944
1 0.6952802359882005 0.12123893805309735 0.032448377581120944 0.03126843657817109
1 0.8616519174041298 0.08820058997050148 0.0359882005899705 0.0359882005899705
1 0.8699115044247787 0.3070796460176991 0.03716814159292035 0.019469026548672566
0 0.6634218289085546 0.3088495575221239 0.028908554572271386 0.04660766961651917
0 0.5418879056047198 0.28584070796460176 0.038348082595870206 0.032448377581120944
0 0.3752212389380531 0.34041297935103243 0.035398230088495575 0.03421828908554572
0 0.22389380530973452 0.33067846607669615 0.03008849557522124 0.03952802359882006
0 0.06725663716814159 0.3079646017699115 0.020058997050147492 0.02831858407079646
1 0.06253687315634218 0.45634218289085543 0.02359882005899705 0.023008849557522124
0 0.2336283185840708 0.4345132743362832 0.027138643067846607 0.043067846607669616
0 0.37315634218289084 0.46342182890855455 0.02182890855457227 0.04660766961651917
1 0.5501474926253688 0.4410029498525074 0.028908554572271386 0.027728613569321534
1 0.7117994100294985 0.4383480825958702 0.03008849557522124 0.02359882005899705
0 0.8613569321533923 0.4666666666666667 0.03303834808259587 0.03893805309734513
0 0.8572271386430679 0.5572271386430678 0.027138643067846607 0.03716814159292035
0 0.7100294985250737 0.5973451327433629 0.03008849557522124 0.03952802359882006
0 0.0584070796460177 0.5943952802359882 0.024778761061946902 0.038348082595870206
1 0.07079646017699115 0.7070796460176991 0.03303834808259587 0.024188790560471976
1 0.2471976401179941 0.5864306784660767 0.02831858407079646 0.027138643067846607
1 0.39292035398230085 0.5787610619469027 0.027138643067846607 0.020058997050147492
1 0.5525073746312684 0.5749262536873156 0.03008849557522124 0.02064896755162242
1 0.25899705014749264 0.6982300884955752 0.03185840707964602 0.02536873156342183
1 0.39764011799410026 0.7377581120943952 0.03657817109144543 0.03126843657817109
0 0.556047197640118 0.667551622418879 0.03008849557522124 0.03008849557522124
0 0.7070796460176991 0.7014749262536873 0.03480825958702065 0.025958702064896755
1 0.8675516224188791 0.7047197640117994 0.024188790560471976 0.0359882005899705
0 0.06784660766961652 0.8289085545722714 0.03185840707964602 0.022418879056047197
0 0.2604719764011799 0.8209439528023599 0.03008849557522124 0.032448377581120944
0 0.41415929203539825 0.8073746312684366 0.03185840707964602 0.03008849557522124
0 0.5480825958702065 0.8690265486725663 0.02831858407079646 0.03657817109144543
0 0.6949852507374631 0.8595870206489675 0.025958702064896755 0.04365781710914454
1 0.8882005899705014 0.8725663716814159 0.02182890855457227 0.035398230088495575
