0 0.13008849557522123 0.07817109144542772 0.12212389380530973 0.11032448377581121
0 0.33362831858407077 0.1407079646017699 0.05486725663716814 0.17758112094395279
0 0.4929203539823009 0.1215339233038348 0.07964601769911504 0.1392330383480826
0 0.7044247787610619 0.1168141592920354 0.10737463126843658 0.07905604719764012
0 0.875221238938053 0.14513274336283186 0.07964601769911504 0.10029498525073746
0 0.8466076696165191 0.3141592920353982 0.08613569321533923 0.04542772861356932
0 0.6890855457227139 0.2799410029498525 0.035398230088495575 0.038348082595870206
0 0.47227138643067845 0.2884955752212389 0.14454277286135692 0.03303834808259587
0 0.3752212389380531 0.25014749262536873 0.05781710914454277 0.08967551622418879
0 0.22389380530973452 0.22979351032448378 0.17050147492625367 0.11504424778761062
0 0.22979351032448378 0.41327433628318583 0.07138643067846608 0.03952802359882006
0 0.39557522123893807 0.39321533923303836 0.09144542772861357 0.19174041297935102
0 0.5289085545722714 0.41386430678466074 0.05486725663716814 0.028908554572271386
0 0.6722713864306784 0.4174041297935103 0.1905604719764012 0.09380530973451327
1 0.8404129793510324 0.40117994100294985 0.024188790560471976 0.03657817109144543
0 0.5882005899705015 0.46283185840707963 0.06135693215339233 0.11976401179941003
0 0.23333333333333334 0.5504424778761062 0.09380530973451327 0.0471976401179941
1 0.32595870206489674 0.5584070796460177 0.03952802359882006 0.027728613569321534
1 0.4831858407079646 0.515929203539823 0.04365781710914454 0.024188790560471976
0 0.4870206489675516 0.6330383480825958 0.17286135693215338 0.058997050147492625
0 0.6212389380530974 0.6619469026548672 0.05309734513274336 0.1215339233038348
0 0.5814159292035398 0.54070796460177 0.07374631268436578 0.11976401179941003
0 0.747197640117994 0.5610619469026549 0.04070796460176991 0.030678466076696165
0 0.8749262536873156 0.5079646017699115 0.11327433628318584 0.08023598820058997
0 0.8994100294985251 0.6424778761061947 0.08672566371681416 0.15457227138643068
0 0.8935103244837758 0.7799410029498525 0.09970501474926254 0.1710914454277286
0 0.7876106194690266 0.8200589970501475 0.07079646017699115 0.12979351032448377
1 0.751622418879056 0.6761061946902654 0.027138643067846607 0.024778761061946902
1 0.6737463126843658 0.8053097345132744 0.02359882005899705 0.027138643067846607
0 0.5359882005899705 0.8073746312684366 0.027728613569321534 0.08200589970501475
0 0.42920353982300885 0.7955752212389381 0.08436578171091445 0.11386430678466077
0 0.36755162241887906 0.6837758112094395 0.0943952802359882 0.1687315634218289
0 0.2510324483775811 0.6938053097345133 0.047787610619469026 0.04365781710914454
0 0.27551622418879057 0.7501474926253687 0.06607669616519174 0.17522123893805308
