0 0.12035398230088495 0.056342182890855456 0.06253687315634218 0.10206489675516224
0 0.24749262536873157 0.03716814159292035 0.09144542772861357 0.06843657817109144
0 0.4085545722713864 0.052507374631268436 0.052507374631268436 0.07079646017699115
0 0.5351032448377581 0.11710914454277285 0.04837758112094395 0.04896755162241888
0 0.663126843657817 0.05457227138643068 0.08731563421828908 0.04542772861356932
0 0.851622418879056 0.09705014749262536 0.0584070796460177 0.0584070796460177
0 0.11946902654867256 0.2312684365781711 0.06784660766961652 0.06371681415929203
0 0.24749262536873157 0.18761061946902655 0.05958702064896755 0.04601769911504425
0 0.34100294985250734 0.17138643067846607 0.11445427728613569 0.06902654867256637
0 0.5253687315634218 0.25958702064896755 0.09026548672566372 0.06135693215339233
0 0.692330383480826 0.22448377581120943 0.07256637168141593 0.05486725663716814
0 0.863716814159292 0.22536873156342183 0.06607669616519174 0.0743362831858407
0 0.12271386430678466 0.32418879056047195 0.05309734513274336 0.05958702064896755
0 0.20383480825958702 0.29380530973451324 0.07610619469026549 0.1215339233038348
0 0.3678466076696165 0.3696165191740413 0.05958702064896755 0.10678466076696165
0 0.5498525073746312 0.33362831858407077 0.07315634218289085 0.04070796460176991
0 0.6929203539823009 0.35457227138643066 0.0584070796460177 0.06017699115044248
1 0.8696165191740413 0.38141592920353984 0.054277286135693215 0.061946902654867256
0 0.36106194690265486 0.46578171091445425 0.05663716814159292 0.04660766961651917
0 0.5297935103244837 0.46578171091445425 0.05545722713864307 0.07020648967551622
0 0.6997050147492625 0.5176991150442478 0.04365781710914454 0.09380530973451327
0 0.8536873156342183 0.512684365781711 0.05663716814159292 0.06843657817109144
0 0.12949852507374632 0.5300884955752212 0.08436578171091445 0.08436578171091445
0 0.21386430678466076 0.5569321533923304 0.07374631268436578 0.0967551622418879
0 0.49203539823008846 0.6026548672566372 0.06135693215339233 0.05604719764011799
0 0.6814159292035398 0.6194690265486725 0.05309734513274336 0.06489675516224189
0 0.8551622418879056 0.6336283185840708 0.03716814159292035 0.06253687315634218
0 0.07227138643067846 0.6551622418879056 0.1303834808259587 0.1433628318584071
0 0.22507374631268437 0.6867256637168142 0.04542772861356932 0.10619469026548672
0 0.13244837758112094 0.8014749262536873 0.0808259587020649 0.04424778761061947
0 0.20176991150442478 0.8309734513274336 0.07787610619469026 0.08436578171091445
0 0.363716814159292 0.6958702064896755 0.06548672566371681 0.06430678466076696
0 0.3696165191740413 0.783480825958702 0.03952802359882006 0.07905604719764012
0 0.5076696165191741 0.7749262536873156 0.061946902654867256 0.0584070796460177
0 0.7026548672566372 0.8365781710914454 0.07787610619469026 0.06725663716814159
0 0.8463126843657817 0.8182890855457227 0.06312684365781711 0.0743362831858407
