1 0.10766961651917403 0.1191740412979351 0.03480825958702065 0.03185840707964602
0 0.2103244837758112 0.15899705014749263 0.07492625368731563 0.10324483775811209
0 0.3525073746312684 0.10471976401179942 0.047787610619469026 0.033628318584070796
0 0.4817109144542773 0.1327433628318584 0.12566371681415928 0.08849557522123894
0 0.6368731563421829 0.13628318584070798 0.11032448377581121 0.06489675516224189
0 0.7634218289085546 0.17581120943952802 0.06489675516224189 0.07787610619469026
0 0.12330383480825959 0.28053097345132744 0.04601769911504425 0.07846607669616519
1 0.23008849557522124 0.26607669616519175 0.05309734513274336 0.03657817109144543
0 0.33421828908554574 0.259882005899705 0.07374631268436578 0.04070796460176991
1 0.4946902654867257 0.2831858407079646 0.047787610619469026 0.03657817109144543
0 0.6557522123893805 0.2542772861356932 0.09380530973451327 0.0743362831858407
0 0.7702064896755162 0.24631268436578171 0.1056047197640118 0.05958702064896755
0 0.11091445427728613 0.46696165191740413 0.05073746312684366 0.032448377581120944
0 0.27404129793510323 0.41297935103244837 0.09970501474926254 0.07315634218289085
0 0.3734513274336283 0.456047197640118 0.07079646017699115 0.15221238938053097
0 0.5056047197640118 0.3938053097345133 0.05545722713864307 0.04542772861356932
0 0.5345132743362832 0.5209439528023598 0.05073746312684366 0.04365781710914454
0 0.6707964601769911 0.45781710914454277 0.1168141592920354 0.05191740412979351
0 0.6648967551622419 0.5528023598820059 0.10147492625368731 0.11091445427728613
0 0.783480825958702 0.4265486725663717 0.03303834808259587 0.049557522123893805
0 0.7811209439528024 0.5569321533923304 0.03775811209439528 0.05191740412979351
0 0.772566371681416 0.6743362831858407 0.11976401179941003 0.09911504424778761
0 0.6870206489675517 0.6746312684365782 0.047787610619469026 0.0584070796460177
0 0.14749262536873156 0.587315634218289 0.04365781710914454 0.04424778761061947
0 0.33126843657817107 0.623598820058997 0.07138643067846608 0.13805309734513274
0 0.39705014749262535 0.5949852507374631 0.05545722713864307 0.07728613569321534
1 0.1631268436578171 0.6926253687315634 0.057227138643067846 0.040117994100294985
0 0.27227138643067844 0.7233038348082595 0.0359882005899705 0.03303834808259587
1 0.2696165191740413 0.7696165191740413 0.02831858407079646 0.043067846607669616
0 0.4377581120943953 0.7522123893805309 0.12507374631268436 0.11327433628318584
0 0.5412979351032449 0.6628318584070796 0.06666666666666667 0.07846607669616519
0 0.1182890855457227 0.8073746312684366 0.06666666666666667 0.06666666666666667
0 0.39321533923303836 0.8474926253687316 0.12802359882005898 0.1398230088495575
0 0.5507374631268437 0.8410029498525073 0.07492625368731563 0.1351032448377581
0 0.6483775811209439 0.7825958702064897 0.05309734513274336 0.08436578171091445
0 0.7610619469026548 0.7828908554572271 0.18053097345132743 0.06371681415929203
