1 0.06017699115044248 0.14926253687315633 0.03185840707964602 0.02359882005899705
1 0.18141592920353983 0.18613569321533924 0.02536873156342183 0.032448377581120944
0 0.3693215339233038 0.15870206489675515 0.027138643067846607 0.04365781710914454
1 0.5209439528023598 0.14188790560471976 0.03185840707964602 0.033628318584070796
1 0.6973451327433628 0.11976401179941003 0.025958702064896755 0.030678466076696165
1 0.8581120943952802 0.0920353982300885 0.0359882005899705 0.04365781710914454
1 0.8710914454277287 0.3029498525073746 0.032448377581120944 0.03008849557522124
0 0.6634218289085546 0.3064896755162242 0.023008849557522124 0.04424778761061947
0 0.5430678466076696 0.28820058997050146 0.04188790560471976 0.03126843657817109
0 0.37492625368731564 0.34277286135693213 0.028908554572271386 0.02831858407079646
0 0.22536873156342183 0.3303834808259587 0.03421828908554572 0.04601769911504425
0 0.06489675516224189 0.3056047197640118 0.025958702064896755 0.025958702064896755
1 0.06342182890855458 0.45781710914454277 0.02654867256637168 0.029498525073746312
0 0.2312684365781711 0.4351032448377581 0.02359882005899705 0.038348082595870206
0 0.371976401179941 0.463716814159292 0.02654867256637168 0.0471976401179941
1 0.5480825958702065 0.4415929203539823 0.030678466076696165 0.02182890855457227
1 0.7112094395280236 0.43569321533923305 0.027728613569321534 0.023008849557522124
0 0.8619469026548673 0.4648967551622419 0.029498525073746312 0.04247787610619469
0 0.8563421828908554 0.5589970501474926 0.03126843657817109 0.04070796460176991
0 0.7097345132743362 0.595575221238938 0.029498525073746312 0.04070796460176991
1 0.5513274336283186 0.5772861356932153 0.027728613569321534 0.023008849557522124
1 0.3943952802359882 0.5787610619469027 0.028908554572271386 0.020058997050147492
1 0.24955752212389382 0.5867256637168141 0.030678466076696165 0.023008849557522124
0 0.05663716814159292 0.5967551622418878 0.025958702064896755 0.03716814159292035
0 0.07669616519174041 0.707669616519174 0.03893805309734513 0.03008849557522124
0 0.26017699115044246 0.696165191740413 0.029498525073746312 0.029498525073746312
0 0.5557522123893806 0.6640117994100295 0.03657817109144543 0.038348082595870206
1 0.8675516224188791 0.7047197640117994 0.019469026548672566 0.028908554572271386
1 0.707669616519174 0.6997050147492625 0.03480825958702065 0.021238938053097345
1 0.3958702064896755 0.7377581120943952 0.03185840707964602 0.03126843657817109
0 0.06843657817109144 0.8303834808259587 0.029498525073746312 0.033628318584070796
0 0.26017699115044246 0.8185840707964601 0.03893805309734513 0.03480825958702065
0 0.41238938053097346 0.8097345132743363 0.030678466076696165 0.02654867256637168
0 0.5507374631268437 0.8693215339233038 0.0359882005899705 0.04070796460176991
1 0.6958702064896755 0.8610619469026548 0.02064896755162242 0.043067846607669616
1 0.8846607669616519 0.8749262536873156 0.024188790560471976 0.02831858407079646
