0 0.10353982300884956 0.12064896755162241 0.04424778761061947 0.04070796460176991
0 0.20383480825958702 0.15634218289085544 0.06902654867256637 0.10737463126843658
0 0.3536873156342183 0.10825958702064897 0.043067846607669616 0.047787610619469026
0 0.484070796460177 0.1359882005899705 0.1327433628318584 0.08200589970501475
0 0.631858407079646 0.14129793510324484 0.10501474926253687 0.06312684365781711
0 0.764306784660767 0.1743362831858407 0.07020648967551622 0.08790560471976401
0 0.7775811209439528 0.2368731563421829 0.11799410029498525 0.0855457227138643
0 0.6578171091445427 0.2584070796460177 0.0943952802359882 0.07905604719764012
1 0.5032448377581121 0.2778761061946903 0.04129793510324484 0.040117994100294985
0 0.33716814159292036 0.26430678466076696 0.07846607669616519 0.04601769911504425
1 0.2327433628318584 0.2687315634218289 0.047787610619469026 0.03716814159292035
0 0.1215339233038348 0.2743362831858407 0.04365781710914454 0.07787610619469026
0 0.11091445427728613 0.4648967551622419 0.05309734513274336 0.04365781710914454
0 0.2654867256637168 0.4112094395280236 0.10147492625368731 0.0696165191740413
0 0.3805309734513274 0.4498525073746313 0.08141592920353982 0.1398230088495575
1 0.5056047197640118 0.3991150442477876 0.06017699115044248 0.052507374631268436
0 0.779646017699115 0.4247787610619469 0.043067846607669616 0.04365781710914454
0 0.6722713864306784 0.4592920353982301 0.10206489675516224 0.057227138643067846
0 0.5330383480825959 0.5203539823008849 0.05132743362831858 0.04365781710914454
0 0.1463126843657817 0.6 0.035398230088495575 0.049557522123893805
1 0.16902654867256636 0.6926253687315634 0.04424778761061947 0.040117994100294985
0 0.3268436578171091 0.615929203539823 0.0743362831858407 0.1486725663716814
0 0.4194690265486726 0.5976401179941003 0.1168141592920354 0.07551622418879056
0 0.6660766961651917 0.5640117994100295 0.10619469026548672 0.12743362831858407
0 0.7817109144542773 0.5557522123893806 0.03303834808259587 0.06135693215339233
0 0.771976401179941 0.6710914454277286 0.11976401179941003 0.10206489675516224
0 0.6884955752212389 0.6766961651917404 0.05073746312684366 0.06017699115044248
0 0.768141592920354 0.7861356932153393 0.1710914454277286 0.06548672566371681
0 0.5454277286135694 0.667551622418879 0.07256637168141593 0.07374631268436578
0 0.6519174041297935 0.787905604719764 0.05663716814159292 0.07728613569321534
0 0.11179941002949853 0.8221238938053097 0.04542772861356932 0.08200589970501475
0 0.2734513274336283 0.7206489675516224 0.032448377581120944 0.033628318584070796
1 0.2702064896755162 0.7696165191740413 0.03421828908554572 0.03480825958702065
0 0.42861356932153394 0.7651917404129793 0.11976401179941003 0.11327433628318584
0 0.38613569321533925 0.8539823008849557 0.11740412979351032 0.12684365781710916
0 0.5486725663716814 0.8371681415929203 0.08141592920353982 0.1392330383480826
