0 0.1410029498525074 0.143952802359882 0.0920353982300885 0.10383480825958702
0 0.3141592920353982 0.13185840707964602 0.1303834808259587 0.1480825958702065
0 0.512684365781711 0.11002949852507374 0.07551622418879056 0.15162241887905603
0 0.6595870206489676 0.12536873156342182 0.058997050147492625 0.20589970501474925
0 0.875221238938053 0.09587020648967551 0.15398230088495574 0.1079646017699115
0 0.14778761061946902 0.3135693215339233 0.08908554572271386 0.05014749262536873
0 0.3070796460176991 0.2766961651917404 0.033628318584070796 0.04129793510324484
0 0.5253687315634218 0.28525073746312685 0.15634218289085544 0.04896755162241888
0 0.6209439528023599 0.243952802359882 0.0607669616519174 0.07728613569321534
0 0.7896755162241887 0.24985250737463127 0.20235988200589972 0.0808259587020649
1 0.15545722713864307 0.40058997050147493 0.023008849557522124 0.04247787610619469
0 0.3268436578171091 0.4176991150442478 0.1958702064896755 0.08731563421828908
0 0.4126843657817109 0.4625368731563422 0.05368731563421829 0.11445427728613569
0 0.47640117994100295 0.41858407079646015 0.05958702064896755 0.05368731563421829
0 0.608259587020649 0.3952802359882006 0.08967551622418879 0.19823008849557522
0 0.7687315634218289 0.40766961651917405 0.09793510324483776 0.06135693215339233
0 0.12330383480825959 0.5088495575221239 0.13569321533923304 0.09616519174041298
1 0.24660766961651917 0.5616519174041298 0.02359882005899705 0.029498525073746312
0 0.41858407079646015 0.5392330383480826 0.08436578171091445 0.12625368731563422
1 0.5120943952802359 0.5176991150442478 0.04601769911504425 0.027728613569321534
1 0.6728613569321534 0.5634218289085545 0.032448377581120944 0.025958702064896755
0 0.7746312684365781 0.5513274336283186 0.08259587020648967 0.03952802359882006
0 0.10530973451327433 0.651622418879056 0.09970501474926254 0.17286135693215338
1 0.24985250737463127 0.6737463126843658 0.027728613569321534 0.027138643067846607
0 0.38436578171091446 0.6563421828908554 0.047787610619469026 0.12566371681415928
0 0.5029498525073747 0.6348082595870206 0.1893805309734513 0.06017699115044248
0 0.6300884955752213 0.6890855457227139 0.10147492625368731 0.1710914454277286
0 0.7519174041297935 0.7404129793510325 0.07256637168141593 0.17227138643067846
0 0.7460176991150442 0.6973451327433628 0.05486725663716814 0.04601769911504425
0 0.10117994100294986 0.7808259587020648 0.09852507374631268 0.17758112094395279
0 0.20147492625368732 0.7964601769911505 0.0855457227138643 0.1415929203539823
1 0.3303834808259587 0.8041297935103244 0.029498525073746312 0.03775811209439528
0 0.4631268436578171 0.8091445427728613 0.027138643067846607 0.07610619469026549
0 0.5761061946902655 0.8011799410029499 0.10324483775811209 0.11327433628318584
