1 0.1368731563421829 0.09144542772861357 0.03657817109144543 0.030678466076696165
1 0.30117994100294987 0.1191740412979351 0.02536873156342183 0.027138643067846607
1 0.47787610619469023 0.140117994100295 0.03185840707964602 0.03008849557522124
1 0.8150442477876106 0.17905604719764012 0.02536873156342183 0.032448377581120944
1 0.9421828908554573 0.1463126843657817 0.03185840707964602 0.01887905604719764
1 0.9348082595870206 0.3079646017699115 0.032448377581120944 0.027138643067846607
1 0.2887905604719764 0.4365781710914454 0.02654867256637168 0.029498525073746312
1 0.45132743362831856 0.44129793510324483 0.027138643067846607 0.022418879056047197
1 0.6283185840707964 0.463716814159292 0.027138643067846607 0.04129793510324484
0 0.1383480825958702 0.4604719764011799 0.03480825958702065 0.038348082595870206
1 0.7634218289085546 0.44129793510324483 0.025958702064896755 0.03421828908554572
1 0.9451327433628318 0.4592920353982301 0.03303834808259587 0.03126843657817109
0 0.12359882005899706 0.2976401179941003 0.047787610619469026 0.03952802359882006
0 0.3292035398230089 0.3047197640117994 0.03421828908554572 0.03952802359882006
0 0.45191740412979353 0.2825958702064897 0.04129793510324484 0.03303834808259587
0 0.6289085545722713 0.15486725663716813 0.029498525073746312 0.05014749262536873
0 0.6206489675516225 0.34100294985250734 0.03421828908554572 0.035398230088495575
0 0.7746312684365781 0.3200589970501475 0.03303834808259587 0.02536873156342183
0 0.13716814159292035 0.5634218289085545 0.028908554572271386 0.03775811209439528
0 0.29174041297935105 0.5976401179941003 0.03952802359882006 0.03421828908554572
1 0.4474926253687316 0.5805309734513274 0.0359882005899705 0.03185840707964602
1 0.6073746312684366 0.5805309734513274 0.028908554572271386 0.024778761061946902
1 0.7513274336283186 0.5914454277286135 0.027728613569321534 0.024188790560471976
0 0.9383480825958702 0.5876106194690265 0.03480825958702065 0.03303834808259587
0 0.9218289085545722 0.7061946902654868 0.04070796460176991 0.03303834808259587
0 0.7389380530973452 0.6932153392330384 0.038348082595870206 0.03185840707964602
0 0.6005899705014749 0.7412979351032448 0.027138643067846607 0.03126843657817109
0 0.4445427728613569 0.6731563421828909 0.033628318584070796 0.03775811209439528
1 0.2902654867256637 0.7017699115044248 0.03657817109144543 0.02182890855457227
1 0.1336283185840708 0.7058997050147493 0.024188790560471976 0.03952802359882006
0 0.30265486725663715 0.8581120943952802 0.025958702064896755 0.03716814159292035
0 0.1079646017699115 0.871976401179941 0.03303834808259587 0.030678466076696165
0 0.452212389380531 0.8678466076696165 0.03716814159292035 0.03893805309734513
0 0.5920353982300884 0.820353982300885 0.03008849557522124 0.04070796460176991
0 0.7519174041297935 0.8351032448377581 0.0359882005899705 0.047787610619469026
0 0.9315634218289085 0.8392330383480826 0.03421828908554572 0.04070796460176991
