1 0.06460176991150443 0.1463126843657817 0.02654867256637168 0.022418879056047197
1 0.2392330383480826 0.1480825958702065 0.02654867256637168 0.02359882005899705
1 0.37964601769911505 0.14513274336283186 0.03008849557522124 0.01887905604719764
1 0.5510324483775811 0.12566371681415928 0.03303834808259587 0.024778761061946902
1 0.7005899705014749 0.11769911504424779 0.024188790560471976 0.024188790560471976
1 0.8793510324483775 0.11297935103244838 0.032448377581120944 0.02064896755162242
1 0.8793510324483775 0.27640117994100294 0.03716814159292035 0.023008849557522124
1 0.7002949852507374 0.28525073746312685 0.029498525073746312 0.019469026548672566
1 0.543952802359882 0.2973451327433628 0.03657817109144543 0.02359882005899705
1 0.38436578171091446 0.3029498525073746 0.03952802359882006 0.02182890855457227
1 0.24513274336283186 0.29882005899705016 0.02654867256637168 0.024188790560471976
1 0.07079646017699115 0.3 0.029498525073746312 0.02182890855457227
1 0.06607669616519174 0.4498525073746313 0.024778761061946902 0.02064896755162242
1 0.23893805309734512 0.4469026548672566 0.03185840707964602 0.02536873156342183
1 0.39233038348082594 0.44542772861356933 0.03185840707964602 0.021238938053097345
1 0.5513274336283186 0.4424778761061947 0.033628318584070796 0.02359882005899705
1 0.7150442477876107 0.4389380530973451 0.029498525073746312 0.017699115044247787
1 0.876401179941003 0.4383480825958702 0.033628318584070796 0.025958702064896755
1 0.8743362831858407 0.5808259587020649 0.02831858407079646 0.03126843657817109
1 0.7156342182890856 0.5781710914454277 0.03303834808259587 0.025958702064896755
1 0.5528023598820059 0.5766961651917404 0.030678466076696165 0.02654867256637168
1 0.39144542772861357 0.5778761061946902 0.033628318584070796 0.024188790560471976
1 0.24867256637168142 0.5887905604719764 0.03480825958702065 0.01887905604719764
1 0.06342182890855458 0.5941002949852507 0.033628318584070796 0.029498525073746312
1 0.24660766961651917 0.7206489675516224 0.02831858407079646 0.027728613569321534
1 0.3943952802359882 0.7091445427728613 0.03480825958702065 0.025958702064896755
0 0.5513274336283186 0.7053097345132743 0.033628318584070796 0.02654867256637168
0 0.7100294985250737 0.7023598820058997 0.032448377581120944 0.02654867256637168
0 0.8684365781710914 0.7056047197640118 0.024778761061946902 0.03421828908554572
1 0.06165191740412979 0.7224188790560472 0.03008849557522124 0.03126843657817109
1 0.06342182890855458 0.8348082595870207 0.033628318584070796 0.01887905604719764
1 0.23303834808259588 0.8345132743362832 0.03421828908554572 0.019469026548672566
1 0.40530973451327434 0.8339233038348083 0.024778761061946902 0.02064896755162242
1 0.5542772861356932 0.8451327433628318 0.033628318584070796 0.02064896755162242
1 0.7262536873156342 0.8351032448377581 0.02831858407079646 0.03126843657817109
1 0.8696165191740413 0.8696165191740413 0.02359882005899705 0.03303834808259587
