0 0.23628318584070795 0.21799410029498525 0.18112094395280237 0.0607669616519174
0 0.3501474926253687 0.22123893805309736 0.05368731563421829 0.08731563421828908
0 0.45722713864306785 0.1607669616519174 0.08023598820058997 0.13392330383480827
0 0.6117994100294986 0.15663716814159293 0.12389380530973451 0.1351032448377581
0 0.8825958702064897 0.19144542772861356 0.06253687315634218 0.07374631268436578
0 0.22330383480825958 0.33303834808259586 0.12330383480825959 0.10324483775811209
0 0.31386430678466076 0.32536873156342183 0.0471976401179941 0.05604719764011799
0 0.4551622418879056 0.3345132743362832 0.07492625368731563 0.07669616519174041
0 0.564306784660767 0.2398230088495575 0.12920353982300886 0.11976401179941003
1 0.7297935103244838 0.22595870206489677 0.02831858407079646 0.04365781710914454
0 0.7265486725663717 0.2710914454277286 0.027728613569321534 0.038348082595870206
1 0.831858407079646 0.31032448377581123 0.03775811209439528 0.03775811209439528
0 0.8495575221238938 0.40825958702064896 0.03303834808259587 0.04837758112094395
0 0.6743362831858407 0.3828908554572271 0.07669616519174041 0.15103244837758112
0 0.5772861356932153 0.3943952802359882 0.12566371681415928 0.07374631268436578
0 0.2182890855457227 0.4463126843657817 0.03185840707964602 0.057227138643067846
0 0.33716814159292036 0.4486725663716814 0.10088495575221239 0.11386430678466077
0 0.4640117994100295 0.48112094395280236 0.04542772861356932 0.04070796460176991
0 0.21887905604719765 0.5722713864306784 0.03893805309734513 0.04601769911504425
0 0.328023598820059 0.5398230088495575 0.11091445427728613 0.05191740412979351
1 0.4905604719764012 0.6050147492625368 0.06312684365781711 0.03716814159292035
0 0.6271386430678466 0.5430678466076696 0.07669616519174041 0.15162241887905603
0 0.7247787610619469 0.587905604719764 0.09380530973451327 0.07846607669616519
0 0.8911504424778761 0.5351032448377581 0.052507374631268436 0.03657817109144543
0 0.8799410029498524 0.7224188790560472 0.04542772861356932 0.08200589970501475
1 0.7672566371681416 0.7294985250737464 0.047787610619469026 0.032448377581120944
0 0.6622418879056047 0.7359882005899705 0.07846607669616519 0.032448377581120944
1 0.4976401179941003 0.7185840707964601 0.038348082595870206 0.03657817109144543
0 0.3433628318584071 0.7404129793510325 0.0920353982300885 0.07669616519174041
0 0.23244837758112094 0.7575221238938052 0.11445427728613569 0.05309734513274336
0 0.2345132743362832 0.8292035398230089 0.06902654867256637 0.0808259587020649
0 0.3631268436578171 0.8616519174041298 0.11268436578171091 0.06430678466076696
0 0.5215339233038347 0.8631268436578171 0.12743362831858407 0.08731563421828908
0 0.6486725663716814 0.8908554572271387 0.043067846607669616 0.0471976401179941
0 0.7932153392330383 0.8451327433628318 0.07374631268436578 0.11622418879056047
0 0.8991150442477875 0.8814159292035398 0.04365781710914454 0.03421828908554572
