0 0.10029498525073746 0.1215339233038348 0.044837758112094395 0.03775811209439528
0 0.20383480825958702 0.1607669616519174 0.07846607669616519 0.10088495575221239
0 0.3525073746312684 0.1056047197640118 0.04896755162241888 0.05309734513274336
0 0.4846607669616519 0.1368731563421829 0.12920353982300886 0.07905604719764012
0 0.6333333333333333 0.14129793510324484 0.07256637168141593 0.09262536873156342
0 0.7657817109144542 0.17640117994100296 0.0696165191740413 0.0696165191740413
0 0.7887905604719764 0.2365781710914454 0.13097345132743363 0.04247787610619469
0 0.6566371681415929 0.2610619469026549 0.08967551622418879 0.06902654867256637
1 0.5032448377581121 0.28112094395280235 0.04247787610619469 0.038348082595870206
0 0.33657817109144544 0.2634218289085546 0.07374631268436578 0.04424778761061947
1 0.2327433628318584 0.2702064896755162 0.047787610619469026 0.03775811209439528
0 0.12123893805309735 0.2734513274336283 0.043067846607669616 0.07256637168141593
0 0.11386430678466077 0.4631268436578171 0.05073746312684366 0.03893805309734513
0 0.2696165191740413 0.41238938053097346 0.10265486725663717 0.0696165191740413
0 0.37787610619469025 0.4533923303834808 0.07020648967551622 0.1421828908554572
1 0.508259587020649 0.39469026548672564 0.05132743362831858 0.04365781710914454
0 0.6746312684365782 0.459882005899705 0.10442477876106195 0.0584070796460177
0 0.7784660766961652 0.4277286135693215 0.03716814159292035 0.04365781710914454
0 0.1471976401179941 0.5967551622418878 0.038348082595870206 0.05014749262536873
0 0.1528023598820059 0.6669616519174041 0.035398230088495575 0.057227138643067846
0 0.3014749262536873 0.6182890855457227 0.0743362831858407 0.1592920353982301
0 0.4150442477876106 0.6002949852507374 0.11032448377581121 0.07492625368731563
0 0.5342182890855457 0.5179941002949853 0.04896755162241888 0.04601769911504425
0 0.6592920353982301 0.5734513274336284 0.10678466076696165 0.11563421828908554
0 0.7808259587020648 0.5551622418879056 0.03716814159292035 0.049557522123893805
0 0.7687315634218289 0.6696165191740413 0.1215339233038348 0.09793510324483776
0 0.6876106194690266 0.6761061946902654 0.05014749262536873 0.054277286135693215
0 0.5436578171091445 0.664306784660767 0.07138643067846608 0.06607669616519174
0 0.27315634218289087 0.7294985250737464 0.03303834808259587 0.043067846607669616
0 0.11002949852507374 0.8253687315634218 0.04188790560471976 0.08967551622418879
1 0.2533923303834808 0.8410029498525073 0.038348082595870206 0.019469026548672566
0 0.4283185840707965 0.763716814159292 0.11799410029498525 0.11740412979351032
0 0.384070796460177 0.8433628318584071 0.12979351032448377 0.10678466076696165
0 0.5566371681415929 0.8477876106194691 0.06430678466076696 0.10501474926253687
0 0.6592920353982301 0.7873156342182891 0.057227138643067846 0.07020648967551622
0 0.7728613569321534 0.8 0.16991150442477876 0.058997050147492625
