1 0.10176991150442477 0.1495575221238938 0.023008849557522124 0.02064896755162242
1 0.2215339233038348 0.1504424778761062 0.028908554572271386 0.015339233038348082
1 0.3646017699115044 0.14424778761061946 0.029498525073746312 0.03008849557522124
1 0.5233038348082596 0.14513274336283186 0.035398230088495575 0.020058997050147492
1 0.6778761061946903 0.1336283185840708 0.03185840707964602 0.01592920353982301
1 0.8427728613569322 0.11563421828908554 0.033628318584070796 0.024778761061946902
1 0.8412979351032448 0.35870206489675516 0.030678466076696165 0.01887905604719764
1 0.6769911504424778 0.3430678466076696 0.033628318584070796 0.024188790560471976
1 0.515929203539823 0.347787610619469 0.03126843657817109 0.02182890855457227
1 0.371976401179941 0.32359882005899704 0.03716814159292035 0.02182890855457227
1 0.21799410029498525 0.32949852507374633 0.02536873156342183 0.01710914454277286
1 0.0976401179941003 0.33480825958702065 0.02536873156342183 0.023008849557522124
1 0.08672566371681416 0.47404129793510325 0.03303834808259587 0.02654867256637168
1 0.23539823008849559 0.47168141592920354 0.02359882005899705 0.018289085545722714
1 0.37905604719764013 0.5011799410029498 0.03008849557522124 0.03008849557522124
1 0.5348082595870206 0.5218289085545723 0.02536873156342183 0.024188790560471976
1 0.6867256637168142 0.5165191740412979 0.03185840707964602 0.02182890855457227
1 0.8421828908554572 0.512684365781711 0.043067846607669616 0.021238938053097345
1 0.8510324483775811 0.6324483775811209 0.03008849557522124 0.02359882005899705
1 0.6864306784660766 0.6286135693215339 0.032448377581120944 0.02536873156342183
1 0.5271386430678466 0.6292035398230088 0.03126843657817109 0.018289085545722714
1 0.38348082595870203 0.6383480825958702 0.030678466076696165 0.016519174041297935
1 0.24218289085545722 0.6179941002949852 0.023008849557522124 0.02064896755162242
1 0.09233038348082595 0.6176991150442478 0.03008849557522124 0.020058997050147492
1 0.10265486725663717 0.7616519174041297 0.029498525073746312 0.02831858407079646
1 0.24513274336283186 0.7672566371681416 0.032448377581120944 0.02064896755162242
1 0.39882005899705014 0.7663716814159292 0.040117994100294985 0.02359882005899705
1 0.5492625368731563 0.7746312684365781 0.03421828908554572 0.027138643067846607
1 0.7020648967551623 0.7734513274336283 0.030678466076696165 0.03657817109144543
1 0.8489675516224189 0.7784660766961652 0.03303834808259587 0.03480825958702065
1 0.10088495575221239 0.9029498525073746 0.027138643067846607 0.018289085545722714
1 0.2651917404129793 0.9053097345132743 0.027728613569321534 0.024188790560471976
1 0.4070796460176991 0.9138643067846608 0.027138643067846607 0.022418879056047197
1 0.5613569321533923 0.9132743362831859 0.027728613569321534 0.017699115044247787
1 0.7103244837758111 0.9132743362831859 0.03421828908554572 0.03657817109144543
1 0.8687315634218289 0.8997050147492626 0.032448377581120944 0.027138643067846607
