1 0.1359882005899705 0.13097345132743363 0.027728613569321534 0.03185840707964602
1 0.2778761061946903 0.16519174041297935 0.03303834808259587 0.029498525073746312
1 0.44660766961651915 0.15221238938053097 0.03657817109144543 0.022418879056047197
1 0.5941002949852507 0.16696165191740414 0.03303834808259587 0.030678466076696165
1 0.7687315634218289 0.16578171091445426 0.03303834808259587 0.022418879056047197
1 0.9374631268436578 0.16578171091445426 0.03893805309734513 0.02359882005899705
1 0.13303834808259588 0.29557522123893804 0.02064896755162242 0.035398230088495575
1 0.29321533923303833 0.3008849557522124 0.03657817109144543 0.02359882005899705
1 0.44896755162241886 0.29882005899705016 0.03303834808259587 0.02182890855457227
1 0.6047197640117994 0.29321533923303833 0.030678466076696165 0.020058997050147492
1 0.7572271386430678 0.28023598820059 0.038348082595870206 0.030678466076696165
1 0.9359882005899705 0.2778761061946903 0.0359882005899705 0.022418879056047197
1 0.12418879056047197 0.4182890855457227 0.032448377581120944 0.029498525073746312
1 0.28938053097345134 0.4206489675516224 0.04188790560471976 0.021238938053097345
1 0.4480825958702065 0.4215339233038348 0.03126843657817109 0.02182890855457227
1 0.6056047197640118 0.4200589970501475 0.03952802359882006 0.025958702064896755
1 0.7489675516224189 0.41238938053097346 0.028908554572271386 0.022418879056047197
1 0.9327433628318584 0.40353982300884955 0.02831858407079646 0.02359882005899705
1 0.9362831858407079 0.5504424778761062 0.02831858407079646 0.024778761061946902
1 0.7566371681415929 0.5519174041297935 0.032448377581120944 0.02536873156342183
1 0.6091445427728613 0.5539823008849557 0.02536873156342183 0.022418879056047197
1 0.4471976401179941 0.5581120943952802 0.03303834808259587 0.01887905604719764
1 0.28584070796460176 0.5616519174041298 0.032448377581120944 0.022418879056047197
1 0.12507374631268436 0.5628318584070796 0.030678466076696165 0.01887905604719764
1 0.12123893805309735 0.7256637168141593 0.03126843657817109 0.024778761061946902
1 0.2982300884955752 0.7188790560471976 0.03126843657817109 0.02182890855457227
1 0.45368731563421827 0.7005899705014749 0.04601769911504425 0.028908554572271386
1 0.6135693215339233 0.6985250737463127 0.03775811209439528 0.02359882005899705
1 0.7545722713864307 0.7029498525073746 0.02831858407079646 0.024188790560471976
1 0.928023598820059 0.6985250737463127 0.029498525073746312 0.027138643067846607
1 0.9374631268436578 0.8560471976401179 0.024778761061946902 0.02359882005899705
1 0.7604719764011799 0.8519174041297934 0.03303834808259587 0.024778761061946902
1 0.6227138643067847 0.8542772861356932 0.03126843657817109 0.027138643067846607
1 0.45073746312684365 0.8746312684365781 0.027138643067846607 0.02182890855457227
1 0.29793510324483774 0.8823008849557522 0.029498525073746312 0.02654867256637168
1 0.12271386430678466 0.8887905604719764 0.03185840707964602 0.02654867256637168
