0 0.2542772861356932 0.25250737463126843 0.06607669616519174 0.16519174041297935
0 0.2510324483775811 0.29852507374631265 0.0584070796460177 0.04601769911504425
0 0.42359882005899707 0.21061946902654866 0.09793510324483776 0.13097345132743363
0 0.37669616519174043 0.3088495575221239 0.09498525073746313 0.17286135693215338
0 0.5412979351032449 0.19233038348082596 0.03480825958702065 0.08023598820058997
1 0.6705014749262537 0.1958702064896755 0.03008849557522124 0.02831858407079646
0 0.7985250737463127 0.19941002949852507 0.08436578171091445 0.15575221238938053
0 0.9002949852507375 0.22271386430678466 0.10973451327433628 0.1823008849557522
0 0.8926253687315634 0.3616519174041298 0.1168141592920354 0.15339233038348082
1 0.7519174041297935 0.3230088495575221 0.03008849557522124 0.027728613569321534
0 0.6150442477876106 0.3430678466076696 0.0584070796460177 0.12448377581120944
0 0.4988200589970501 0.36047197640117995 0.1893805309734513 0.05073746312684366
0 0.22418879056047197 0.44424778761061945 0.08731563421828908 0.040117994100294985
1 0.3250737463126844 0.44011799410029495 0.03657817109144543 0.025958702064896755
1 0.4855457227138643 0.4790560471976401 0.044837758112094395 0.029498525073746312
0 0.5811209439528023 0.4557522123893805 0.0920353982300885 0.13156342182890857
0 0.7498525073746313 0.4383480825958702 0.027138643067846607 0.03303834808259587
0 0.8846607669616519 0.4941002949852507 0.13156342182890857 0.08200589970501475
1 0.8407079646017699 0.5997050147492625 0.021238938053097345 0.038348082595870206
0 0.6749262536873156 0.5852507374631268 0.18761061946902655 0.0920353982300885
0 0.591740412979351 0.5383480825958702 0.06253687315634218 0.11858407079646018
0 0.5227138643067847 0.5849557522123894 0.05545722713864307 0.038348082595870206
0 0.38849557522123895 0.6023598820058997 0.10442477876106195 0.18761061946902655
0 0.22772861356932153 0.5949852507374631 0.08495575221238938 0.04424778761061947
0 0.215929203539823 0.7507374631268436 0.20412979351032448 0.07728613569321534
0 0.38082595870206487 0.7498525073746313 0.061946902654867256 0.10265486725663717
0 0.4761061946902655 0.7185840707964601 0.15575221238938053 0.05191740412979351
0 0.6882005899705015 0.7176991150442478 0.033628318584070796 0.04424778761061947
0 0.8530973451327434 0.6843657817109144 0.09321533923303835 0.05545722713864307
0 0.8542772861356932 0.855457227138643 0.10737463126843658 0.10973451327433628
0 0.6926253687315634 0.887905604719764 0.15221238938053097 0.12625368731563422
0 0.48849557522123893 0.8864306784660767 0.07669616519174041 0.15752212389380532
0 0.33952802359882006 0.8725663716814159 0.06784660766961652 0.21002949852507374
0 0.12448377581120944 0.9165191740412979 0.14041297935103245 0.09970501474926254
