0 0.11710914454277285 0.05398230088495575 0.05014749262536873 0.09026548672566372
0 0.25899705014749264 0.05781710914454277 0.058997050147492625 0.05545722713864307
0 0.40353982300884955 0.0696165191740413 0.049557522123893805 0.071976401179941
0 0.6672566371681415 0.061946902654867256 0.11799410029498525 0.04129793510324484
1 0.5377581120943953 0.11740412979351032 0.03480825958702065 0.03775811209439528
0 0.8589970501474926 0.22772861356932153 0.06489675516224189 0.04365781710914454
0 0.8560471976401179 0.0935103244837758 0.04365781710914454 0.028908554572271386
0 0.7053097345132743 0.2271386430678466 0.04660766961651917 0.054277286135693215
0 0.5312684365781711 0.25545722713864305 0.05604719764011799 0.06253687315634218
0 0.37168141592920356 0.184070796460177 0.12743362831858407 0.04365781710914454
0 0.24365781710914453 0.18200589970501474 0.044837758112094395 0.05486725663716814
0 0.11769911504424779 0.2368731563421829 0.057227138643067846 0.0808259587020649
0 0.12979351032448377 0.31563421828908556 0.04365781710914454 0.07905604719764012
0 0.22330383480825958 0.3094395280235988 0.04660766961651917 0.11740412979351032
0 0.36342182890855457 0.3663716814159292 0.06371681415929203 0.10737463126843658
0 0.5380530973451327 0.32359882005899704 0.07551622418879056 0.0584070796460177
0 0.6867256637168142 0.3734513274336283 0.049557522123893805 0.04837758112094395
1 0.8746312684365781 0.3799410029498525 0.047787610619469026 0.058997050147492625
0 0.8474926253687316 0.5138643067846608 0.03716814159292035 0.08849557522123894
0 0.6967551622418879 0.5150442477876106 0.04601769911504425 0.08377581120943953
0 0.5274336283185841 0.46696165191740413 0.05545722713864307 0.06312684365781711
0 0.36106194690265486 0.45958702064896756 0.049557522123893805 0.04247787610619469
0 0.12920353982300886 0.524188790560472 0.04365781710914454 0.04424778761061947
0 0.22271386430678466 0.552212389380531 0.061946902654867256 0.10029498525073746
0 0.12448377581120944 0.6811209439528023 0.049557522123893805 0.14690265486725662
0 0.212094395280236 0.692330383480826 0.05368731563421829 0.1079646017699115
0 0.3743362831858407 0.6799410029498525 0.047787610619469026 0.08672566371681416
0 0.5117994100294985 0.6044247787610619 0.043067846607669616 0.05958702064896755
0 0.6855457227138643 0.6224188790560472 0.04247787610619469 0.054277286135693215
0 0.8563421828908554 0.6345132743362831 0.04896755162241888 0.057227138643067846
0 0.8412979351032448 0.8168141592920354 0.06253687315634218 0.052507374631268436
0 0.7014749262536873 0.8436578171091446 0.07669616519174041 0.07669616519174041
0 0.5023598820058996 0.7699115044247787 0.05604719764011799 0.06371681415929203
0 0.3710914454277286 0.7820058997050148 0.040117994100294985 0.07610619469026549
0 0.22861356932153393 0.8289085545722714 0.03716814159292035 0.09911504424778761
0 0.1398230088495575 0.8070796460176991 0.08731563421828908 0.05545722713864307
