0 0.1528023598820059 0.18200589970501474 0.06371681415929203 0.061946902654867256
0 0.29882005899705016 0.16460176991150444 0.09026548672566372 0.0696165191740413
0 0.4935103244837758 0.21769911504424777 0.057227138643067846 0.06017699115044248
0 0.6306784660766962 0.21769911504424777 0.04601769911504425 0.08731563421828908
0 0.8014749262536873 0.17345132743362832 0.0855457227138643 0.08259587020648967
0 0.8684365781710914 0.19321533923303835 0.07669616519174041 0.04896755162241888
0 0.9188790560471977 0.3454277286135693 0.11740412979351032 0.14454277286135692
0 0.7737463126843658 0.31799410029498526 0.05014749262536873 0.10973451327433628
0 0.6374631268436578 0.30914454277286135 0.0607669616519174 0.05781710914454277
0 0.14837758112094396 0.37551622418879055 0.04070796460176991 0.05132743362831858
0 0.3209439528023599 0.37168141592920356 0.058997050147492625 0.06253687315634218
0 0.5070796460176991 0.3997050147492625 0.05486725663716814 0.05604719764011799
0 0.1528023598820059 0.4887905604719764 0.04837758112094395 0.07020648967551622
0 0.3053097345132743 0.487905604719764 0.0359882005899705 0.09085545722713864
0 0.4702064896755162 0.5292035398230088 0.0471976401179941 0.06843657817109144
0 0.6389380530973451 0.5342182890855457 0.049557522123893805 0.04542772861356932
0 0.7935103244837758 0.45309734513274336 0.07787610619469026 0.10383480825958702
0 0.8663716814159292 0.47109144542772863 0.08200589970501475 0.08200589970501475
1 0.13569321533923304 0.623598820058997 0.03893805309734513 0.06017699115044248
0 0.31150442477876106 0.6466076696165192 0.05309734513274336 0.07315634218289085
0 0.45250737463126844 0.6646017699115044 0.071976401179941 0.04542772861356932
0 0.6407079646017699 0.6262536873156342 0.05781710914454277 0.10442477876106195
0 0.8032448377581121 0.7088495575221239 0.0808259587020649 0.11150442477876106
0 0.8802359882005899 0.6743362831858407 0.05073746312684366 0.06253687315634218
0 0.8831858407079646 0.7705014749262536 0.07079646017699115 0.058997050147492625
0 0.8831858407079646 0.9436578171091445 0.0696165191740413 0.09026548672566372
0 0.7572271386430678 0.8094395280235989 0.061946902654867256 0.04129793510324484
0 0.6595870206489676 0.8280235988200589 0.11327433628318584 0.07020648967551622
0 0.4772861356932153 0.7392330383480826 0.09085545722713864 0.05781710914454277
0 0.30501474926253686 0.7787610619469026 0.07551622418879056 0.04247787610619469
0 0.13805309734513274 0.7781710914454277 0.06489675516224189 0.06489675516224189
0 0.15162241887905603 0.8997050147492626 0.03775811209439528 0.03657817109144543
0 0.34100294985250734 0.9504424778761061 0.08613569321533923 0.04129793510324484
0 0.4672566371681416 0.8811209439528024 0.03775811209439528 0.038348082595870206
0 0.5905604719764012 0.9474926253687316 0.058997050147492625 0.05781710914454277
0 0.7572271386430678 0.9646017699115044 0.08200589970501475 0.05663716814159292
