1 0.13805309734513274 0.09911504424778761 0.04247787610619469 0.030678466076696165
1 0.2991150442477876 0.1200589970501475 0.03303834808259587 0.02654867256637168
0 0.4772861356932153 0.12507374631268436 0.025958702064896755 0.02831858407079646
0 0.6286135693215339 0.15309734513274337 0.03480825958702065 0.04070796460176991
0 0.7858407079646017 0.17699115044247787 0.024778761061946902 0.027138643067846607
1 0.9368731563421828 0.1448377581120944 0.02831858407079646 0.023008849557522124
1 0.12536873156342182 0.2902654867256637 0.03126843657817109 0.03421828908554572
0 0.31799410029498526 0.3014749262536873 0.029498525073746312 0.040117994100294985
0 0.45191740412979353 0.2766961651917404 0.04129793510324484 0.029498525073746312
0 0.61976401179941 0.33244837758112095 0.03716814159292035 0.03480825958702065
0 0.7678466076696165 0.30737463126843656 0.024188790560471976 0.024778761061946902
1 0.9265486725663716 0.3035398230088496 0.032448377581120944 0.02536873156342183
1 0.935693215339233 0.45309734513274336 0.025958702064896755 0.022418879056047197
0 0.7651917404129793 0.43539823008849554 0.03185840707964602 0.035398230088495575
0 0.6179941002949852 0.46017699115044247 0.032448377581120944 0.040117994100294985
1 0.4480825958702065 0.4415929203539823 0.03126843657817109 0.02182890855457227
1 0.2849557522123894 0.43716814159292033 0.027138643067846607 0.020058997050147492
0 0.13156342182890857 0.46283185840707963 0.029498525073746312 0.03480825958702065
0 0.140117994100295 0.5563421828908555 0.028908554572271386 0.040117994100294985
0 0.28908554572271383 0.5964601769911504 0.03303834808259587 0.04129793510324484
1 0.45014749262536874 0.5778761061946902 0.030678466076696165 0.02654867256637168
1 0.6056047197640118 0.5769911504424778 0.033628318584070796 0.017699115044247787
1 0.7495575221238938 0.5870206489675516 0.033628318584070796 0.021238938053097345
0 0.9407079646017699 0.6126843657817109 0.033628318584070796 0.027728613569321534
0 0.9238938053097345 0.6973451327433628 0.040117994100294985 0.03185840707964602
0 0.7395280235988201 0.687905604719764 0.03952802359882006 0.027138643067846607
1 0.4430678466076696 0.6899705014749262 0.03185840707964602 0.04188790560471976
1 0.29056047197640117 0.6988200589970501 0.03480825958702065 0.019469026548672566
1 0.13451327433628318 0.7017699115044248 0.029498525073746312 0.03716814159292035
0 0.10294985250737462 0.8817109144542773 0.03480825958702065 0.027728613569321534
0 0.3023598820058997 0.8587020648967552 0.03008849557522124 0.04070796460176991
0 0.456047197640118 0.8654867256637168 0.03657817109144543 0.03657817109144543
1 0.5890855457227139 0.8215339233038348 0.03480825958702065 0.033628318584070796
1 0.7628318584070797 0.8306784660766962 0.021238938053097345 0.02831858407079646
1 0.9250737463126844 0.8386430678466077 0.03421828908554572 0.024188790560471976
0 0.6044247787610619 0.7392330383480826 0.03480825958702065 0.03303834808259587
