0 0.25781710914454276 0.2536873156342183 0.07551622418879056 0.16991150442477876
0 0.2557522123893805 0.3005899705014749 0.04542772861356932 0.047787610619469026
0 0.42920353982300885 0.20442477876106194 0.10914454277286136 0.12330383480825959
0 0.3728613569321534 0.3123893805309734 0.10265486725663717 0.16696165191740414
0 0.5002949852507375 0.3631268436578171 0.1911504424778761 0.05486725663716814
0 0.6218289085545723 0.34041297935103243 0.05545722713864307 0.1215339233038348
0 0.5418879056047198 0.1902654867256637 0.04542772861356932 0.07728613569321534
1 0.6731563421828909 0.1935103244837758 0.025958702064896755 0.02359882005899705
0 0.791740412979351 0.18525073746312684 0.071976401179941 0.1392330383480826
1 0.7533923303834809 0.32271386430678467 0.025958702064896755 0.027138643067846607
1 0.7548672566371681 0.4392330383480826 0.02536873156342183 0.03126843657817109
0 0.8982300884955752 0.21946902654867256 0.09852507374631268 0.18525073746312684
0 0.9011799410029498 0.3430678466076696 0.12094395280235988 0.17522123893805308
0 0.22772861356932153 0.44660766961651915 0.08495575221238938 0.035398230088495575
1 0.32595870206489674 0.4407079646017699 0.03480825958702065 0.030678466076696165
1 0.4861356932153392 0.47935103244837757 0.044837758112094395 0.02064896755162242
0 0.5843657817109145 0.4551622418879056 0.09026548672566372 0.1327433628318584
0 0.8805309734513275 0.49557522123893805 0.11622418879056047 0.08849557522123894
0 0.23008849557522124 0.5864306784660767 0.07669616519174041 0.04601769911504425
0 0.39646017699115044 0.6032448377581121 0.08613569321533923 0.1929203539823009
0 0.5262536873156343 0.5825958702064896 0.05191740412979351 0.028908554572271386
0 0.5914454277286135 0.532448377581121 0.052507374631268436 0.11976401179941003
0 0.6707964601769911 0.5849557522123894 0.1911504424778761 0.0831858407079646
1 0.8448377581120944 0.5976401179941003 0.01887905604719764 0.044837758112094395
0 0.21415929203539824 0.747787610619469 0.19469026548672566 0.07728613569321534
0 0.33539823008849556 0.8775811209439528 0.07374631268436578 0.20589970501474925
0 0.38200589970501475 0.7513274336283186 0.05958702064896755 0.10678466076696165
0 0.46991150442477875 0.7188790560471976 0.1528023598820059 0.04542772861356932
0 0.6941002949852507 0.716519174041298 0.04424778761061947 0.05604719764011799
0 0.8501474926253687 0.679646017699115 0.09911504424778761 0.05663716814159292
0 0.12625368731563422 0.9168141592920354 0.14749262536873156 0.0920353982300885
0 0.49321533923303834 0.8867256637168142 0.08141592920353982 0.15339233038348082
0 0.6997050147492625 0.8855457227138643 0.143952802359882 0.1168141592920354
0 0.8669616519174042 0.859882005899705 0.11504424778761062 0.10206489675516224
