1 0.11002949852507374 0.10501474926253687 0.03480825958702065 0.024778761061946902
1 0.25309734513274335 0.10088495575221239 0.03303834808259587 0.020058997050147492
1 0.39941002949852505 0.10884955752212389 0.035398230088495575 0.02654867256637168
1 0.5427728613569321 0.10973451327433628 0.04365781710914454 0.022418879056047197
1 0.7117994100294985 0.11740412979351032 0.03716814159292035 0.02359882005899705
1 0.8572271386430679 0.12448377581120944 0.03421828908554572 0.021238938053097345
1 0.8595870206489675 0.23215339233038348 0.03421828908554572 0.03008849557522124
1 0.7023598820058997 0.22979351032448378 0.033628318584070796 0.023008849557522124
1 0.5436578171091445 0.23067846607669618 0.033628318584070796 0.020058997050147492
1 0.3958702064896755 0.2294985250737463 0.03421828908554572 0.01887905604719764
1 0.24601769911504423 0.22654867256637168 0.029498525073746312 0.020058997050147492
1 0.12123893805309735 0.22654867256637168 0.028908554572271386 0.02359882005899705
1 0.12389380530973451 0.3687315634218289 0.029498525073746312 0.022418879056047197
1 0.2351032448377581 0.359882005899705 0.0359882005899705 0.024778761061946902
1 0.3702064896755162 0.3696165191740413 0.033628318584070796 0.02064896755162242
1 0.5463126843657817 0.36843657817109143 0.040117994100294985 0.024188790560471976
1 0.6908554572271386 0.3613569321533923 0.03421828908554572 0.027728613569321534
1 0.8657817109144542 0.3752212389380531 0.043067846607669616 0.022418879056047197
1 0.8545722713864307 0.4935103244837758 0.03716814159292035 0.02654867256637168
1 0.7008849557522123 0.49498525073746313 0.03657817109144543 0.017699115044247787
1 0.5454277286135694 0.4970501474926254 0.0359882005899705 0.02654867256637168
1 0.3693215339233038 0.5047197640117994 0.03185840707964602 0.02182890855457227
1 0.23569321533923304 0.5250737463126843 0.03480825958702065 0.024778761061946902
1 0.12064896755162241 0.5297935103244837 0.03008849557522124 0.03185840707964602
1 0.11415929203539824 0.6634218289085546 0.024188790560471976 0.023008849557522124
1 0.23303834808259588 0.6666666666666666 0.03185840707964602 0.01887905604719764
1 0.3687315634218289 0.6654867256637168 0.030678466076696165 0.02359882005899705
1 0.5283185840707965 0.663126843657817 0.033628318584070796 0.022418879056047197
1 0.6926253687315634 0.6581120943952802 0.03657817109144543 0.027728613569321534
1 0.8545722713864307 0.6601769911504425 0.043067846607669616 0.03657817109144543
1 0.8504424778761062 0.8103244837758112 0.032448377581120944 0.02536873156342183
1 0.692330383480826 0.8041297935103244 0.03716814159292035 0.022418879056047197
1 0.5120943952802359 0.8153392330383481 0.03775811209439528 0.02359882005899705
1 0.371976401179941 0.8141592920353982 0.03952802359882006 0.024778761061946902
1 0.2359882005899705 0.8097345132743363 0.03893805309734513 0.024188790560471976
1 0.1224188790560472 0.8056047197640118 0.033628318584070796 0.018289085545722714
