0 0.10235988200589971 0.11946902654867256 0.03716814159292035 0.03126843657817109
0 0.20058997050147492 0.15722713864306784 0.071976401179941 0.09970501474926254
0 0.3528023598820059 0.10825958702064897 0.04365781710914454 0.05132743362831858
0 0.48289085545722715 0.13775811209439529 0.12684365781710916 0.07846607669616519
0 0.6309734513274337 0.1374631268436578 0.07374631268436578 0.09911504424778761
0 0.7660766961651917 0.17669616519174042 0.07020648967551622 0.08790560471976401
0 0.1135693215339233 0.2710914454277286 0.04424778761061947 0.07020648967551622
1 0.2312684365781711 0.2657817109144543 0.04837758112094395 0.03716814159292035
0 0.34365781710914456 0.2654867256637168 0.07610619469026549 0.03893805309734513
1 0.5014749262536873 0.2775811209439528 0.03657817109144543 0.03716814159292035
0 0.6610619469026549 0.26312684365781713 0.09380530973451327 0.06371681415929203
0 0.772566371681416 0.23952802359882006 0.11032448377581121 0.05309734513274336
0 0.7787610619469026 0.42389380530973453 0.03893805309734513 0.04542772861356932
0 0.6696165191740413 0.46106194690265484 0.09911504424778761 0.061946902654867256
1 0.5053097345132743 0.4 0.047787610619469026 0.04837758112094395
0 0.26489675516224187 0.4073746312684366 0.10265486725663717 0.0607669616519174
0 0.38023598820058996 0.4545722713864307 0.07020648967551622 0.1398230088495575
1 0.10324483775811209 0.456047197640118 0.05191740412979351 0.04601769911504425
0 0.1463126843657817 0.5961651917404129 0.03657817109144543 0.04188790560471976
1 0.15339233038348082 0.6687315634218289 0.03775811209439528 0.05604719764011799
0 0.3023598820058997 0.6176991150442478 0.07728613569321534 0.15339233038348082
0 0.4103244837758112 0.6023598820058997 0.09970501474926254 0.07669616519174041
0 0.271976401179941 0.7268436578171091 0.03657817109144543 0.03657817109144543
0 0.11209439528023599 0.8289085545722714 0.04247787610619469 0.08023598820058997
1 0.25309734513274335 0.8398230088495575 0.03303834808259587 0.02182890855457227
0 0.5380530973451327 0.5168141592920354 0.05191740412979351 0.04601769911504425
0 0.7814159292035399 0.5525073746312684 0.03126843657817109 0.05014749262536873
0 0.6607669616519174 0.5728613569321533 0.12507374631268436 0.11091445427728613
0 0.5469026548672566 0.6678466076696166 0.07669616519174041 0.06135693215339233
0 0.43156342182890856 0.7663716814159292 0.11976401179941003 0.11209439528023599
0 0.3823008849557522 0.851622418879056 0.12625368731563422 0.11268436578171091
0 0.5581120943952802 0.8392330383480826 0.06371681415929203 0.11268436578171091
0 0.6575221238938053 0.787905604719764 0.0607669616519174 0.07374631268436578
0 0.6890855457227139 0.6755162241887905 0.05073746312684366 0.06017699115044248
0 0.771386430678466 0.6663716814159292 0.11268436578171091 0.1056047197640118
0 0.7787610619469026 0.8 0.16283185840707964 0.06135693215339233
