1 0.09941002949852507 0.14513274336283186 0.023008849557522124 0.029498525073746312
1 0.22241887905604718 0.1486725663716814 0.02359882005899705 0.022418879056047197
1 0.36194690265486723 0.14749262536873156 0.02654867256637168 0.02831858407079646
1 0.5268436578171092 0.1392330383480826 0.03775811209439528 0.022418879056047197
1 0.6764011799410029 0.13333333333333333 0.032448377581120944 0.022418879056047197
0 0.8466076696165191 0.12507374631268436 0.04129793510324484 0.03775811209439528
1 0.09026548672566372 0.471976401179941 0.029498525073746312 0.029498525073746312
1 0.09823008849557521 0.3345132743362832 0.033628318584070796 0.022418879056047197
1 0.2168141592920354 0.3297935103244838 0.03480825958702065 0.02359882005899705
1 0.375811209439528 0.3247787610619469 0.02831858407079646 0.023008849557522124
1 0.5150442477876106 0.3542772861356932 0.025958702064896755 0.02182890855457227
1 0.6781710914454278 0.34601769911504426 0.03008849557522124 0.03008849557522124
1 0.8424778761061946 0.36194690265486723 0.03303834808259587 0.027728613569321534
1 0.2359882005899705 0.47109144542772863 0.025958702064896755 0.02182890855457227
1 0.3828908554572271 0.4988200589970501 0.02831858407079646 0.028908554572271386
1 0.5342182890855457 0.5244837758112094 0.032448377581120944 0.02359882005899705
1 0.6861356932153392 0.5112094395280236 0.029498525073746312 0.03126843657817109
1 0.8392330383480826 0.5165191740412979 0.0359882005899705 0.023008849557522124
1 0.8477876106194691 0.631858407079646 0.03421828908554572 0.027138643067846607
1 0.684070796460177 0.6292035398230088 0.033628318584070796 0.02536873156342183
1 0.5265486725663717 0.6253687315634218 0.03480825958702065 0.02359882005899705
1 0.3846607669616519 0.640117994100295 0.03303834808259587 0.027138643067846607
1 0.24041297935103245 0.6182890855457227 0.02654867256637168 0.020058997050147492
1 0.09587020648967551 0.6191740412979351 0.028908554572271386 0.023008849557522124
1 0.10029498525073746 0.7610619469026548 0.03303834808259587 0.022418879056047197
1 0.24513274336283186 0.7654867256637168 0.03480825958702065 0.02654867256637168
1 0.3958702064896755 0.7657817109144542 0.03303834808259587 0.029498525073746312
1 0.5480825958702065 0.7707964601769911 0.03657817109144543 0.028908554572271386
1 0.6985250737463127 0.7746312684365781 0.03421828908554572 0.029498525073746312
1 0.8504424778761062 0.7784660766961652 0.032448377581120944 0.03008849557522124
1 0.871976401179941 0.8873156342182891 0.03185840707964602 0.03185840707964602
1 0.7088495575221239 0.9058997050147493 0.03480825958702065 0.03126843657817109
1 0.5619469026548672 0.9138643067846608 0.03126843657817109 0.02831858407079646
1 0.4032448377581121 0.9126843657817109 0.02654867256637168 0.02831858407079646
1 0.26755162241887903 0.9017699115044248 0.028908554572271386 0.033628318584070796
1 0.10501474926253687 0.9035398230088495 0.03185840707964602 0.019469026548672566
