1 0.06548672566371681 0.14513274336283186 0.035398230088495575 0.017699115044247787
1 0.2398230088495575 0.14778761061946902 0.028908554572271386 0.023008849557522124
1 0.38259587020648966 0.14454277286135692 0.038348082595870206 0.01887905604719764
1 0.5530973451327433 0.12271386430678466 0.028908554572271386 0.02831858407079646
1 0.7047197640117994 0.11799410029498525 0.032448377581120944 0.029498525073746312
1 0.8761061946902655 0.10884955752212389 0.03303834808259587 0.02064896755162242
1 0.8758112094395281 0.2705014749262537 0.03952802359882006 0.02182890855457227
1 0.7 0.28348082595870205 0.03716814159292035 0.023008849557522124
1 0.547787610619469 0.3005899705014749 0.032448377581120944 0.023008849557522124
1 0.38672566371681416 0.3017699115044248 0.032448377581120944 0.02182890855457227
1 0.24218289085545722 0.2976401179941003 0.023008849557522124 0.02654867256637168
1 0.07168141592920355 0.3008849557522124 0.03126843657817109 0.020058997050147492
1 0.06607669616519174 0.44955752212389377 0.02831858407079646 0.02359882005899705
1 0.2398230088495575 0.44778761061946903 0.03008849557522124 0.03185840707964602
1 0.39085545722713866 0.44660766961651915 0.03126843657817109 0.030678466076696165
1 0.5501474926253688 0.443952802359882 0.02536873156342183 0.02654867256637168
1 0.7141592920353982 0.44277286135693217 0.02536873156342183 0.023008849557522124
1 0.8758112094395281 0.4415929203539823 0.03126843657817109 0.02654867256637168
1 0.8769911504424779 0.5811209439528023 0.03480825958702065 0.025958702064896755
1 0.7147492625368731 0.5764011799410029 0.027728613569321534 0.021238938053097345
1 0.5513274336283186 0.5787610619469027 0.02536873156342183 0.015339233038348082
1 0.3943952802359882 0.5781710914454277 0.028908554572271386 0.017699115044247787
1 0.25132743362831855 0.5882005899705015 0.03185840707964602 0.025958702064896755
1 0.06548672566371681 0.5952802359882006 0.035398230088495575 0.03185840707964602
1 0.06666666666666667 0.7194690265486725 0.03657817109144543 0.028908554572271386
1 0.243952802359882 0.7212389380530974 0.03008849557522124 0.02654867256637168
1 0.39705014749262535 0.7053097345132743 0.03303834808259587 0.023008849557522124
1 0.5513274336283186 0.7008849557522123 0.032448377581120944 0.024778761061946902
1 0.707669616519174 0.7002949852507374 0.027728613569321534 0.021238938053097345
1 0.8631268436578171 0.7053097345132743 0.022418879056047197 0.0359882005899705
1 0.8684365781710914 0.8690265486725663 0.020058997050147492 0.03657817109144543
1 0.7241887905604719 0.8368731563421828 0.02536873156342183 0.028908554572271386
1 0.5539823008849557 0.8474926253687316 0.03303834808259587 0.02064896755162242
1 0.40412979351032446 0.8330383480825958 0.025958702064896755 0.02359882005899705
1 0.23097345132743363 0.8345132743362832 0.03716814159292035 0.014749262536873156
1 0.06607669616519174 0.8345132743362832 0.030678466076696165 0.019469026548672566
