0 0.22566371681415928 0.17256637168141592 0.07138643067846608 0.06548672566371681
0 0.3693215339233038 0.14365781710914455 0.07315634218289085 0.08672566371681416
0 0.5165191740412979 0.14041297935103245 0.1327433628318584 0.08141592920353982
0 0.6507374631268437 0.10825958702064897 0.035398230088495575 0.04424778761061947
0 0.7979351032448377 0.15545722713864307 0.07728613569321534 0.0831858407079646
0 0.8941002949852507 0.11887905604719765 0.032448377581120944 0.043067846607669616
0 0.8843657817109144 0.271976401179941 0.071976401179941 0.06135693215339233
0 0.7622418879056048 0.26755162241887903 0.05309734513274336 0.04070796460176991
0 0.6563421828908554 0.2687315634218289 0.07374631268436578 0.03716814159292035
0 0.5011799410029498 0.27817109144542773 0.04424778761061947 0.04188790560471976
0 0.33244837758112095 0.2563421828908555 0.08436578171091445 0.06784660766961652
0 0.21179941002949854 0.23716814159292035 0.1215339233038348 0.054277286135693215
0 0.21976401179941002 0.4265486725663717 0.03716814159292035 0.04247787610619469
0 0.33126843657817107 0.4592920353982301 0.09734513274336283 0.06430678466076696
1 0.49144542772861355 0.3935103244837758 0.0471976401179941 0.05191740412979351
0 0.6200589970501474 0.452212389380531 0.07669616519174041 0.1457227138643068
0 0.736283185840708 0.4112094395280236 0.0943952802359882 0.06489675516224189
0 0.8949852507374632 0.4592920353982301 0.044837758112094395 0.04660766961651917
0 0.703834808259587 0.6135693215339233 0.07669616519174041 0.14749262536873156
0 0.8557522123893805 0.5943952802359882 0.04542772861356932 0.04424778761061947
0 0.8501474926253687 0.6690265486725664 0.04365781710914454 0.054277286135693215
0 0.891740412979351 0.8407079646017699 0.04896755162241888 0.12035398230088495
0 0.22182890855457227 0.5536873156342182 0.054277286135693215 0.0607669616519174
0 0.33126843657817107 0.563716814159292 0.1327433628318584 0.07728613569321534
0 0.4631268436578171 0.5176991150442478 0.054277286135693215 0.05368731563421829
0 0.22743362831858407 0.6705014749262537 0.11504424778761062 0.09616519174041298
0 0.31563421828908556 0.6710914454277286 0.044837758112094395 0.052507374631268436
0 0.4575221238938053 0.6669616519174041 0.07374631268436578 0.06784660766961652
0 0.5749262536873156 0.7587020648967552 0.11268436578171091 0.10029498525073746
0 0.7289085545722713 0.7238938053097345 0.04070796460176991 0.040117994100294985
1 0.747197640117994 0.8359882005899705 0.0359882005899705 0.022418879056047197
0 0.61976401179941 0.8460176991150442 0.13392330383480827 0.10855457227138643
0 0.43864306784660767 0.8327433628318583 0.05014749262536873 0.10442477876106195
0 0.35044247787610616 0.7855457227138642 0.044837758112094395 0.07138643067846608
0 0.23569321533923304 0.8002949852507375 0.1398230088495575 0.07256637168141593
0 0.5858407079646017 0.5976401179941003 0.10619469026548672 0.08613569321533923
