0 0.11533923303834809 0.059882005899705014 0.05486725663716814 0.09970501474926254
0 0.252212389380531 0.04985250737463127 0.07020648967551622 0.07020648967551622
0 0.40235988200589967 0.06578171091445428 0.04365781710914454 0.07020648967551622
1 0.5353982300884955 0.11651917404129794 0.032448377581120944 0.03952802359882006
0 0.6808259587020649 0.06165191740412979 0.12507374631268436 0.061946902654867256
1 0.855457227138643 0.08466076696165192 0.049557522123893805 0.038348082595870206
0 0.851622418879056 0.22979351032448378 0.0607669616519174 0.05604719764011799
0 0.7070796460176991 0.22890855457227138 0.04424778761061947 0.05663716814159292
0 0.5289085545722714 0.25250737463126843 0.043067846607669616 0.054277286135693215
0 0.371976401179941 0.1799410029498525 0.12684365781710916 0.05545722713864307
0 0.23952802359882006 0.17964601769911503 0.04601769911504425 0.061946902654867256
0 0.1200589970501475 0.23864306784660766 0.0584070796460177 0.07846607669616519
0 0.13067846607669617 0.3141592920353982 0.04660766961651917 0.0808259587020649
0 0.2303834808259587 0.31622418879056047 0.05014749262536873 0.12979351032448377
0 0.35870206489675516 0.35398230088495575 0.06253687315634218 0.08967551622418879
0 0.5392330383480826 0.3315634218289085 0.08849557522123894 0.06843657817109144
0 0.6876106194690266 0.3734513274336283 0.05014749262536873 0.05545722713864307
0 0.8693215339233038 0.3793510324483776 0.052507374631268436 0.058997050147492625
0 0.8536873156342183 0.5123893805309735 0.04837758112094395 0.0831858407079646
0 0.6985250737463127 0.5168141592920354 0.0471976401179941 0.07905604719764012
0 0.5247787610619469 0.4696165191740413 0.07138643067846608 0.0696165191740413
0 0.3613569321533923 0.4646017699115044 0.05014749262536873 0.04660766961651917
0 0.1410029498525074 0.5389380530973451 0.05545722713864307 0.06548672566371681
0 0.2271386430678466 0.5542772861356932 0.06607669616519174 0.10324483775811209
0 0.12123893805309735 0.7162241887905605 0.03952802359882006 0.08731563421828908
0 0.212094395280236 0.6938053097345133 0.05486725663716814 0.10147492625368731
0 0.3705014749262537 0.68023598820059 0.054277286135693215 0.09321533923303835
0 0.12949852507374632 0.7991150442477876 0.07020648967551622 0.04660766961651917
0 0.22772861356932153 0.8268436578171091 0.02831858407079646 0.09970501474926254
0 0.3687315634218289 0.7864306784660767 0.04365781710914454 0.0743362831858407
0 0.49852507374631266 0.7687315634218289 0.06607669616519174 0.05781710914454277
0 0.7056047197640118 0.8412979351032448 0.08023598820058997 0.07551622418879056
0 0.8480825958702065 0.8289085545722714 0.05958702064896755 0.07079646017699115
0 0.5085545722713865 0.6070796460176991 0.05545722713864307 0.07079646017699115
0 0.6834808259587021 0.6230088495575221 0.04896755162241888 0.05781710914454277
0 0.8560471976401179 0.6309734513274337 0.05781710914454277 0.06548672566371681
