1 0.06489675516224189 0.14424778761061946 0.03303834808259587 0.02064896755162242
1 0.2430678466076696 0.1359882005899705 0.024778761061946902 0.028908554572271386
1 0.375811209439528 0.1430678466076696 0.03185840707964602 0.018289085545722714
1 0.5504424778761062 0.1215339233038348 0.029498525073746312 0.02831858407079646
1 0.7041297935103245 0.11887905604719765 0.03126843657817109 0.032448377581120944
1 0.8705014749262536 0.10678466076696165 0.02654867256637168 0.02831858407079646
1 0.8808259587020649 0.27640117994100294 0.030678466076696165 0.01710914454277286
1 0.8772861356932153 0.43569321533923305 0.03893805309734513 0.024188790560471976
1 0.8761061946902655 0.5834808259587021 0.029498525073746312 0.02831858407079646
1 0.8799410029498524 0.7109144542772862 0.032448377581120944 0.024778761061946902
1 0.8817109144542773 0.8740412979351032 0.02654867256637168 0.028908554572271386
1 0.7224188790560472 0.8569321533923304 0.03008849557522124 0.02182890855457227
1 0.7053097345132743 0.6964601769911505 0.03126843657817109 0.027728613569321534
1 0.7126843657817109 0.5766961651917404 0.035398230088495575 0.02536873156342183
1 0.7150442477876107 0.4410029498525074 0.035398230088495575 0.027728613569321534
1 0.7008849557522123 0.28525073746312685 0.02831858407079646 0.02654867256637168
1 0.5507374631268437 0.296165191740413 0.0359882005899705 0.025958702064896755
1 0.5507374631268437 0.4398230088495575 0.03126843657817109 0.02536873156342183
1 0.5528023598820059 0.5781710914454277 0.030678466076696165 0.025958702064896755
1 0.552212389380531 0.6985250737463127 0.03303834808259587 0.01887905604719764
1 0.5575221238938053 0.8480825958702065 0.03421828908554572 0.03008849557522124
1 0.396165191740413 0.8463126843657817 0.03126843657817109 0.01710914454277286
1 0.3935103244837758 0.7044247787610619 0.02831858407079646 0.020058997050147492
1 0.39410029498525073 0.5766961651917404 0.02831858407079646 0.01710914454277286
1 0.39292035398230085 0.4433628318584071 0.03303834808259587 0.02182890855457227
1 0.38495575221238937 0.30265486725663715 0.03126843657817109 0.016519174041297935
1 0.24365781710914453 0.29970501474926253 0.03303834808259587 0.024778761061946902
1 0.24129793510324482 0.44483775811209436 0.035398230088495575 0.027138643067846607
1 0.25132743362831855 0.5861356932153392 0.03421828908554572 0.027728613569321534
1 0.24365781710914453 0.7176991150442478 0.029498525073746312 0.02654867256637168
1 0.2415929203539823 0.8412979351032448 0.027728613569321534 0.022418879056047197
1 0.06991150442477875 0.29705014749262537 0.03008849557522124 0.01710914454277286
1 0.0663716814159292 0.44660766961651915 0.027728613569321534 0.016519174041297935
1 0.06253687315634218 0.5964601769911504 0.022418879056047197 0.01887905604719764
1 0.06519174041297934 0.71976401179941 0.03008849557522124 0.021238938053097345
1 0.06430678466076696 0.8348082595870207 0.02831858407079646 0.016519174041297935
