1 0.13067846607669617 0.10943952802359883 0.03480825958702065 0.03126843657817109
1 0.2943952802359882 0.09410029498525074 0.030678466076696165 0.02536873156342183
1 0.43805309734513276 0.08731563421828908 0.03008849557522124 0.022418879056047197
1 0.592330383480826 0.08849557522123894 0.029498525073746312 0.02831858407079646
1 0.7339233038348083 0.09498525073746313 0.035398230088495575 0.027138643067846607
1 0.896165191740413 0.09734513274336283 0.030678466076696165 0.022418879056047197
1 0.8997050147492626 0.23716814159292035 0.02831858407079646 0.027138643067846607
1 0.7545722713864307 0.23333333333333334 0.025958702064896755 0.019469026548672566
1 0.6050147492625368 0.2342182890855457 0.033628318584070796 0.020058997050147492
1 0.4504424778761062 0.22743362831858407 0.033628318584070796 0.019469026548672566
1 0.3 0.22035398230088496 0.0359882005899705 0.032448377581120944
1 0.15014749262536872 0.21976401179941002 0.028908554572271386 0.02654867256637168
1 0.1528023598820059 0.3672566371681416 0.030678466076696165 0.01592920353982301
1 0.31327433628318585 0.37138643067846605 0.030678466076696165 0.02536873156342183
1 0.4725663716814159 0.37551622418879055 0.03185840707964602 0.018289085545722714
1 0.6147492625368731 0.36342182890855457 0.03657817109144543 0.021238938053097345
1 0.7589970501474926 0.3817109144542773 0.024188790560471976 0.017699115044247787
1 0.903244837758112 0.3831858407079646 0.029498525073746312 0.02064896755162242
1 0.9103244837758112 0.5265486725663717 0.03421828908554572 0.02536873156342183
1 0.7651917404129793 0.5274336283185841 0.025958702064896755 0.021238938053097345
1 0.6200589970501474 0.5 0.03185840707964602 0.02536873156342183
1 0.46578171091445425 0.47787610619469023 0.02654867256637168 0.017699115044247787
1 0.31327433628318585 0.4870206489675516 0.030678466076696165 0.02182890855457227
1 0.15988200589970503 0.4814159292035398 0.03185840707964602 0.025958702064896755
1 0.15722713864306784 0.6412979351032448 0.0359882005899705 0.022418879056047197
1 0.3206489675516224 0.6536873156342182 0.03480825958702065 0.025958702064896755
1 0.4837758112094395 0.6492625368731564 0.027138643067846607 0.014749262536873156
1 0.6283185840707964 0.6749262536873156 0.03303834808259587 0.017699115044247787
1 0.7843657817109144 0.6710914454277286 0.0359882005899705 0.019469026548672566
1 0.9 0.6640117994100295 0.028908554572271386 0.027728613569321534
1 0.9005899705014749 0.8510324483775811 0.027728613569321534 0.023008849557522124
1 0.7799410029498525 0.8528023598820059 0.029498525073746312 0.013569321533923304
1 0.6353982300884956 0.8536873156342183 0.027138643067846607 0.02359882005899705
1 0.47581120943952804 0.8646017699115044 0.03716814159292035 0.02536873156342183
1 0.32123893805309733 0.8672566371681416 0.0359882005899705 0.03303834808259587
1 0.15988200589970503 0.8758112094395281 0.03775811209439528 0.02536873156342183
