0 0.11858407079646018 0.07905604719764012 0.040117994100294985 0.071976401179941
0 0.26135693215339234 0.0696165191740413 0.04247787610619469 0.06253687315634218
0 0.4056047197640118 0.07758112094395281 0.03716814159292035 0.06784660766961652
0 0.692330383480826 0.07168141592920355 0.047787610619469026 0.0607669616519174
0 0.5392330383480826 0.13451327433628318 0.029498525073746312 0.03303834808259587
0 0.8548672566371681 0.09852507374631268 0.03185840707964602 0.03421828908554572
0 0.856637168141593 0.2545722713864307 0.05309734513274336 0.04896755162241888
0 0.7079646017699115 0.24100294985250736 0.03657817109144543 0.04896755162241888
0 0.5348082595870206 0.2693215339233038 0.03126843657817109 0.05368731563421829
0 0.39321533923303836 0.1967551622418879 0.08436578171091445 0.06902654867256637
0 0.24660766961651917 0.20766961651917404 0.054277286135693215 0.054277286135693215
0 0.1224188790560472 0.252212389380531 0.05132743362831858 0.06312684365781711
0 0.13185840707964602 0.33539823008849556 0.038348082595870206 0.07964601769911504
0 0.22536873156342183 0.3374631268436578 0.040117994100294985 0.10029498525073746
0 0.3696165191740413 0.347787610619469 0.05368731563421829 0.05486725663716814
0 0.5448377581120943 0.340117994100295 0.06666666666666667 0.0584070796460177
0 0.6929203539823009 0.38495575221238937 0.05368731563421829 0.05604719764011799
1 0.8666666666666667 0.39085545722713866 0.044837758112094395 0.0359882005899705
0 0.8528023598820059 0.5259587020648967 0.03952802359882006 0.07610619469026549
0 0.6943952802359882 0.5268436578171092 0.03421828908554572 0.06489675516224189
0 0.5321533923303835 0.4817109144542773 0.05309734513274336 0.061946902654867256
0 0.35870206489675516 0.48053097345132745 0.03893805309734513 0.04070796460176991
0 0.22595870206489677 0.5539823008849557 0.04129793510324484 0.08023598820058997
0 0.13569321533923304 0.5339233038348082 0.06135693215339233 0.07079646017699115
0 0.12743362831858407 0.696165191740413 0.0471976401179941 0.10737463126843658
0 0.22094395280235987 0.6941002949852507 0.03126843657817109 0.08790560471976401
0 0.368141592920354 0.6843657817109144 0.03775811209439528 0.06017699115044248
0 0.5117994100294985 0.6286135693215339 0.038348082595870206 0.0607669616519174
0 0.6843657817109144 0.6348082595870206 0.04365781710914454 0.05309734513274336
1 0.8513274336283185 0.6601769911504425 0.03421828908554572 0.022418879056047197
0 0.8471976401179941 0.8421828908554572 0.04365781710914454 0.0607669616519174
0 0.6861356932153392 0.8283185840707965 0.035398230088495575 0.06843657817109144
0 0.5014749262536873 0.7870206489675516 0.06489675516224189 0.05663716814159292
0 0.36843657817109143 0.7979351032448377 0.03480825958702065 0.05368731563421829
0 0.22920353982300884 0.8362831858407079 0.03716814159292035 0.09498525073746313
0 0.13628318584070798 0.8156342182890856 0.08849557522123894 0.038348082595870206
