0 0.2351032448377581 0.21622418879056046 0.18348082595870208 0.07846607669616519
0 0.3463126843657817 0.21238938053097345 0.05191740412979351 0.10501474926253687
0 0.45250737463126844 0.15634218289085544 0.08849557522123894 0.143952802359882
0 0.6126843657817109 0.1480825958702065 0.12802359882005898 0.13097345132743363
0 0.8817109144542773 0.18289085545722714 0.06548672566371681 0.07905604719764012
1 0.7294985250737464 0.22979351032448378 0.03126843657817109 0.04660766961651917
0 0.5657817109144543 0.23893805309734512 0.13805309734513274 0.1191740412979351
0 0.22684365781710913 0.33008849557522124 0.11976401179941003 0.1079646017699115
0 0.31032448377581123 0.32536873156342183 0.05663716814159292 0.05604719764011799
0 0.45191740412979353 0.3333333333333333 0.08613569321533923 0.07551622418879056
0 0.7265486725663717 0.27935103244837756 0.0359882005899705 0.0359882005899705
0 0.8280235988200589 0.3094395280235988 0.04188790560471976 0.043067846607669616
0 0.8486725663716814 0.412094395280236 0.0359882005899705 0.05604719764011799
0 0.6743362831858407 0.37964601769911505 0.0743362831858407 0.1457227138643068
0 0.5731563421828908 0.3949852507374631 0.12212389380530973 0.07964601769911504
0 0.33716814159292036 0.44011799410029495 0.10442477876106195 0.12035398230088495
0 0.22064896755162242 0.443952802359882 0.03893805309734513 0.05368731563421829
0 0.21622418879056046 0.5725663716814159 0.04070796460176991 0.047787610619469026
0 0.3268436578171091 0.5386430678466076 0.10973451327433628 0.054277286135693215
0 0.46519174041297934 0.4817109144542773 0.04660766961651917 0.05368731563421829
0 0.6227138643067847 0.5430678466076696 0.0808259587020649 0.15398230088495574
1 0.4929203539823009 0.6053097345132743 0.05132743362831858 0.03893805309734513
0 0.8899705014749263 0.5365781710914455 0.04896755162241888 0.0359882005899705
0 0.7271386430678466 0.5864306784660767 0.09262536873156342 0.08377581120943953
0 0.23008849557522124 0.7578171091445428 0.10737463126843658 0.052507374631268436
0 0.34424778761061947 0.748377581120944 0.09734513274336283 0.07374631268436578
1 0.49557522123893805 0.7227138643067846 0.04601769911504425 0.03893805309734513
0 0.6625368731563421 0.7365781710914454 0.08023598820058997 0.033628318584070796
1 0.7628318584070797 0.7333333333333333 0.058997050147492625 0.029498525073746312
0 0.8802359882005899 0.7230088495575221 0.044837758112094395 0.07846607669616519
0 0.8949852507374632 0.8787610619469026 0.04247787610619469 0.04070796460176991
0 0.792330383480826 0.8427728613569322 0.071976401179941 0.1079646017699115
0 0.6454277286135693 0.8908554572271387 0.04601769911504425 0.04837758112094395
0 0.5200589970501475 0.8669616519174042 0.12920353982300886 0.07492625368731563
0 0.36224188790560474 0.8601769911504424 0.11091445427728613 0.06607669616519174
0 0.2342182890855457 0.8259587020648967 0.05663716814159292 0.07551622418879056
