0 0.14896755162241887 0.08171091445427728 0.043067846607669616 0.03008849557522124
0 0.3303834808259587 0.04985250737463127 0.10383480825958702 0.043067846607669616
0 0.4666666666666667 0.12064896755162241 0.03303834808259587 0.032448377581120944
0 0.5893805309734513 0.04631268436578171 0.05309734513274336 0.07138643067846608
0 0.752802359882006 0.036283185840707964 0.07787610619469026 0.0584070796460177
0 0.8761061946902655 0.06017699115044248 0.05545722713864307 0.10029498525073746
0 0.8870206489675516 0.2383480825958702 0.06430678466076696 0.071976401179941
0 0.7548672566371681 0.1887905604719764 0.06312684365781711 0.04837758112094395
0 0.6607669616519174 0.16430678466076695 0.10029498525073746 0.07846607669616519
0 0.48289085545722715 0.2581120943952802 0.06784660766961652 0.052507374631268436
0 0.3056047197640118 0.22212389380530972 0.06489675516224189 0.04542772861356932
0 0.1415929203539823 0.22979351032448378 0.05545722713864307 0.05958702064896755
0 0.8047197640117993 0.2908554572271386 0.09793510324483776 0.1215339233038348
0 0.883480825958702 0.3238938053097345 0.05604719764011799 0.05781710914454277
0 0.6365781710914454 0.3769911504424779 0.05781710914454277 0.0967551622418879
1 0.45191740412979353 0.33893805309734515 0.06253687315634218 0.03716814159292035
0 0.31032448377581123 0.35221238938053095 0.040117994100294985 0.06017699115044248
1 0.1336283185840708 0.3781710914454277 0.03952802359882006 0.05309734513274336
0 0.15634218289085544 0.5061946902654867 0.04247787610619469 0.054277286135693215
0 0.3064896755162242 0.5174041297935104 0.0359882005899705 0.08377581120943953
0 0.47079646017699117 0.47050147492625366 0.05545722713864307 0.06902654867256637
0 0.6392330383480825 0.46755162241887904 0.04896755162241888 0.04896755162241888
0 0.8011799410029499 0.5640117994100295 0.08259587020648967 0.09085545722713864
0 0.8716814159292036 0.532448377581121 0.0831858407079646 0.08672566371681416
0 0.9206489675516224 0.6557522123893805 0.12212389380530973 0.1504424778761062
0 0.7769911504424779 0.6787610619469027 0.04247787610619469 0.09852507374631268
0 0.8687315634218289 0.8044247787610619 0.06902654867256637 0.05014749262536873
0 0.8008849557522124 0.8300884955752212 0.0831858407079646 0.071976401179941
0 0.1528023598820059 0.6218289085545723 0.03893805309734513 0.04837758112094395
0 0.3185840707964602 0.6315634218289086 0.049557522123893805 0.052507374631268436
0 0.5141592920353982 0.6041297935103245 0.06902654867256637 0.04837758112094395
0 0.6386430678466076 0.6982300884955752 0.06902654867256637 0.05958702064896755
0 0.6300884955752213 0.7828908554572271 0.03421828908554572 0.08377581120943953
1 0.15604719764011798 0.8150442477876106 0.05486725663716814 0.06430678466076696
0 0.3005899705014749 0.8339233038348083 0.0808259587020649 0.05014749262536873
0 0.4946902654867257 0.7855457227138642 0.052507374631268436 0.04896755162241888
