1 0.13539823008849558 0.0935103244837758 0.03008849557522124 0.024188790560471976
1 0.29174041297935105 0.08407079646017698 0.032448377581120944 0.03008849557522124
1 0.4374631268436578 0.08289085545722713 0.03008849557522124 0.02064896755162242
1 0.591740412979351 0.08672566371681416 0.03185840707964602 0.027138643067846607
1 0.7351032448377581 0.10058997050147492 0.03303834808259587 0.02536873156342183
1 0.8935103244837758 0.0967551622418879 0.03126843657817109 0.01887905604719764
1 0.896165191740413 0.2345132743362832 0.029498525073746312 0.019469026548672566
1 0.7563421828908554 0.2351032448377581 0.03303834808259587 0.023008849557522124
1 0.6041297935103245 0.2312684365781711 0.03775811209439528 0.022418879056047197
1 0.4474926253687316 0.22625368731563422 0.03480825958702065 0.024188790560471976
1 0.2958702064896755 0.22418879056047197 0.033628318584070796 0.02831858407079646
1 0.14778761061946902 0.2168141592920354 0.03008849557522124 0.03952802359882006
1 0.15398230088495574 0.36755162241887906 0.035398230088495575 0.022418879056047197
1 0.31091445427728615 0.36991150442477877 0.035398230088495575 0.021238938053097345
1 0.4713864306784661 0.37551622418879055 0.03185840707964602 0.02536873156342183
1 0.6147492625368731 0.36047197640117995 0.03775811209439528 0.027138643067846607
1 0.7572271386430678 0.3752212389380531 0.03480825958702065 0.024778761061946902
1 0.903244837758112 0.38141592920353984 0.030678466076696165 0.02536873156342183
1 0.1631268436578171 0.4855457227138643 0.03126843657817109 0.020058997050147492
1 0.3100294985250737 0.4855457227138643 0.033628318584070796 0.027138643067846607
1 0.4616519174041298 0.48112094395280236 0.03008849557522124 0.02654867256637168
1 0.6176991150442478 0.49793510324483775 0.03303834808259587 0.021238938053097345
1 0.7631268436578171 0.5292035398230088 0.03480825958702065 0.016519174041297935
1 0.9117994100294985 0.5253687315634218 0.02536873156342183 0.01710914454277286
1 0.8991150442477875 0.6654867256637168 0.03421828908554572 0.030678466076696165
1 0.7837758112094395 0.6702064896755162 0.04188790560471976 0.022418879056047197
1 0.6265486725663717 0.6778761061946903 0.035398230088495575 0.022418879056047197
1 0.48259587020648964 0.6486725663716814 0.03657817109144543 0.023008849557522124
1 0.3182890855457227 0.6545722713864307 0.04188790560471976 0.024188790560471976
1 0.15663716814159293 0.6374631268436578 0.033628318584070796 0.027728613569321534
1 0.14837758112094396 0.879646017699115 0.033628318584070796 0.020058997050147492
1 0.30678466076696165 0.856637168141593 0.027138643067846607 0.040117994100294985
1 0.4646017699115044 0.8545722713864307 0.0359882005899705 0.023008849557522124
1 0.6117994100294986 0.8557522123893805 0.030678466076696165 0.028908554572271386
1 0.7702064896755162 0.8545722713864307 0.028908554572271386 0.023008849557522124
1 0.8991150442477875 0.8716814159292036 0.035398230088495575 0.024188790560471976
