0 0.10294985250737462 0.11799410029498525 0.03716814159292035 0.029498525073746312
0 0.20324483775811208 0.15988200589970503 0.07374631268436578 0.09793510324483776
0 0.3501474926253687 0.10825958702064897 0.038348082595870206 0.04660766961651917
0 0.48436578171091443 0.13539823008849558 0.12861356932153392 0.0808259587020649
0 0.6315634218289086 0.140117994100295 0.07610619469026549 0.09026548672566372
0 0.771976401179941 0.16991150442477876 0.07728613569321534 0.07905604719764012
0 0.7884955752212389 0.23480825958702065 0.12802359882005898 0.04129793510324484
0 0.6601769911504425 0.25899705014749264 0.0920353982300885 0.06253687315634218
1 0.4988200589970501 0.27876106194690264 0.04660766961651917 0.04188790560471976
0 0.3383480825958702 0.26607669616519175 0.07020648967551622 0.03775811209439528
1 0.2351032448377581 0.26784660766961654 0.05132743362831858 0.03421828908554572
0 0.11622418879056047 0.2737463126843658 0.0471976401179941 0.06489675516224189
1 0.10943952802359883 0.4589970501474926 0.04542772861356932 0.04129793510324484
0 0.2672566371681416 0.40766961651917405 0.10029498525073746 0.06253687315634218
0 0.3799410029498525 0.451622418879056 0.07315634218289085 0.13392330383480827
1 0.5047197640117994 0.3943952802359882 0.05132743362831858 0.04660766961651917
0 0.6696165191740413 0.4622418879056047 0.09911504424778761 0.05368731563421829
1 0.7799410029498525 0.42212389380530974 0.04129793510324484 0.04660766961651917
0 0.536283185840708 0.5200589970501475 0.049557522123893805 0.04424778761061947
0 0.14749262536873156 0.5967551622418878 0.03657817109144543 0.03716814159292035
0 0.3064896755162242 0.6156342182890855 0.07846607669616519 0.14926253687315633
0 0.412094395280236 0.6050147492625368 0.11150442477876106 0.07610619469026549
0 0.6584070796460177 0.5731563421828908 0.11445427728613569 0.1079646017699115
0 0.7811209439528024 0.5545722713864307 0.03421828908554572 0.05545722713864307
1 0.15575221238938053 0.668141592920354 0.04247787610619469 0.05014749262536873
0 0.2710914454277286 0.7289085545722713 0.03480825958702065 0.04188790560471976
0 0.11061946902654868 0.828613569321534 0.043067846607669616 0.08790560471976401
1 0.2542772861356932 0.8398230088495575 0.035398230088495575 0.028908554572271386
0 0.3831858407079646 0.8469026548672566 0.12684365781710916 0.09970501474926254
0 0.43067846607669613 0.7669616519174041 0.11563421828908554 0.11563421828908554
0 0.5457227138643068 0.671386430678466 0.071976401179941 0.06725663716814159
0 0.5575221238938053 0.8415929203539823 0.05545722713864307 0.09970501474926254
0 0.6873156342182891 0.6769911504424778 0.0471976401179941 0.04896755162241888
0 0.7690265486725664 0.6716814159292035 0.11268436578171091 0.09970501474926254
0 0.6542772861356932 0.7873156342182891 0.049557522123893805 0.07256637168141593
0 0.7743362831858407 0.8017699115044248 0.15988200589970503 0.06489675516224189
