1 0.06430678466076696 0.1421828908554572 0.024778761061946902 0.016519174041297935
1 0.2383480825958702 0.14690265486725662 0.029498525073746312 0.025958702064896755
1 0.37728613569321534 0.1415929203539823 0.038348082595870206 0.029498525073746312
1 0.5519174041297935 0.12212389380530973 0.028908554572271386 0.027138643067846607
1 0.7017699115044248 0.115929203539823 0.02654867256637168 0.02536873156342183
1 0.8775811209439528 0.11150442477876106 0.0359882005899705 0.03303834808259587
1 0.8790560471976401 0.2775811209439528 0.035398230088495575 0.032448377581120944
1 0.879646017699115 0.44129793510324483 0.040117994100294985 0.027138643067846607
1 0.8737463126843658 0.5843657817109145 0.030678466076696165 0.027728613569321534
1 0.8646017699115044 0.7058997050147493 0.024188790560471976 0.03952802359882006
1 0.8710914454277287 0.8707964601769911 0.02182890855457227 0.030678466076696165
1 0.7005899705014749 0.28289085545722714 0.03716814159292035 0.03008849557522124
1 0.7123893805309734 0.44011799410029495 0.032448377581120944 0.020058997050147492
1 0.7144542772861356 0.5772861356932153 0.030678466076696165 0.023008849557522124
1 0.707669616519174 0.7023598820058997 0.0359882005899705 0.02654867256637168
1 0.7230088495575221 0.835693215339233 0.028908554572271386 0.027728613569321534
1 0.5466076696165192 0.2982300884955752 0.03952802359882006 0.02536873156342183
1 0.5510324483775811 0.44041297935103246 0.02831858407079646 0.02064896755162242
1 0.5501474926253688 0.5761061946902655 0.032448377581120944 0.02064896755162242
1 0.5519174041297935 0.7008849557522123 0.03008849557522124 0.02359882005899705
1 0.5533923303834808 0.8457227138643068 0.03303834808259587 0.02182890855457227
1 0.3823008849557522 0.3023598820058997 0.03657817109144543 0.02182890855457227
1 0.39144542772861357 0.44424778761061945 0.03008849557522124 0.02831858407079646
1 0.39321533923303836 0.5787610619469027 0.0359882005899705 0.029498525073746312
1 0.3938053097345133 0.708259587020649 0.03126843657817109 0.023008849557522124
1 0.4061946902654867 0.8312684365781711 0.03008849557522124 0.025958702064896755
1 0.24454277286135692 0.3008849557522124 0.024188790560471976 0.024778761061946902
1 0.24218289085545722 0.44837758112094395 0.0359882005899705 0.03185840707964602
1 0.24808259587020648 0.5852507374631268 0.03126843657817109 0.029498525073746312
1 0.2415929203539823 0.7194690265486725 0.033628318584070796 0.027728613569321534
1 0.23008849557522124 0.8342182890855457 0.035398230088495575 0.022418879056047197
1 0.06902654867256637 0.3029498525073746 0.035398230088495575 0.023008849557522124
1 0.06283185840707964 0.45132743362831856 0.033628318584070796 0.027138643067846607
1 0.06165191740412979 0.5991150442477876 0.04070796460176991 0.023008849557522124
1 0.06371681415929203 0.7200589970501475 0.03893805309734513 0.019469026548672566
1 0.06578171091445428 0.8348082595870207 0.03952802359882006 0.024778761061946902
