0 0.1200589970501475 0.0584070796460177 0.0584070796460177 0.10029498525073746
0 0.2533923303834808 0.05309734513274336 0.07374631268436578 0.05663716814159292
0 0.41061946902654867 0.06283185840707964 0.05309734513274336 0.06902654867256637
0 0.5351032448377581 0.1168141592920354 0.03775811209439528 0.04837758112094395
0 0.6710914454277286 0.06253687315634218 0.11740412979351032 0.05073746312684366
0 0.8557522123893805 0.09380530973451327 0.05604719764011799 0.05309734513274336
0 0.11769911504424779 0.23628318584070795 0.06666666666666667 0.06666666666666667
0 0.24837758112094394 0.18584070796460178 0.05545722713864307 0.05191740412979351
0 0.34601769911504426 0.17227138643067846 0.11740412979351032 0.06253687315634218
0 0.5289085545722714 0.25781710914454276 0.0831858407079646 0.06017699115044248
0 0.6908554572271386 0.22448377581120943 0.07079646017699115 0.05132743362831858
0 0.8595870206489675 0.2135693215339233 0.06253687315634218 0.05309734513274336
0 0.12389380530973451 0.3209439528023599 0.0471976401179941 0.06017699115044248
0 0.2097345132743363 0.3058997050147493 0.05958702064896755 0.11858407079646018
0 0.36224188790560474 0.37079646017699114 0.06253687315634218 0.1079646017699115
0 0.5445427728613569 0.33303834808259586 0.0696165191740413 0.04896755162241888
0 0.6893805309734513 0.36991150442477877 0.04660766961651917 0.04837758112094395
1 0.868141592920354 0.37905604719764013 0.03952802359882006 0.05958702064896755
0 0.3613569321533923 0.46607669616519176 0.047787610619469026 0.04837758112094395
0 0.5268436578171092 0.4672566371681416 0.058997050147492625 0.06843657817109144
0 0.12979351032448377 0.5300884955752212 0.0743362831858407 0.08436578171091445
0 0.2150442477876106 0.5492625368731563 0.06902654867256637 0.10383480825958702
0 0.6976401179941003 0.5162241887905604 0.04070796460176991 0.09557522123893805
0 0.8463126843657817 0.5147492625368731 0.04070796460176991 0.07492625368731563
0 0.11002949852507374 0.6513274336283186 0.05014749262536873 0.14985250737463127
0 0.22743362831858407 0.6846607669616519 0.047787610619469026 0.09970501474926254
0 0.36106194690265486 0.6902654867256637 0.06607669616519174 0.06017699115044248
0 0.49557522123893805 0.6005899705014749 0.05545722713864307 0.06017699115044248
0 0.6799410029498525 0.6241887905604719 0.05014749262536873 0.05191740412979351
0 0.8495575221238938 0.6324483775811209 0.035398230088495575 0.05663716814159292
0 0.1368731563421829 0.8047197640117993 0.07787610619469026 0.0471976401179941
0 0.2079646017699115 0.8321533923303834 0.06312684365781711 0.09262536873156342
0 0.368141592920354 0.783480825958702 0.03893805309734513 0.07905604719764012
0 0.5041297935103245 0.7752212389380531 0.05958702064896755 0.06489675516224189
0 0.7041297935103245 0.8392330383480826 0.07492625368731563 0.06902654867256637
0 0.843952802359882 0.8174041297935103 0.06430678466076696 0.06666666666666667
