0 0.12271386430678466 0.08259587020648967 0.1415929203539823 0.10147492625368731
0 0.33421828908554574 0.12772861356932153 0.07846607669616519 0.21769911504424777
0 0.48436578171091443 0.11209439528023599 0.08023598820058997 0.15221238938053097
0 0.6882005899705015 0.11120943952802359 0.12802359882005898 0.1327433628318584
0 0.8604719764011799 0.1448377581120944 0.1079646017699115 0.11032448377581121
0 0.8486725663716814 0.315929203539823 0.09852507374631268 0.04660766961651917
0 0.6920353982300885 0.2825958702064897 0.03775811209439528 0.04247787610619469
0 0.4772861356932153 0.2825958702064897 0.15339233038348082 0.04601769911504425
0 0.3828908554572271 0.25014749262536873 0.06371681415929203 0.0967551622418879
0 0.21327433628318584 0.24896755162241888 0.19882005899705013 0.08259587020648967
0 0.23008849557522124 0.4085545722713864 0.07787610619469026 0.04424778761061947
0 0.3943952802359882 0.39823008849557523 0.09026548672566372 0.20176991150442478
0 0.523598820058997 0.4182890855457227 0.0584070796460177 0.03421828908554572
0 0.5914454277286135 0.4640117994100295 0.0607669616519174 0.12094395280235988
0 0.6731563421828909 0.4150442477876106 0.19233038348082596 0.08672566371681416
1 0.8424778761061946 0.39941002949852505 0.01887905604719764 0.0471976401179941
0 0.8843657817109144 0.5064896755162241 0.12743362831858407 0.08908554572271386
1 0.7530973451327434 0.5569321533923304 0.02536873156342183 0.030678466076696165
0 0.5825958702064896 0.5427728613569321 0.09380530973451327 0.13451327433628318
1 0.48436578171091443 0.5185840707964602 0.05073746312684366 0.025958702064896755
1 0.3274336283185841 0.55929203539823 0.035398230088495575 0.025958702064896755
0 0.22831858407079647 0.5528023598820059 0.08731563421828908 0.03893805309734513
0 0.2542772861356932 0.695575221238938 0.05073746312684366 0.04601769911504425
0 0.25014749262536873 0.744542772861357 0.06371681415929203 0.16755162241887905
0 0.3678466076696165 0.6917404129793511 0.09970501474926254 0.17404129793510326
0 0.42566371681415927 0.7952802359882005 0.1056047197640118 0.12035398230088495
0 0.4958702064896755 0.6386430678466076 0.1882005899705015 0.0584070796460177
0 0.5356932153392331 0.8070796460176991 0.035398230088495575 0.08141592920353982
0 0.6203539823008849 0.6616519174041298 0.05486725663716814 0.12212389380530973
1 0.6684365781710915 0.8061946902654867 0.03185840707964602 0.03480825958702065
1 0.751622418879056 0.6787610619469027 0.030678466076696165 0.0359882005899705
0 0.7997050147492625 0.7991150442477876 0.07964601769911504 0.15162241887905603
0 0.8911504424778761 0.6584070796460177 0.09498525073746313 0.19823008849557522
0 0.9008849557522124 0.7811209439528024 0.10029498525073746 0.17581120943952802
