0 0.17404129793510326 0.12182890855457226 0.06253687315634218 0.05132743362831858
0 0.26430678466076696 0.1920353982300885 0.05191740412979351 0.043067846607669616
0 0.4088495575221239 0.13480825958702064 0.04129793510324484 0.0359882005899705
0 0.6283185840707964 0.17787610619469027 0.035398230088495575 0.09734513274336283
0 0.7032448377581121 0.1424778761061947 0.03775811209439528 0.07020648967551622
0 0.8967551622418879 0.17551622418879056 0.029498525073746312 0.04070796460176991
0 0.16460176991150444 0.2994100294985251 0.08141592920353982 0.06666666666666667
1 0.33657817109144544 0.26489675516224187 0.05368731563421829 0.040117994100294985
0 0.4383480825958702 0.3023598820058997 0.04247787610619469 0.05132743362831858
0 0.5554572271386431 0.3064896755162242 0.07020648967551622 0.08672566371681416
0 0.7973451327433628 0.3070796460176991 0.03480825958702065 0.06548672566371681
0 0.8823008849557522 0.3112094395280236 0.033628318584070796 0.04424778761061947
0 0.15073746312684366 0.415929203539823 0.0607669616519174 0.05545722713864307
1 0.31710914454277284 0.45486725663716815 0.047787610619469026 0.044837758112094395
0 0.4359882005899705 0.46194690265486726 0.04601769911504425 0.04365781710914454
0 0.5831858407079646 0.4581120943952802 0.07374631268436578 0.05958702064896755
0 0.7294985250737464 0.42359882005899707 0.03480825958702065 0.03657817109144543
1 0.8808259587020649 0.4445427728613569 0.049557522123893805 0.033628318584070796
0 0.8675516224188791 0.5536873156342182 0.038348082595870206 0.07728613569321534
0 0.6970501474926254 0.6265486725663717 0.07374631268436578 0.0743362831858407
0 0.5253687315634218 0.6259587020648968 0.04896755162241888 0.07787610619469026
0 0.40235988200589967 0.5938053097345133 0.08495575221238938 0.0808259587020649
1 0.29174041297935105 0.5893805309734513 0.05132743362831858 0.05309734513274336
0 0.1454277286135693 0.5339233038348082 0.03480825958702065 0.03303834808259587
0 0.17227138643067846 0.7050147492625368 0.0743362831858407 0.05073746312684366
0 0.2784660766961652 0.772566371681416 0.04247787610619469 0.04188790560471976
1 0.4784660766961652 0.7442477876106195 0.06017699115044248 0.047787610619469026
0 0.603834808259587 0.7451327433628319 0.0584070796460177 0.054277286135693215
0 0.7336283185840707 0.7398230088495575 0.043067846607669616 0.040117994100294985
0 0.8501474926253687 0.7640117994100295 0.04837758112094395 0.04837758112094395
0 0.8772861356932153 0.8716814159292036 0.06607669616519174 0.04070796460176991
1 0.7200589970501475 0.9005899705014749 0.03480825958702065 0.032448377581120944
0 0.644542772861357 0.8920353982300885 0.04188790560471976 0.03303834808259587
1 0.49203539823008846 0.8817109144542773 0.035398230088495575 0.027728613569321534
0 0.2808259587020649 0.8938053097345132 0.04129793510324484 0.04247787610619469
0 0.15073746312684366 0.8528023598820059 0.04188790560471976 0.033628318584070796
