0 0.15663716814159293 0.18436578171091444 0.05368731563421829 0.05014749262536873
0 0.3008849557522124 0.16342182890855456 0.07787610619469026 0.07669616519174041
0 0.5005899705014749 0.22920353982300884 0.07374631268436578 0.06548672566371681
0 0.6292035398230088 0.2191740412979351 0.03952802359882006 0.07374631268436578
0 0.7731563421828909 0.171976401179941 0.03008849557522124 0.11268436578171091
0 0.8607669616519174 0.19410029498525072 0.08495575221238938 0.04837758112094395
0 0.1486725663716814 0.36843657817109143 0.040117994100294985 0.05132743362831858
0 0.315929203539823 0.37256637168141593 0.04424778761061947 0.052507374631268436
0 0.4864306784660767 0.3935103244837758 0.043067846607669616 0.05663716814159292
0 0.6300884955752213 0.32359882005899704 0.049557522123893805 0.09498525073746313
0 0.7858407079646017 0.31032448377581123 0.06253687315634218 0.10265486725663717
0 0.8734513274336283 0.2902654867256637 0.043067846607669616 0.10737463126843658
0 0.14985250737463127 0.48761061946902656 0.03775811209439528 0.0808259587020649
0 0.3058997050147493 0.4831858407079646 0.03716814159292035 0.08377581120943953
0 0.4696165191740413 0.5312684365781711 0.06017699115044248 0.07138643067846608
0 0.6418879056047198 0.5359882005899705 0.05545722713864307 0.05368731563421829
0 0.7737463126843658 0.44955752212389377 0.0607669616519174 0.10501474926253687
0 0.8657817109144542 0.4654867256637168 0.06548672566371681 0.07669616519174041
0 0.1336283185840708 0.6156342182890855 0.033628318584070796 0.05368731563421829
0 0.3100294985250737 0.6253687315634218 0.04424778761061947 0.06253687315634218
0 0.4545722713864307 0.6764011799410029 0.06430678466076696 0.06784660766961652
0 0.6330383480825958 0.6371681415929203 0.05073746312684366 0.10619469026548672
0 0.7772861356932154 0.6846607669616519 0.04542772861356932 0.1374631268436578
0 0.8710914454277287 0.6893805309734513 0.03716814159292035 0.07610619469026549
0 0.8766961651917404 0.7651917404129793 0.06725663716814159 0.08377581120943953
0 0.7551622418879056 0.8188790560471977 0.05309734513274336 0.05781710914454277
0 0.6283185840707964 0.8194690265486726 0.12861356932153392 0.05073746312684366
0 0.46991150442477875 0.7519174041297935 0.057227138643067846 0.06430678466076696
0 0.2935103244837758 0.7710914454277286 0.04896755162241888 0.058997050147492625
0 0.14454277286135692 0.7690265486725664 0.06135693215339233 0.05486725663716814
1 0.14041297935103245 0.9147492625368732 0.05781710914454277 0.04542772861356932
0 0.3224188790560472 0.9424778761061947 0.12330383480825959 0.057227138643067846
0 0.4622418879056047 0.8855457227138643 0.04660766961651917 0.05545722713864307
0 0.6002949852507374 0.924188790560472 0.0607669616519174 0.06784660766961652
0 0.7407079646017699 0.9463126843657816 0.06548672566371681 0.06371681415929203
0 0.8793510324483775 0.9392330383480826 0.05014749262536873 0.10265486725663717
