0 0.10294985250737462 0.11887905604719765 0.038348082595870206 0.033628318584070796
0 0.20471976401179942 0.15958702064896754 0.071976401179941 0.10324483775811209
0 0.35162241887905604 0.10678466076696165 0.04129793510324484 0.04601769911504425
0 0.47876106194690266 0.1374631268436578 0.13156342182890857 0.07787610619469026
0 0.6309734513274337 0.14041297935103245 0.09852507374631268 0.06489675516224189
0 0.7640117994100295 0.17610619469026548 0.06607669616519174 0.0808259587020649
0 0.7808259587020648 0.21946902654867256 0.12448377581120944 0.0920353982300885
0 0.6622418879056047 0.26194690265486725 0.10088495575221239 0.06725663716814159
1 0.5 0.27935103244837756 0.03952802359882006 0.03716814159292035
0 0.33893805309734515 0.2669616519174041 0.07374631268436578 0.03126843657817109
1 0.23303834808259588 0.26784660766961654 0.04837758112094395 0.029498525073746312
0 0.11946902654867256 0.2743362831858407 0.03952802359882006 0.07079646017699115
1 0.10973451327433628 0.4625368731563422 0.04247787610619469 0.04129793510324484
0 0.2654867256637168 0.41061946902654867 0.10383480825958702 0.06371681415929203
0 0.37551622418879055 0.45250737463126844 0.07492625368731563 0.13805309734513274
1 0.5058997050147492 0.39321533923303836 0.05486725663716814 0.04424778761061947
0 0.6734513274336283 0.4607669616519174 0.10324483775811209 0.058997050147492625
0 0.7775811209439528 0.42625368731563423 0.03893805309734513 0.04188790560471976
0 0.14601769911504425 0.5985250737463127 0.03716814159292035 0.052507374631268436
1 0.16932153392330385 0.6902654867256637 0.04365781710914454 0.04365781710914454
0 0.11238938053097344 0.8233038348082595 0.03952802359882006 0.08436578171091445
1 0.27256637168141595 0.7289085545722713 0.027138643067846607 0.03716814159292035
1 0.2728613569321534 0.7737463126843658 0.03126843657817109 0.04424778761061947
0 0.3268436578171091 0.6144542772861357 0.08495575221238938 0.14454277286135692
0 0.4182890855457227 0.6017699115044248 0.1191740412979351 0.0743362831858407
0 0.5342182890855457 0.5185840707964602 0.04660766961651917 0.04247787610619469
0 0.4271386430678466 0.7666666666666666 0.11327433628318584 0.11622418879056047
0 0.3902654867256637 0.851622418879056 0.12566371681415928 0.12448377581120944
0 0.5430678466076696 0.8383480825958702 0.07964601769911504 0.12979351032448377
0 0.6554572271386431 0.7887905604719764 0.049557522123893805 0.07551622418879056
0 0.7731563421828909 0.7831858407079646 0.17286135693215338 0.07610619469026549
0 0.6660766961651917 0.5640117994100295 0.09911504424778761 0.12743362831858407
0 0.779646017699115 0.5513274336283186 0.03480825958702065 0.05486725663716814
0 0.7669616519174041 0.6669616519174041 0.10855457227138643 0.09498525073746313
0 0.6882005899705015 0.6749262536873156 0.05486725663716814 0.05781710914454277
0 0.5466076696165192 0.667551622418879 0.07374631268436578 0.07610619469026549
