1 0.13156342182890857 0.09469026548672566 0.04837758112094395 0.03480825958702065
0 0.27699115044247785 0.08525073746312684 0.04070796460176991 0.03126843657817109
0 0.3392330383480826 0.09557522123893805 0.030678466076696165 0.030678466076696165
1 0.5070796460176991 0.11858407079646018 0.03008849557522124 0.029498525073746312
0 0.7277286135693215 0.10176991150442477 0.032448377581120944 0.033628318584070796
0 0.8640117994100295 0.08584070796460178 0.05014749262536873 0.04070796460176991
0 0.856637168141593 0.22064896755162242 0.04837758112094395 0.07787610619469026
1 0.712094395280236 0.24100294985250736 0.05781710914454277 0.04660766961651917
1 0.5206489675516224 0.25545722713864305 0.05486725663716814 0.040117994100294985
0 0.3952802359882006 0.2519174041297935 0.049557522123893805 0.058997050147492625
0 0.26666666666666666 0.2604719764011799 0.040117994100294985 0.033628318584070796
0 0.14601769911504425 0.25309734513274335 0.061946902654867256 0.03893805309734513
0 0.12654867256637167 0.4194690265486726 0.06312684365781711 0.040117994100294985
0 0.29793510324483774 0.38259587020648966 0.08259587020648967 0.08436578171091445
0 0.4607669616519174 0.4085545722713864 0.03657817109144543 0.08200589970501475
0 0.564306784660767 0.4253687315634218 0.03716814159292035 0.09911504424778761
1 0.7023598820058997 0.403834808259587 0.05604719764011799 0.04070796460176991
1 0.843952802359882 0.4463126843657817 0.032448377581120944 0.038348082595870206
0 0.8510324483775811 0.5743362831858407 0.05958702064896755 0.07020648967551622
1 0.6846607669616519 0.5492625368731563 0.052507374631268436 0.03775811209439528
0 0.56047197640118 0.5333333333333333 0.049557522123893805 0.04247787610619469
0 0.40176991150442476 0.5775811209439528 0.035398230088495575 0.07551622418879056
1 0.259882005899705 0.5769911504424778 0.02654867256637168 0.030678466076696165
1 0.11976401179941003 0.5519174041297935 0.04837758112094395 0.03716814159292035
1 0.1182890855457227 0.6610619469026549 0.03008849557522124 0.05132743362831858
0 0.2628318584070796 0.6471976401179941 0.05014749262536873 0.0696165191740413
0 0.4351032448377581 0.7088495575221239 0.09380530973451327 0.05014749262536873
0 0.5749262536873156 0.6914454277286135 0.043067846607669616 0.049557522123893805
1 0.6731563421828909 0.6917404129793511 0.0471976401179941 0.043067846607669616
0 0.8365781710914454 0.703834808259587 0.07905604719764012 0.06253687315634218
0 0.8359882005899705 0.8755162241887906 0.06725663716814159 0.04837758112094395
0 0.7005899705014749 0.9058997050147493 0.05014749262536873 0.0607669616519174
1 0.10471976401179942 0.8415929203539823 0.03952802359882006 0.04424778761061947
1 0.22418879056047197 0.8929203539823009 0.0743362831858407 0.03008849557522124
0 0.3873156342182891 0.8330383480825958 0.04070796460176991 0.0743362831858407
1 0.5707964601769911 0.8997050147492626 0.038348082595870206 0.04601769911504425
