1 0.10206489675516224 0.12448377581120944 0.029498525073746312 0.027138643067846607
1 0.2312684365781711 0.1448377581120944 0.029498525073746312 0.02654867256637168
1 0.38495575221238937 0.14690265486725662 0.027728613569321534 0.02831858407079646
1 0.536283185840708 0.1448377581120944 0.03185840707964602 0.02182890855457227
1 0.6917404129793511 0.14778761061946902 0.01710914454277286 0.03716814159292035
1 0.8495575221238938 0.11858407079646018 0.035398230088495575 0.021238938053097345
1 0.8445427728613569 0.36342182890855457 0.033628318584070796 0.020058997050147492
1 0.679646017699115 0.3448377581120944 0.035398230088495575 0.02536873156342183
1 0.5188790560471976 0.3528023598820059 0.033628318584070796 0.022418879056047197
1 0.37492625368731564 0.32448377581120946 0.033628318584070796 0.022418879056047197
1 0.2182890855457227 0.328023598820059 0.029498525073746312 0.022418879056047197
1 0.09882005899705015 0.33303834808259586 0.027728613569321534 0.023008849557522124
1 0.08967551622418879 0.47404129793510325 0.02831858407079646 0.01710914454277286
1 0.2365781710914454 0.4696165191740413 0.027138643067846607 0.022418879056047197
1 0.3828908554572271 0.5017699115044247 0.03185840707964602 0.023008849557522124
1 0.5386430678466076 0.5215339233038347 0.035398230088495575 0.020058997050147492
1 0.6899705014749262 0.5120943952802359 0.032448377581120944 0.01887905604719764
1 0.8374631268436578 0.5144542772861357 0.0359882005899705 0.021238938053097345
1 0.8495575221238938 0.6348082595870206 0.030678466076696165 0.020058997050147492
1 0.6893805309734513 0.6327433628318584 0.03126843657817109 0.027728613569321534
1 0.5289085545722714 0.6241887905604719 0.03126843657817109 0.024778761061946902
1 0.3846607669616519 0.6380530973451327 0.035398230088495575 0.02182890855457227
1 0.24277286135693216 0.6244837758112094 0.03008849557522124 0.024188790560471976
1 0.09705014749262536 0.6182890855457227 0.027728613569321534 0.020058997050147492
1 0.10294985250737462 0.7622418879056048 0.03126843657817109 0.022418879056047197
1 0.2471976401179941 0.7654867256637168 0.03303834808259587 0.018289085545722714
1 0.3967551622418879 0.7696165191740413 0.03952802359882006 0.024188790560471976
1 0.5513274336283186 0.7728613569321534 0.033628318584070796 0.02359882005899705
1 0.7056047197640118 0.772566371681416 0.03775811209439528 0.03126843657817109
1 0.8501474926253687 0.7814159292035399 0.03421828908554572 0.0359882005899705
1 0.8666666666666667 0.904424778761062 0.03657817109144543 0.01887905604719764
1 0.7097345132743362 0.9138643067846608 0.035398230088495575 0.035398230088495575
1 0.5616519174041298 0.912094395280236 0.027138643067846607 0.022418879056047197
1 0.40825958702064896 0.9109144542772861 0.029498525073746312 0.030678466076696165
1 0.2646017699115044 0.9005899705014749 0.0359882005899705 0.02182890855457227
1 0.10707964601769912 0.9026548672566371 0.03008849557522124 0.021238938053097345
