1 0.15221238938053097 0.11858407079646018 0.03303834808259587 0.02359882005899705
1 0.3079646017699115 0.1454277286135693 0.024778761061946902 0.038348082595870206
1 0.463716814159292 0.1454277286135693 0.030678466076696165 0.02536873156342183
1 0.6135693215339233 0.14513274336283186 0.021238938053097345 0.024778761061946902
1 0.7705014749262536 0.14454277286135692 0.030678466076696165 0.02359882005899705
1 0.8991150442477875 0.12802359882005898 0.03185840707964602 0.020058997050147492
1 0.9014749262536873 0.3359882005899705 0.029498525073746312 0.027728613569321534
1 0.7825958702064897 0.3286135693215339 0.03480825958702065 0.022418879056047197
1 0.6265486725663717 0.32536873156342183 0.03421828908554572 0.02182890855457227
1 0.479646017699115 0.3507374631268437 0.035398230088495575 0.024188790560471976
1 0.31887905604719763 0.34601769911504426 0.03952802359882006 0.02654867256637168
1 0.15781710914454278 0.3631268436578171 0.03126843657817109 0.024188790560471976
1 0.15722713864306784 0.5156342182890855 0.03716814159292035 0.02359882005899705
1 0.31209439528023597 0.5129793510324484 0.029498525073746312 0.024188790560471976
1 0.46135693215339235 0.5182890855457227 0.03303834808259587 0.027728613569321534
1 0.615339233038348 0.5014749262536873 0.035398230088495575 0.022418879056047197
1 0.7610619469026548 0.46991150442477875 0.027138643067846607 0.02536873156342183
1 0.912094395280236 0.47404129793510325 0.035398230088495575 0.02654867256637168
1 0.904424778761062 0.6176991150442478 0.03185840707964602 0.025958702064896755
1 0.7589970501474926 0.6259587020648968 0.028908554572271386 0.022418879056047197
1 0.6132743362831858 0.6395280235988201 0.038348082595870206 0.025958702064896755
1 0.47109144542772863 0.6259587020648968 0.03480825958702065 0.022418879056047197
1 0.31150442477876106 0.6283185840707964 0.035398230088495575 0.025958702064896755
1 0.15368731563421828 0.631858407079646 0.032448377581120944 0.022418879056047197
1 0.1486725663716814 0.7805309734513274 0.03185840707964602 0.03303834808259587
1 0.2926253687315634 0.7749262536873156 0.03303834808259587 0.024188790560471976
1 0.44896755162241886 0.7740412979351032 0.03775811209439528 0.022418879056047197
1 0.6008849557522123 0.7672566371681416 0.03480825958702065 0.023008849557522124
1 0.7536873156342183 0.7654867256637168 0.032448377581120944 0.02536873156342183
1 0.8976401179941003 0.7640117994100295 0.03126843657817109 0.022418879056047197
1 0.8926253687315634 0.9011799410029498 0.030678466076696165 0.019469026548672566
1 0.7333333333333333 0.9 0.03421828908554572 0.02182890855457227
1 0.5908554572271386 0.9103244837758112 0.032448377581120944 0.02831858407079646
1 0.4365781710914454 0.912094395280236 0.03303834808259587 0.024778761061946902
1 0.2896755162241888 0.9144542772861357 0.03303834808259587 0.030678466076696165
1 0.13480825958702064 0.904424778761062 0.03480825958702065 0.022418879056047197
