1 0.09852507374631268 0.12684365781710916 0.025958702064896755 0.025958702064896755
1 0.2294985250737463 0.14513274336283186 0.027138643067846607 0.01887905604719764
1 0.384070796460177 0.14837758112094396 0.022418879056047197 0.023008849557522124
1 0.5353982300884955 0.14277286135693215 0.028908554572271386 0.027138643067846607
1 0.6926253687315634 0.1448377581120944 0.020058997050147492 0.04542772861356932
1 0.8489675516224189 0.12064896755162241 0.03657817109144543 0.02182890855457227
1 0.8442477876106195 0.36224188790560474 0.03657817109144543 0.021238938053097345
1 0.68023598820059 0.34601769911504426 0.03421828908554572 0.02536873156342183
1 0.5176991150442478 0.3528023598820059 0.032448377581120944 0.01887905604719764
1 0.37374631268436576 0.3224188790560472 0.033628318584070796 0.02654867256637168
1 0.21533923303834807 0.32890855457227136 0.02831858407079646 0.023008849557522124
1 0.10088495575221239 0.3333333333333333 0.030678466076696165 0.020058997050147492
1 0.08466076696165192 0.4749262536873156 0.024188790560471976 0.025958702064896755
1 0.23805309734513275 0.47463126843657816 0.03008849557522124 0.032448377581120944
1 0.3811209439528024 0.5035398230088496 0.027138643067846607 0.027728613569321534
1 0.5377581120943953 0.5227138643067847 0.03480825958702065 0.024778761061946902
1 0.6876106194690266 0.5120943952802359 0.033628318584070796 0.021238938053097345
1 0.8392330383480826 0.5144542772861357 0.03008849557522124 0.021238938053097345
1 0.8477876106194691 0.6324483775811209 0.030678466076696165 0.020058997050147492
1 0.687905604719764 0.6303834808259587 0.03421828908554572 0.03008849557522124
1 0.5309734513274336 0.6277286135693215 0.02831858407079646 0.01887905604719764
1 0.3852507374631268 0.6389380530973451 0.03421828908554572 0.021238938053097345
1 0.24100294985250736 0.6253687315634218 0.03126843657817109 0.016519174041297935
1 0.0976401179941003 0.6138643067846608 0.03480825958702065 0.019469026548672566
1 0.10412979351032448 0.7628318584070797 0.027728613569321534 0.01887905604719764
1 0.24660766961651917 0.7657817109144542 0.03775811209439528 0.025958702064896755
1 0.396165191740413 0.7634218289085546 0.03480825958702065 0.027138643067846607
1 0.5528023598820059 0.772566371681416 0.03893805309734513 0.02064896755162242
1 0.708259587020649 0.772566371681416 0.0359882005899705 0.027728613569321534
1 0.852212389380531 0.7846607669616519 0.033628318584070796 0.03775811209439528
1 0.8643067846607669 0.9026548672566371 0.035398230088495575 0.021238938053097345
1 0.7100294985250737 0.9141592920353983 0.032448377581120944 0.03008849557522124
1 0.5634218289085545 0.9123893805309734 0.030678466076696165 0.02654867256637168
1 0.4085545722713864 0.9117994100294985 0.03008849557522124 0.023008849557522124
1 0.26666666666666666 0.8985250737463126 0.027138643067846607 0.01887905604719764
1 0.10530973451327433 0.9005899705014749 0.03008849557522124 0.023008849557522124
