1 0.12566371681415928 0.10471976401179942 0.030678466076696165 0.02654867256637168
1 0.29793510324483774 0.11622418879056047 0.02831858407079646 0.02359882005899705
1 0.4498525073746313 0.12330383480825959 0.027728613569321534 0.024778761061946902
1 0.6227138643067847 0.1433628318584071 0.0359882005899705 0.025958702064896755
1 0.7575221238938052 0.1368731563421829 0.027138643067846607 0.021238938053097345
1 0.9362831858407079 0.14513274336283186 0.02831858407079646 0.020058997050147492
1 0.9286135693215339 0.29970501474926253 0.03421828908554572 0.021238938053097345
1 0.755457227138643 0.3 0.028908554572271386 0.018289085545722714
1 0.6141592920353982 0.3047197640117994 0.03421828908554572 0.024188790560471976
1 0.4539823008849557 0.30029498525073745 0.04070796460176991 0.024778761061946902
1 0.2982300884955752 0.2837758112094395 0.03480825958702065 0.020058997050147492
1 0.12330383480825959 0.27640117994100294 0.03421828908554572 0.02182890855457227
1 0.12300884955752212 0.44041297935103246 0.03480825958702065 0.02536873156342183
1 0.28230088495575223 0.44011799410029495 0.033628318584070796 0.020058997050147492
1 0.4480825958702065 0.44188790560471974 0.02654867256637168 0.022418879056047197
1 0.6085545722713864 0.44601769911504424 0.03008849557522124 0.022418879056047197
1 0.7557522123893805 0.4480825958702065 0.030678466076696165 0.019469026548672566
1 0.9330383480825959 0.4510324483775811 0.028908554572271386 0.018289085545722714
1 0.12507374631268436 0.5828908554572272 0.029498525073746312 0.029498525073746312
1 0.2843657817109144 0.5787610619469027 0.029498525073746312 0.020058997050147492
1 0.44778761061946903 0.5772861356932153 0.03185840707964602 0.023008849557522124
1 0.603834808259587 0.5775811209439528 0.03008849557522124 0.01887905604719764
1 0.747787610619469 0.5890855457227139 0.03008849557522124 0.01710914454277286
1 0.9353982300884955 0.5982300884955752 0.02654867256637168 0.021238938053097345
1 0.9342182890855457 0.7206489675516224 0.038348082595870206 0.019469026548672566
1 0.755457227138643 0.7188790560471976 0.03008849557522124 0.02182890855457227
1 0.6035398230088496 0.7073746312684366 0.03303834808259587 0.022418879056047197
1 0.4469026548672566 0.699410029498525 0.03008849557522124 0.02654867256637168
1 0.2929203539823009 0.6988200589970501 0.03126843657817109 0.01592920353982301
1 0.11976401179941003 0.7117994100294985 0.035398230088495575 0.019469026548672566
1 0.11769911504424779 0.8761061946902655 0.028908554572271386 0.02359882005899705
1 0.27699115044247785 0.8572271386430679 0.0359882005899705 0.01887905604719764
1 0.44424778761061945 0.8489675516224189 0.03303834808259587 0.017699115044247787
1 0.6041297935103245 0.8504424778761062 0.027138643067846607 0.019469026548672566
1 0.7566371681415929 0.8460176991150442 0.033628318584070796 0.016519174041297935
1 0.9365781710914454 0.8365781710914454 0.0359882005899705 0.021238938053097345
