0 0.15103244837758112 0.1495575221238938 0.04601769911504425 0.04660766961651917
0 0.27728613569321536 0.10648967551622418 0.040117994100294985 0.04542772861356932
1 0.4911504424778761 0.11769911504424779 0.03480825958702065 0.027728613569321534
0 0.6430678466076696 0.10501474926253687 0.035398230088495575 0.03421828908554572
1 0.7215339233038348 0.09410029498525074 0.035398230088495575 0.038348082595870206
0 0.8761061946902655 0.12861356932153392 0.0696165191740413 0.04601769911504425
0 0.8451327433628318 0.23628318584070795 0.05368731563421829 0.043067846607669616
0 0.7330383480825958 0.26253687315634217 0.04188790560471976 0.03303834808259587
0 0.6064896755162241 0.2528023598820059 0.04837758112094395 0.0607669616519174
1 0.47463126843657816 0.2584070796460177 0.06312684365781711 0.03893805309734513
0 0.27551622418879057 0.22684365781710913 0.04601769911504425 0.04070796460176991
0 0.17020648967551621 0.29321533923303833 0.0808259587020649 0.049557522123893805
0 0.1430678466076696 0.46755162241887904 0.0359882005899705 0.03008849557522124
1 0.2873156342182891 0.41238938053097346 0.04601769911504425 0.0471976401179941
0 0.4032448377581121 0.4085545722713864 0.07728613569321534 0.0808259587020649
0 0.5265486725663717 0.3728613569321534 0.05014749262536873 0.07315634218289085
0 0.6985250737463127 0.36607669616519173 0.07905604719764012 0.061946902654867256
0 0.8710914454277287 0.4469026548672566 0.04188790560471976 0.07256637168141593
1 0.8823008849557522 0.5551622418879056 0.04660766961651917 0.035398230088495575
0 0.7259587020648968 0.5787610619469027 0.0359882005899705 0.035398230088495575
0 0.5799410029498525 0.5380530973451327 0.0696165191740413 0.06253687315634218
0 0.4389380530973451 0.5333333333333333 0.04365781710914454 0.04129793510324484
1 0.3185840707964602 0.5471976401179941 0.04601769911504425 0.047787610619469026
0 0.15132743362831858 0.584070796460177 0.057227138643067846 0.058997050147492625
0 0.16194690265486725 0.7020648967551623 0.08790560471976401 0.0696165191740413
1 0.3368731563421829 0.7339233038348083 0.04601769911504425 0.04129793510324484
0 0.44129793510324483 0.699410029498525 0.03657817109144543 0.061946902654867256
0 0.5569321533923304 0.6929203539823009 0.06489675516224189 0.08790560471976401
0 0.7976401179941003 0.6946902654867256 0.03421828908554572 0.07374631268436578
0 0.8823008849557522 0.6902654867256637 0.032448377581120944 0.04837758112094395
0 0.26607669616519175 0.8088495575221238 0.054277286135693215 0.04365781710914454
0 0.16666666666666666 0.8787610619469026 0.06430678466076696 0.05132743362831858
1 0.4079646017699115 0.863716814159292 0.03716814159292035 0.035398230088495575
0 0.6353982300884956 0.8247787610619469 0.04129793510324484 0.09085545722713864
0 0.7056047197640118 0.8587020648967552 0.040117994100294985 0.07728613569321534
0 0.896165191740413 0.8256637168141593 0.035398230088495575 0.043067846607669616
