1 0.06312684365781711 0.1433628318584071 0.030678466076696165 0.021238938053097345
1 0.23893805309734512 0.14749262536873156 0.02831858407079646 0.027138643067846607
1 0.37905604719764013 0.14454277286135692 0.03008849557522124 0.02359882005899705
1 0.5507374631268437 0.12566371681415928 0.033628318584070796 0.024778761061946902
1 0.7023598820058997 0.11946902654867256 0.02654867256637168 0.02536873156342183
1 0.8761061946902655 0.11002949852507374 0.03303834808259587 0.018289085545722714
1 0.8781710914454277 0.27463126843657815 0.0359882005899705 0.019469026548672566
1 0.7014749262536873 0.28112094395280235 0.03303834808259587 0.02654867256637168
1 0.5448377581120943 0.30117994100294987 0.038348082595870206 0.02182890855457227
1 0.38495575221238937 0.30117994100294987 0.0359882005899705 0.02536873156342183
1 0.2448377581120944 0.2991150442477876 0.027138643067846607 0.022418879056047197
1 0.07168141592920355 0.30117994100294987 0.032448377581120944 0.019469026548672566
1 0.06460176991150443 0.44955752212389377 0.032448377581120944 0.016519174041297935
1 0.24041297935103245 0.4463126843657817 0.03480825958702065 0.024188790560471976
1 0.3920353982300885 0.4451327433628319 0.033628318584070796 0.02536873156342183
1 0.5510324483775811 0.44365781710914454 0.02831858407079646 0.022418879056047197
1 0.7135693215339233 0.4389380530973451 0.032448377581120944 0.017699115044247787
1 0.8758112094395281 0.4389380530973451 0.03126843657817109 0.02359882005899705
1 0.06342182890855458 0.5964601769911504 0.02654867256637168 0.03303834808259587
1 0.24985250737463127 0.5896755162241888 0.03126843657817109 0.02182890855457227
1 0.39557522123893807 0.5787610619469027 0.03126843657817109 0.022418879056047197
1 0.5539823008849557 0.5790560471976401 0.03303834808259587 0.02064896755162242
1 0.7132743362831858 0.5790560471976401 0.030678466076696165 0.02064896755162242
1 0.8746312684365781 0.5823008849557522 0.028908554572271386 0.022418879056047197
1 0.8646017699115044 0.7061946902654868 0.02064896755162242 0.03775811209439528
1 0.7094395280235988 0.7 0.03126843657817109 0.02536873156342183
1 0.5495575221238937 0.703834808259587 0.03126843657817109 0.02359882005899705
1 0.3958702064896755 0.7050147492625368 0.030678466076696165 0.022418879056047197
1 0.24365781710914453 0.7171091445427729 0.02831858407079646 0.033628318584070796
1 0.06371681415929203 0.7233038348082595 0.029498525073746312 0.025958702064896755
1 0.06578171091445428 0.8324483775811209 0.03480825958702065 0.021238938053097345
1 0.231858407079646 0.8330383480825958 0.035398230088495575 0.016519174041297935
1 0.4044247787610619 0.8324483775811209 0.028908554572271386 0.027138643067846607
1 0.5513274336283186 0.8451327433628318 0.03480825958702065 0.02064896755162242
1 0.7209439528023599 0.8342182890855457 0.03657817109144543 0.02831858407079646
1 0.8663716814159292 0.868141592920354 0.02182890855457227 0.027728613569321534
