0 0.15339233038348082 0.17138643067846607 0.05191740412979351 0.06312684365781711
0 0.2952802359882006 0.16430678466076695 0.0855457227138643 0.07020648967551622
0 0.4988200589970501 0.22890855457227138 0.06902654867256637 0.06607669616519174
0 0.6333333333333333 0.22005899705014748 0.04070796460176991 0.07905604719764012
0 0.771976401179941 0.17522123893805308 0.03480825958702065 0.11327433628318584
0 0.8628318584070797 0.19380530973451326 0.08672566371681416 0.04542772861356932
0 0.8740412979351032 0.32271386430678467 0.043067846607669616 0.15221238938053097
0 0.7861356932153393 0.31032448377581123 0.0584070796460177 0.0967551622418879
0 0.6309734513274337 0.32271386430678467 0.043067846607669616 0.08613569321533923
0 0.14778761061946902 0.36607669616519173 0.04542772861356932 0.043067846607669616
0 0.3176991150442478 0.3793510324483776 0.03952802359882006 0.06607669616519174
0 0.4864306784660767 0.39410029498525073 0.04542772861356932 0.06607669616519174
0 0.14424778761061946 0.4882005899705015 0.047787610619469026 0.0808259587020649
0 0.3056047197640118 0.484070796460177 0.044837758112094395 0.08790560471976401
0 0.7722713864306785 0.451622418879056 0.05781710914454277 0.09852507374631268
0 0.8648967551622418 0.46755162241887904 0.06135693215339233 0.07492625368731563
0 0.47522123893805307 0.5345132743362832 0.05368731563421829 0.06843657817109144
0 0.6436578171091445 0.5351032448377581 0.05191740412979351 0.049557522123893805
1 0.1303834808259587 0.61976401179941 0.04247787610619469 0.05368731563421829
0 0.31150442477876106 0.623598820058997 0.0471976401179941 0.05309734513274336
0 0.45309734513274336 0.6743362831858407 0.071976401179941 0.05781710914454277
0 0.6407079646017699 0.6554572271386431 0.06017699115044248 0.07315634218289085
0 0.7672566371681416 0.6831858407079646 0.05486725663716814 0.12625368731563422
0 0.8663716814159292 0.687905604719764 0.04542772861356932 0.08613569321533923
0 0.8808259587020649 0.7640117994100295 0.06135693215339233 0.08023598820058997
1 0.14985250737463127 0.7587020648967552 0.040117994100294985 0.03657817109144543
0 0.2926253687315634 0.7716814159292036 0.0471976401179941 0.05073746312684366
0 0.46283185840707963 0.7448377581120944 0.03952802359882006 0.05014749262536873
0 0.6188790560471976 0.8162241887905605 0.11799410029498525 0.0584070796460177
0 0.7539823008849558 0.8185840707964601 0.04601769911504425 0.0607669616519174
0 0.8817109144542773 0.9389380530973451 0.04896755162241888 0.08436578171091445
0 0.7398230088495575 0.9433628318584071 0.05073746312684366 0.0743362831858407
0 0.5979351032448378 0.9333333333333333 0.03952802359882006 0.07551622418879056
0 0.46283185840707963 0.8793510324483775 0.03716814159292035 0.027728613569321534
0 0.3230088495575221 0.9336283185840708 0.11150442477876106 0.05132743362831858
0 0.1471976401179941 0.9188790560471977 0.0359882005899705 0.04070796460176991
