1 0.15811209439528023 0.1182890855457227 0.03421828908554572 0.027728613569321534
1 0.3215339233038348 0.1336283185840708 0.03185840707964602 0.018289085545722714
1 0.4731563421828908 0.1463126843657817 0.03303834808259587 0.015339233038348082
1 0.6333333333333333 0.14660766961651917 0.027728613569321534 0.02536873156342183
1 0.779646017699115 0.1480825958702065 0.032448377581120944 0.022418879056047197
1 0.9005899705014749 0.14837758112094396 0.02654867256637168 0.032448377581120944
1 0.9029498525073746 0.335693215339233 0.024188790560471976 0.02359882005899705
1 0.7858407079646017 0.32949852507374633 0.03303834808259587 0.02654867256637168
1 0.6297935103244837 0.32448377581120946 0.03008849557522124 0.024778761061946902
1 0.48289085545722715 0.35339233038348083 0.03126843657817109 0.022418879056047197
1 0.3206489675516224 0.3454277286135693 0.03480825958702065 0.02654867256637168
1 0.15516224188790562 0.3613569321533923 0.02831858407079646 0.019469026548672566
1 0.1607669616519174 0.5141592920353982 0.028908554572271386 0.02536873156342183
1 0.31474926253687313 0.5150442477876106 0.027728613569321534 0.020058997050147492
1 0.46578171091445425 0.5212389380530973 0.02536873156342183 0.024188790560471976
1 0.6206489675516225 0.5011799410029498 0.024778761061946902 0.02536873156342183
1 0.763716814159292 0.47227138643067845 0.03008849557522124 0.02182890855457227
1 0.9144542772861357 0.47581120943952804 0.02831858407079646 0.03008849557522124
1 0.9079646017699115 0.6179941002949852 0.03185840707964602 0.019469026548672566
1 0.756047197640118 0.6185840707964602 0.023008849557522124 0.019469026548672566
1 0.6156342182890855 0.6383480825958702 0.028908554572271386 0.022418879056047197
1 0.47079646017699117 0.6277286135693215 0.03657817109144543 0.01887905604719764
1 0.3126843657817109 0.6303834808259587 0.035398230088495575 0.024188790560471976
1 0.15339233038348082 0.6339233038348082 0.03303834808259587 0.018289085545722714
1 0.15073746312684366 0.7823008849557522 0.027728613569321534 0.025958702064896755
1 0.29793510324483774 0.772566371681416 0.030678466076696165 0.02654867256637168
1 0.4492625368731563 0.7740412979351032 0.03008849557522124 0.022418879056047197
1 0.603834808259587 0.7669616519174041 0.0359882005899705 0.016519174041297935
1 0.7566371681415929 0.768141592920354 0.028908554572271386 0.022418879056047197
1 0.8985250737463126 0.7654867256637168 0.030678466076696165 0.024188790560471976
1 0.8976401179941003 0.9061946902654867 0.02654867256637168 0.01887905604719764
1 0.7330383480825958 0.903244837758112 0.03480825958702065 0.020058997050147492
1 0.5932153392330384 0.912094395280236 0.028908554572271386 0.03185840707964602
1 0.4383480825958702 0.9168141592920354 0.029498525073746312 0.02359882005899705
1 0.2914454277286136 0.9138643067846608 0.030678466076696165 0.025958702064896755
1 0.13451327433628318 0.9017699115044248 0.03185840707964602 0.023008849557522124
