1 0.10943952802359883 0.10206489675516224 0.043067846607669616 0.03185840707964602
1 0.252212389380531 0.10589970501474927 0.04188790560471976 0.024188790560471976
1 0.4008849557522124 0.10648967551622418 0.03716814159292035 0.023008849557522124
1 0.5433628318584071 0.1079646017699115 0.03893805309734513 0.01887905604719764
1 0.7123893805309734 0.11769911504424779 0.03716814159292035 0.028908554572271386
1 0.856637168141593 0.12536873156342182 0.040117994100294985 0.027728613569321534
1 0.8607669616519174 0.2336283185840708 0.03421828908554572 0.024778761061946902
1 0.7044247787610619 0.22890855457227138 0.03775811209439528 0.021238938053097345
1 0.5424778761061947 0.23097345132743363 0.03716814159292035 0.02536873156342183
1 0.3943952802359882 0.22890855457227138 0.043067846607669616 0.02359882005899705
1 0.24690265486725663 0.22890855457227138 0.03480825958702065 0.021238938053097345
1 0.12389380530973451 0.22831858407079647 0.03775811209439528 0.020058997050147492
1 0.1215339233038348 0.3678466076696165 0.03657817109144543 0.02536873156342183
1 0.2345132743362832 0.3601769911504425 0.0359882005899705 0.018289085545722714
1 0.37079646017699114 0.3678466076696165 0.03716814159292035 0.019469026548672566
1 0.5463126843657817 0.3687315634218289 0.03303834808259587 0.020058997050147492
1 0.6896755162241888 0.3640117994100295 0.03657817109144543 0.020058997050147492
1 0.8666666666666667 0.3769911504424779 0.03657817109144543 0.022418879056047197
1 0.8525073746312685 0.4902654867256637 0.04129793510324484 0.021238938053097345
1 0.6982300884955752 0.49321533923303834 0.038348082595870206 0.024778761061946902
1 0.5507374631268437 0.5 0.032448377581120944 0.02064896755162242
1 0.36991150442477877 0.5061946902654867 0.03303834808259587 0.025958702064896755
1 0.2351032448377581 0.5292035398230088 0.0359882005899705 0.020058997050147492
1 0.12182890855457226 0.524188790560472 0.028908554572271386 0.028908554572271386
1 0.11445427728613569 0.6604719764011799 0.030678466076696165 0.02182890855457227
1 0.2336283185840708 0.668141592920354 0.03185840707964602 0.023008849557522124
1 0.36342182890855457 0.6625368731563421 0.03893805309734513 0.022418879056047197
1 0.5300884955752212 0.6601769911504425 0.03480825958702065 0.020058997050147492
1 0.6929203539823009 0.6610619469026549 0.03952802359882006 0.018289085545722714
1 0.8533923303834808 0.6616519174041298 0.04070796460176991 0.027728613569321534
1 0.8477876106194691 0.8106194690265487 0.03775811209439528 0.022418879056047197
1 0.692330383480826 0.8017699115044248 0.038348082595870206 0.025958702064896755
1 0.5141592920353982 0.8123893805309734 0.03952802359882006 0.022418879056047197
1 0.3728613569321534 0.8141592920353982 0.04129793510324484 0.024778761061946902
1 0.2377581120943953 0.8117994100294985 0.03893805309734513 0.021238938053097345
1 0.12123893805309735 0.8135693215339233 0.038348082595870206 0.027138643067846607
