0 0.12123893805309735 0.12330383480825959 0.06430678466076696 0.04247787610619469
1 0.2766961651917404 0.0935103244837758 0.035398230088495575 0.04424778761061947
0 0.3554572271386431 0.10471976401179942 0.04542772861356932 0.04070796460176991
0 0.5120943952802359 0.11327433628318584 0.03775811209439528 0.040117994100294985
0 0.7215339233038348 0.10678466076696165 0.0471976401179941 0.049557522123893805
0 0.8507374631268436 0.14690265486725662 0.04601769911504425 0.040117994100294985
0 0.8271386430678466 0.2902654867256637 0.071976401179941 0.054277286135693215
0 0.7182890855457227 0.22536873156342183 0.05368731563421829 0.04365781710914454
1 0.5244837758112094 0.2563421828908555 0.06607669616519174 0.047787610619469026
0 0.39764011799410026 0.2519174041297935 0.06725663716814159 0.06253687315634218
0 0.2646017699115044 0.25958702064896755 0.04070796460176991 0.04129793510324484
0 0.1486725663716814 0.2368731563421829 0.05663716814159292 0.05014749262536873
0 0.30029498525073745 0.3740412979351032 0.07905604719764012 0.07669616519174041
0 0.47699115044247786 0.37168141592920356 0.047787610619469026 0.0743362831858407
0 0.5946902654867257 0.4070796460176991 0.08495575221238938 0.07551622418879056
1 0.7097345132743362 0.4085545722713864 0.0471976401179941 0.04896755162241888
0 0.8536873156342183 0.46696165191740413 0.04837758112094395 0.03126843657817109
0 0.8448377581120944 0.5852507374631268 0.0696165191740413 0.054277286135693215
1 0.679646017699115 0.547787610619469 0.04601769911504425 0.043067846607669616
0 0.5595870206489676 0.5339233038348082 0.04424778761061947 0.03657817109144543
0 0.4176991150442478 0.5415929203539823 0.071976401179941 0.05781710914454277
0 0.2728613569321534 0.5796460176991151 0.038348082595870206 0.03716814159292035
1 0.11740412979351032 0.5551622418879056 0.04247787610619469 0.03893805309734513
1 0.11651917404129794 0.6867256637168142 0.032448377581120944 0.04601769911504425
0 0.20471976401179942 0.6938053097345133 0.03657817109144543 0.071976401179941
0 0.44188790560471974 0.6941002949852507 0.06489675516224189 0.0855457227138643
0 0.5587020648967551 0.6932153392330384 0.03893805309734513 0.049557522123893805
0 0.6616519174041298 0.7309734513274336 0.05014749262536873 0.04365781710914454
0 0.8392330383480826 0.7011799410029499 0.08200589970501475 0.06784660766961652
0 0.7351032448377581 0.8082595870206489 0.05073746312684366 0.04365781710914454
0 0.8303834808259587 0.8749262536873156 0.061946902654867256 0.04365781710914454
0 0.10324483775811209 0.8256637168141593 0.02831858407079646 0.04424778761061947
0 0.29557522123893804 0.8589970501474926 0.04129793510324484 0.07551622418879056
0 0.36755162241887906 0.8256637168141593 0.030678466076696165 0.09498525073746313
1 0.5920353982300884 0.8654867256637168 0.03952802359882006 0.03303834808259587
0 0.13215339233038348 0.44365781710914454 0.05781710914454277 0.08141592920353982
