0 0.1359882005899705 0.1410029498525074 0.09734513274336283 0.10265486725663717
0 0.3117994100294985 0.13421828908554573 0.12920353982300886 0.14454277286135692
0 0.5129793510324484 0.10825958702064897 0.07846607669616519 0.15162241887905603
0 0.6663716814159292 0.12507374631268436 0.0808259587020649 0.20648967551622419
0 0.8734513274336283 0.08820058997050148 0.14454277286135692 0.09970501474926254
0 0.7864306784660767 0.24926253687315633 0.20294985250737463 0.09026548672566372
0 0.6203539823008849 0.2504424778761062 0.061946902654867256 0.09616519174041298
0 0.5247787610619469 0.28171091445427726 0.15870206489675515 0.047787610619469026
0 0.30855457227138644 0.27817109144542773 0.035398230088495575 0.04424778761061947
0 0.14601769911504425 0.3185840707964602 0.09498525073746313 0.04247787610619469
1 0.15368731563421828 0.40117994100294985 0.023008849557522124 0.03421828908554572
0 0.3230088495575221 0.412094395280236 0.1882005899705015 0.0855457227138643
0 0.41327433628318583 0.4654867256637168 0.05486725663716814 0.1191740412979351
0 0.47345132743362833 0.4182890855457227 0.05604719764011799 0.04129793510324484
0 0.6058997050147492 0.39321533923303836 0.09085545722713864 0.1976401179941003
0 0.7690265486725664 0.40825958702064896 0.07138643067846608 0.0471976401179941
0 0.11297935103244838 0.5032448377581121 0.11504424778761062 0.08377581120943953
1 0.24660766961651917 0.5613569321533923 0.021238938053097345 0.032448377581120944
0 0.4191740412979351 0.5433628318584071 0.08908554572271386 0.12743362831858407
1 0.5132743362831859 0.5179941002949853 0.04365781710914454 0.025958702064896755
1 0.671386430678466 0.5601769911504425 0.03657817109144543 0.027728613569321534
0 0.7746312684365781 0.5557522123893806 0.07669616519174041 0.04129793510324484
0 0.10530973451327433 0.6533923303834808 0.09380530973451327 0.17522123893805308
1 0.24690265486725663 0.6766961651917404 0.027728613569321534 0.027138643067846607
0 0.3846607669616519 0.6551622418879056 0.049557522123893805 0.12212389380530973
0 0.5050147492625369 0.6353982300884956 0.1911504424778761 0.06253687315634218
0 0.628023598820059 0.6908554572271386 0.09852507374631268 0.17345132743362832
0 0.7507374631268436 0.7454277286135693 0.07374631268436578 0.15870206489675515
0 0.751622418879056 0.6949852507374631 0.044837758112094395 0.05309734513274336
0 0.575811209439528 0.8035398230088495 0.10619469026548672 0.11209439528023599
0 0.4631268436578171 0.8100294985250738 0.03185840707964602 0.07669616519174041
1 0.32654867256637166 0.8079646017699115 0.032448377581120944 0.028908554572271386
0 0.10294985250737462 0.7864306784660767 0.10324483775811209 0.17699115044247787
0 0.21474926253687315 0.7991150442477876 0.0920353982300885 0.15516224188790562
