1 0.10737463126843658 0.10678466076696165 0.03775811209439528 0.022418879056047197
1 0.2587020648967552 0.10412979351032448 0.04070796460176991 0.01592920353982301
1 0.39705014749262535 0.10707964601769912 0.03303834808259587 0.023008849557522124
1 0.5398230088495575 0.10884955752212389 0.040117994100294985 0.019469026548672566
1 0.7112094395280236 0.11651917404129794 0.03126843657817109 0.019469026548672566
1 0.8563421828908554 0.12625368731563422 0.03952802359882006 0.02359882005899705
1 0.8595870206489675 0.2351032448377581 0.040117994100294985 0.023008849557522124
1 0.7005899705014749 0.22861356932153393 0.0359882005899705 0.019469026548672566
1 0.5383480825958702 0.22979351032448378 0.038348082595870206 0.02182890855457227
1 0.3949852507374631 0.22890855457227138 0.033628318584070796 0.021238938053097345
1 0.24277286135693216 0.228023598820059 0.028908554572271386 0.02064896755162242
1 0.12212389380530973 0.22890855457227138 0.030678466076696165 0.022418879056047197
1 0.12182890855457226 0.3663716814159292 0.033628318584070796 0.024778761061946902
1 0.2365781710914454 0.3595870206489675 0.03657817109144543 0.019469026548672566
1 0.36902654867256635 0.36666666666666664 0.0359882005899705 0.018289085545722714
1 0.5474926253687316 0.37168141592920356 0.03421828908554572 0.022418879056047197
1 0.6914454277286135 0.3654867256637168 0.03421828908554572 0.01592920353982301
1 0.8663716814159292 0.3769911504424779 0.03126843657817109 0.021238938053097345
1 0.1191740412979351 0.5230088495575221 0.027138643067846607 0.028908554572271386
1 0.23480825958702065 0.5259587020648967 0.03303834808259587 0.019469026548672566
1 0.36991150442477877 0.5056047197640118 0.030678466076696165 0.02831858407079646
1 0.5460176991150443 0.5005899705014749 0.033628318584070796 0.023008849557522124
1 0.6988200589970501 0.4970501474926254 0.03716814159292035 0.02536873156342183
1 0.8560471976401179 0.49085545722713864 0.03303834808259587 0.021238938053097345
1 0.8525073746312685 0.6619469026548672 0.03893805309734513 0.024778761061946902
1 0.6896755162241888 0.6595870206489676 0.035398230088495575 0.029498525073746312
1 0.5286135693215339 0.6619469026548672 0.03303834808259587 0.021238938053097345
1 0.12212389380530973 0.8097345132743363 0.029498525073746312 0.019469026548672566
1 0.11445427728613569 0.6613569321533923 0.035398230088495575 0.024778761061946902
1 0.23628318584070795 0.6654867256637168 0.028908554572271386 0.020058997050147492
1 0.36607669616519173 0.6628318584070796 0.032448377581120944 0.032448377581120944
1 0.2365781710914454 0.8073746312684366 0.03775811209439528 0.023008849557522124
1 0.37315634218289084 0.8141592920353982 0.04188790560471976 0.017699115044247787
1 0.512684365781711 0.8147492625368732 0.035398230088495575 0.02831858407079646
1 0.691150442477876 0.8044247787610619 0.038348082595870206 0.02182890855457227
1 0.8489675516224189 0.8123893805309734 0.040117994100294985 0.017699115044247787
