0 0.10088495575221239 0.11651917404129794 0.0471976401179941 0.038348082595870206
0 0.20412979351032448 0.15457227138643068 0.07905604719764012 0.10383480825958702
0 0.35339233038348083 0.1056047197640118 0.05073746312684366 0.04247787610619469
0 0.48112094395280236 0.13480825958702064 0.12920353982300886 0.0831858407079646
0 0.6306784660766962 0.1383480825958702 0.11091445427728613 0.07020648967551622
0 0.7631268436578171 0.17758112094395279 0.06784660766961652 0.08259587020648967
0 0.7808259587020648 0.22477876106194689 0.12684365781710916 0.10383480825958702
0 0.6601769911504425 0.26253687315634217 0.10383480825958702 0.071976401179941
1 0.5005899705014749 0.28023598820059 0.04424778761061947 0.04365781710914454
0 0.3374631268436578 0.2687315634218289 0.07787610619469026 0.03716814159292035
1 0.22861356932153393 0.26902654867256637 0.052507374631268436 0.030678466076696165
0 0.12182890855457226 0.2761061946902655 0.047787610619469026 0.0696165191740413
1 0.1079646017699115 0.45958702064896756 0.05309734513274336 0.040117994100294985
0 0.2696165191740413 0.4112094395280236 0.09911504424778761 0.06843657817109144
0 0.3746312684365782 0.4551622418879056 0.07315634218289085 0.1421828908554572
1 0.5085545722713865 0.3949852507374631 0.05073746312684366 0.04188790560471976
0 0.6764011799410029 0.46106194690265484 0.10678466076696165 0.0584070796460177
0 0.7805309734513274 0.4271386430678466 0.040117994100294985 0.04129793510324484
0 0.532448377581121 0.5194690265486726 0.05014749262536873 0.043067846607669616
0 0.1486725663716814 0.6011799410029498 0.03185840707964602 0.0471976401179941
1 0.16814159292035397 0.6920353982300885 0.04365781710914454 0.04129793510324484
0 0.32831858407079645 0.6117994100294986 0.0808259587020649 0.15575221238938053
0 0.42684365781710915 0.6014749262536873 0.12566371681415928 0.06666666666666667
0 0.668141592920354 0.5651917404129794 0.11032448377581121 0.12979351032448377
0 0.7790560471976401 0.5542772861356932 0.033628318584070796 0.04896755162241888
0 0.7740412979351032 0.6716814159292035 0.1191740412979351 0.09970501474926254
0 0.6873156342182891 0.6761061946902654 0.054277286135693215 0.05191740412979351
0 0.5421828908554572 0.6705014749262537 0.06607669616519174 0.06666666666666667
0 0.11238938053097344 0.820353982300885 0.04660766961651917 0.09262536873156342
0 0.27315634218289087 0.7300884955752213 0.035398230088495575 0.043067846607669616
1 0.26991150442477874 0.772566371681416 0.03008849557522124 0.0359882005899705
0 0.4294985250737463 0.7631268436578171 0.12389380530973451 0.11150442477876106
0 0.39085545722713866 0.8492625368731563 0.12448377581120944 0.12212389380530973
0 0.5442477876106194 0.8389380530973451 0.07728613569321534 0.12625368731563422
0 0.6536873156342182 0.7858407079646017 0.054277286135693215 0.08141592920353982
0 0.7690265486725664 0.7837758112094395 0.16578171091445426 0.06548672566371681
