0 0.10058997050147492 0.11799410029498525 0.038348082595870206 0.03657817109144543
0 0.20117994100294984 0.15693215339233038 0.07079646017699115 0.0920353982300885
0 0.3495575221238938 0.10619469026548672 0.03126843657817109 0.04837758112094395
0 0.48348082595870207 0.1359882005899705 0.12448377581120944 0.08200589970501475
0 0.6321533923303835 0.1421828908554572 0.07256637168141593 0.09321533923303835
0 0.7743362831858407 0.17315634218289086 0.0808259587020649 0.07256637168141593
0 0.7908554572271387 0.23893805309734512 0.12802359882005898 0.04365781710914454
0 0.6657817109144543 0.25781710914454276 0.0855457227138643 0.071976401179941
1 0.49793510324483775 0.2766961651917404 0.03657817109144543 0.03185840707964602
0 0.3368731563421829 0.26755162241887903 0.071976401179941 0.032448377581120944
1 0.23215339233038348 0.26755162241887903 0.04660766961651917 0.032448377581120944
0 0.10766961651917403 0.2713864306784661 0.0584070796460177 0.06135693215339233
1 0.10648967551622418 0.4581120943952802 0.04542772861356932 0.038348082595870206
0 0.26843657817109146 0.4109144542772861 0.10265486725663717 0.06430678466076696
0 0.3831858407079646 0.45250737463126844 0.06666666666666667 0.1368731563421829
1 0.5064896755162241 0.3985250737463127 0.057227138643067846 0.03716814159292035
0 0.667551622418879 0.4592920353982301 0.09498525073746313 0.05368731563421829
0 0.7799410029498525 0.42743362831858406 0.04247787610619469 0.0359882005899705
0 0.7775811209439528 0.5539823008849557 0.03893805309734513 0.05309734513274336
0 0.15103244837758112 0.5970501474926253 0.03657817109144543 0.04247787610619469
0 0.15457227138643068 0.6654867256637168 0.03775811209439528 0.05545722713864307
0 0.30442477876106194 0.6176991150442478 0.08141592920353982 0.1463126843657817
0 0.2737463126843658 0.7268436578171091 0.029498525073746312 0.03893805309734513
0 0.412094395280236 0.6029498525073747 0.11150442477876106 0.07669616519174041
0 0.5342182890855457 0.5212389380530973 0.04660766961651917 0.04660766961651917
0 0.6619469026548672 0.5660766961651917 0.10619469026548672 0.09262536873156342
0 0.5436578171091445 0.6651917404129793 0.06902654867256637 0.06430678466076696
0 0.4312684365781711 0.7622418879056048 0.10855457227138643 0.11445427728613569
0 0.6873156342182891 0.6766961651917404 0.04601769911504425 0.05663716814159292
0 0.7710914454277286 0.6710914454277286 0.10973451327433628 0.09852507374631268
0 0.1168141592920354 0.8280235988200589 0.05073746312684366 0.09498525073746313
1 0.25309734513274335 0.8392330383480826 0.03657817109144543 0.027728613569321534
0 0.37964601769911505 0.8489675516224189 0.13156342182890857 0.10737463126843658
0 0.5578171091445427 0.8368731563421828 0.05486725663716814 0.1056047197640118
0 0.6501474926253688 0.7890855457227138 0.0471976401179941 0.07964601769911504
0 0.7749262536873156 0.799410029498525 0.15162241887905603 0.06253687315634218
