1 0.14896755162241887 0.1896755162241888 0.038348082595870206 0.027728613569321534
1 0.30855457227138644 0.19705014749262537 0.040117994100294985 0.02359882005899705
1 0.48731563421828905 0.18672566371681415 0.03657817109144543 0.02536873156342183
1 0.6300884955752213 0.184070796460177 0.03775811209439528 0.021238938053097345
1 0.7654867256637168 0.1902654867256637 0.03716814159292035 0.018289085545722714
1 0.8784660766961652 0.19085545722713865 0.03303834808259587 0.02182890855457227
1 0.8855457227138643 0.3398230088495575 0.03421828908554572 0.029498525073746312
1 0.7684365781710915 0.3309734513274336 0.03126843657817109 0.022418879056047197
1 0.6342182890855457 0.335693215339233 0.030678466076696165 0.024778761061946902
1 0.4696165191740413 0.3383480825958702 0.03775811209439528 0.02654867256637168
1 0.3088495575221239 0.340117994100295 0.038348082595870206 0.02182890855457227
1 0.14454277286135692 0.3392330383480826 0.03893805309734513 0.021238938053097345
1 0.14424778761061946 0.5091445427728614 0.0359882005899705 0.022418879056047197
1 0.30206489675516224 0.504424778761062 0.03775811209439528 0.022418879056047197
1 0.4539823008849557 0.5014749262536873 0.0359882005899705 0.024778761061946902
1 0.6294985250737463 0.49380530973451325 0.03775811209439528 0.02359882005899705
1 0.7634218289085546 0.47522123893805307 0.035398230088495575 0.02182890855457227
1 0.8787610619469026 0.47522123893805307 0.027728613569321534 0.023008849557522124
1 0.8772861356932153 0.6333333333333333 0.03421828908554572 0.02536873156342183
1 0.7657817109144542 0.6412979351032448 0.03303834808259587 0.020058997050147492
1 0.6283185840707964 0.631858407079646 0.03421828908554572 0.020058997050147492
1 0.4557522123893805 0.6303834808259587 0.0359882005899705 0.024188790560471976
1 0.30914454277286135 0.6356932153392331 0.03421828908554572 0.019469026548672566
1 0.13392330383480827 0.6233038348082596 0.035398230088495575 0.01710914454277286
1 0.13952802359882005 0.7666666666666666 0.03716814159292035 0.023008849557522124
1 0.296165191740413 0.771976401179941 0.03893805309734513 0.018289085545722714
1 0.45722713864306785 0.7690265486725664 0.035398230088495575 0.018289085545722714
1 0.6061946902654867 0.771976401179941 0.0359882005899705 0.018289085545722714
1 0.7563421828908554 0.7710914454277286 0.029498525073746312 0.021238938053097345
1 0.8787610619469026 0.7728613569321534 0.032448377581120944 0.02359882005899705
1 0.8893805309734513 0.8958702064896755 0.03480825958702065 0.01710914454277286
1 0.7469026548672566 0.8964601769911504 0.03657817109144543 0.023008849557522124
1 0.6005899705014749 0.8929203539823009 0.03421828908554572 0.02182890855457227
1 0.45722713864306785 0.8908554572271387 0.03657817109144543 0.02359882005899705
1 0.2914454277286136 0.8814159292035398 0.04837758112094395 0.027138643067846607
1 0.143952802359882 0.8775811209439528 0.03775811209439528 0.02064896755162242
