0 0.10471976401179942 0.1168141592920354 0.04660766961651917 0.03657817109144543
0 0.20678466076696164 0.15014749262536872 0.07374631268436578 0.08790560471976401
0 0.34926253687315634 0.10884955752212389 0.04247787610619469 0.04660766961651917
0 0.4831858407079646 0.13569321533923304 0.13215339233038348 0.07079646017699115
0 0.6289085545722713 0.1421828908554572 0.07315634218289085 0.08613569321533923
0 0.7657817109144542 0.17079646017699116 0.06607669616519174 0.07728613569321534
0 0.7876106194690266 0.23864306784660766 0.13215339233038348 0.04896755162241888
0 0.6669616519174041 0.2545722713864307 0.08672566371681416 0.06548672566371681
1 0.5070796460176991 0.27728613569321536 0.027728613569321534 0.03657817109144543
0 0.33775811209439527 0.2669616519174041 0.07374631268436578 0.04070796460176991
1 0.231858407079646 0.2672566371681416 0.044837758112094395 0.035398230088495575
0 0.11002949852507374 0.27404129793510323 0.05958702064896755 0.0584070796460177
1 0.10884955752212389 0.4575221238938053 0.04660766961651917 0.0359882005899705
0 0.2628318584070796 0.4085545722713864 0.09734513274336283 0.06312684365781711
0 0.3823008849557522 0.4533923303834808 0.06253687315634218 0.1398230088495575
1 0.5050147492625369 0.3958702064896755 0.04601769911504425 0.04365781710914454
0 0.7778761061946903 0.4289085545722714 0.03480825958702065 0.03775811209439528
0 0.6687315634218289 0.46017699115044247 0.09970501474926254 0.05545722713864307
0 0.532448377581121 0.5209439528023598 0.05014749262536873 0.040117994100294985
0 0.14749262536873156 0.5976401179941003 0.03657817109144543 0.03657817109144543
0 0.15073746312684366 0.671976401179941 0.03716814159292035 0.04837758112094395
0 0.3008849557522124 0.6179941002949852 0.08141592920353982 0.1528023598820059
0 0.40914454277286133 0.6014749262536873 0.11032448377581121 0.07610619469026549
0 0.6693215339233038 0.5619469026548672 0.11386430678466077 0.0855457227138643
0 0.7755162241887905 0.5513274336283186 0.04542772861356932 0.05604719764011799
0 0.7675516224188791 0.6710914454277286 0.10973451327433628 0.10442477876106195
0 0.6884955752212389 0.6752212389380531 0.05073746312684366 0.0584070796460177
0 0.5433628318584071 0.667551622418879 0.0696165191740413 0.06548672566371681
0 0.4289085545722714 0.7663716814159292 0.11209439528023599 0.11209439528023599
0 0.11268436578171091 0.8436578171091446 0.04365781710914454 0.1191740412979351
1 0.25545722713864305 0.8362831858407079 0.040117994100294985 0.032448377581120944
0 0.38200589970501475 0.8489675516224189 0.1303834808259587 0.10737463126843658
0 0.5554572271386431 0.8353982300884956 0.052507374631268436 0.10147492625368731
0 0.6569321533923304 0.7902654867256637 0.047787610619469026 0.07138643067846608
0 0.7755162241887905 0.8 0.15988200589970503 0.06725663716814159
0 0.2743362831858407 0.7271386430678466 0.03303834808259587 0.04188790560471976
