0 0.13244837758112094 0.1457227138643068 0.10442477876106195 0.11327433628318584
0 0.3106194690265487 0.13097345132743363 0.12920353982300886 0.15103244837758112
0 0.5117994100294985 0.10294985250737462 0.07374631268436578 0.15634218289085544
0 0.6749262536873156 0.1200589970501475 0.058997050147492625 0.20825958702064895
0 0.8678466076696165 0.08790560471976401 0.1392330383480826 0.10265486725663717
0 0.1495575221238938 0.3123893805309734 0.09144542772861357 0.05132743362831858
0 0.3064896755162242 0.28023598820059 0.04424778761061947 0.03893805309734513
0 0.5218289085545723 0.28053097345132744 0.14926253687315633 0.05368731563421829
0 0.6179941002949852 0.24867256637168142 0.05604719764011799 0.09380530973451327
0 0.7858407079646017 0.2377581120943953 0.19469026548672566 0.08613569321533923
1 0.15604719764011798 0.40058997050147493 0.02536873156342183 0.040117994100294985
0 0.4079646017699115 0.4640117994100295 0.05486725663716814 0.11740412979351032
0 0.3191740412979351 0.4126843657817109 0.184070796460177 0.09616519174041298
0 0.47640117994100295 0.4182890855457227 0.05604719764011799 0.04837758112094395
0 0.6156342182890855 0.3997050147492625 0.08672566371681416 0.19174041297935102
0 0.7675516224188791 0.40471976401179943 0.07787610619469026 0.05191740412979351
0 0.7746312684365781 0.5554572271386431 0.08023598820058997 0.04188790560471976
1 0.6775811209439528 0.5690265486725664 0.03716814159292035 0.047787610619469026
1 0.515339233038348 0.5182890855457227 0.05014749262536873 0.024188790560471976
0 0.11297935103244838 0.5026548672566371 0.1079646017699115 0.09085545722713864
0 0.10088495575221239 0.6566371681415929 0.10619469026548672 0.17817109144542773
0 0.10206489675516224 0.7811209439528024 0.09557522123893805 0.1687315634218289
0 0.21179941002949854 0.7882005899705015 0.10147492625368731 0.12625368731563422
1 0.25014749262536873 0.5622418879056047 0.027138643067846607 0.03185840707964602
1 0.24631268436578171 0.6781710914454278 0.03126843657817109 0.03126843657817109
1 0.3286135693215339 0.8050147492625369 0.025958702064896755 0.028908554572271386
0 0.38259587020648966 0.6569321533923304 0.047787610619469026 0.11622418879056047
0 0.46135693215339235 0.8070796460176991 0.024778761061946902 0.07315634218289085
0 0.4153392330383481 0.5436578171091445 0.08849557522123894 0.12920353982300886
0 0.5327433628318584 0.6404129793510325 0.1215339233038348 0.061946902654867256
0 0.5887905604719764 0.8141592920353982 0.12861356932153392 0.0967551622418879
0 0.631858407079646 0.6884955752212389 0.09321533923303835 0.16283185840707964
0 0.7457227138643068 0.744542772861357 0.09557522123893805 0.16283185840707964
0 0.7489675516224189 0.6958702064896755 0.04896755162241888 0.03952802359882006
