1 0.15221238938053097 0.1873156342182891 0.04129793510324484 0.019469026548672566
1 0.30973451327433627 0.19823008849557522 0.03303834808259587 0.01887905604719764
1 0.4855457227138643 0.1870206489675516 0.035398230088495575 0.01887905604719764
1 0.6303834808259587 0.18289085545722714 0.0359882005899705 0.020058997050147492
1 0.7628318584070797 0.1870206489675516 0.04129793510324484 0.017699115044247787
1 0.876401179941003 0.1905604719764012 0.032448377581120944 0.022418879056047197
1 0.8870206489675516 0.33716814159292036 0.03716814159292035 0.024188790560471976
1 0.7675516224188791 0.33126843657817107 0.03657817109144543 0.02182890855457227
1 0.6353982300884956 0.33539823008849556 0.03893805309734513 0.02182890855457227
1 0.47168141592920354 0.3392330383480826 0.03126843657817109 0.02359882005899705
1 0.3100294985250737 0.3407079646017699 0.04070796460176991 0.02182890855457227
0 0.14424778761061946 0.33716814159292036 0.03716814159292035 0.018289085545722714
0 0.1448377581120944 0.5085545722713865 0.038348082595870206 0.020058997050147492
0 0.30206489675516224 0.5047197640117994 0.03775811209439528 0.018289085545722714
0 0.4533923303834808 0.5017699115044247 0.038348082595870206 0.024188790560471976
0 0.6309734513274337 0.49321533923303834 0.033628318584070796 0.01887905604719764
0 0.7657817109144542 0.47168141592920354 0.035398230088495575 0.02182890855457227
0 0.8805309734513275 0.4737463126843658 0.028908554572271386 0.030678466076696165
0 0.8755162241887906 0.6321533923303835 0.030678466076696165 0.02064896755162242
0 0.7651917404129793 0.6404129793510325 0.03303834808259587 0.018289085545722714
0 0.6265486725663717 0.6324483775811209 0.03657817109144543 0.025958702064896755
0 0.4545722713864307 0.6303834808259587 0.03480825958702065 0.02064896755162242
0 0.30501474926253686 0.6365781710914454 0.03657817109144543 0.027138643067846607
0 0.13421828908554573 0.6244837758112094 0.038348082595870206 0.02182890855457227
0 0.1421828908554572 0.7666666666666666 0.027138643067846607 0.018289085545722714
0 0.2949852507374631 0.7728613569321534 0.03657817109144543 0.01887905604719764
0 0.4581120943952802 0.7705014749262536 0.03480825958702065 0.020058997050147492
0 0.6047197640117994 0.7710914454277286 0.030678466076696165 0.021238938053097345
0 0.7557522123893805 0.7702064896755162 0.035398230088495575 0.02182890855457227
0 0.8758112094395281 0.7716814159292036 0.03480825958702065 0.021238938053097345
0 0.8887905604719764 0.8941002949852507 0.0359882005899705 0.01710914454277286
0 0.744542772861357 0.8973451327433628 0.03775811209439528 0.020058997050147492
0 0.6044247787610619 0.8908554572271387 0.0359882005899705 0.02359882005899705
0 0.4542772861356932 0.8920353982300885 0.04365781710914454 0.020058997050147492
0 0.28938053097345134 0.8852507374631269 0.03480825958702065 0.023008849557522124
0 0.1448377581120944 0.8740412979351032 0.038348082595870206 0.02064896755162242
