1 0.06666666666666667 0.14424778761061946 0.025958702064896755 0.023008849557522124
1 0.24100294985250736 0.14041297935103245 0.02654867256637168 0.021238938053097345
1 0.3793510324483776 0.13805309734513274 0.03421828908554572 0.029498525073746312
1 0.552212389380531 0.1215339233038348 0.029498525073746312 0.027138643067846607
1 0.7035398230088495 0.1168141592920354 0.028908554572271386 0.024778761061946902
1 0.8722713864306785 0.1056047197640118 0.03008849557522124 0.029498525073746312
1 0.8790560471976401 0.2743362831858407 0.035398230088495575 0.022418879056047197
1 0.7014749262536873 0.28348082595870205 0.03421828908554572 0.018289085545722714
1 0.5460176991150443 0.2976401179941003 0.038348082595870206 0.02536873156342183
1 0.38377581120943954 0.3023598820058997 0.038348082595870206 0.02064896755162242
1 0.24454277286135692 0.2982300884955752 0.03480825958702065 0.02536873156342183
1 0.07020648967551622 0.2976401179941003 0.03657817109144543 0.02182890855457227
1 0.06430678466076696 0.4492625368731563 0.030678466076696165 0.02182890855457227
1 0.2392330383480826 0.44896755162241886 0.03480825958702065 0.022418879056047197
1 0.3902654867256637 0.4445427728613569 0.0359882005899705 0.023008849557522124
1 0.551622418879056 0.4430678466076696 0.03303834808259587 0.02359882005899705
1 0.7141592920353982 0.4377581120943953 0.032448377581120944 0.020058997050147492
1 0.8758112094395281 0.4383480825958702 0.033628318584070796 0.029498525073746312
1 0.8731563421828908 0.5811209439528023 0.030678466076696165 0.027138643067846607
1 0.7117994100294985 0.5749262536873156 0.033628318584070796 0.02064896755162242
1 0.5501474926253688 0.5793510324483776 0.032448377581120944 0.022418879056047197
1 0.39469026548672564 0.5787610619469027 0.030678466076696165 0.021238938053097345
1 0.24896755162241888 0.5887905604719764 0.03303834808259587 0.020058997050147492
1 0.06283185840707964 0.5970501474926253 0.03126843657817109 0.022418879056047197
1 0.06578171091445428 0.7185840707964601 0.03126843657817109 0.021238938053097345
1 0.24365781710914453 0.7188790560471976 0.029498525073746312 0.023008849557522124
1 0.3949852507374631 0.7085545722713864 0.03716814159292035 0.022418879056047197
1 0.5519174041297935 0.6988200589970501 0.032448377581120944 0.024188790560471976
1 0.7070796460176991 0.699410029498525 0.028908554572271386 0.024188790560471976
1 0.8802359882005899 0.7144542772861356 0.03303834808259587 0.022418879056047197
1 0.8802359882005899 0.8746312684365781 0.030678466076696165 0.02536873156342183
1 0.7238938053097345 0.8581120943952802 0.03303834808259587 0.01592920353982301
1 0.5539823008849557 0.8471976401179941 0.03893805309734513 0.022418879056047197
1 0.3952802359882006 0.8471976401179941 0.029498525073746312 0.021238938053097345
1 0.24100294985250736 0.8445427728613569 0.0359882005899705 0.02182890855457227
1 0.06489675516224189 0.8359882005899705 0.03421828908554572 0.01887905604719764
