1 0.06548672566371681 0.1424778761061947 0.03775811209439528 0.01710914454277286
1 0.24218289085545722 0.1480825958702065 0.03008849557522124 0.02359882005899705
1 0.37964601769911505 0.14454277286135692 0.03008849557522124 0.022418879056047197
1 0.5489675516224188 0.12359882005899706 0.032448377581120944 0.024188790560471976
1 0.7011799410029499 0.11887905604719765 0.033628318584070796 0.028908554572271386
1 0.8766961651917404 0.10825958702064897 0.035398230088495575 0.02536873156342183
1 0.8805309734513275 0.2761061946902655 0.038348082595870206 0.02359882005899705
1 0.6979351032448378 0.28289085545722714 0.03421828908554572 0.02654867256637168
1 0.5466076696165192 0.29970501474926253 0.03716814159292035 0.021238938053097345
1 0.3855457227138643 0.30117994100294987 0.03716814159292035 0.024188790560471976
1 0.243952802359882 0.2976401179941003 0.028908554572271386 0.024188790560471976
1 0.07315634218289085 0.3008849557522124 0.029498525073746312 0.016519174041297935
1 0.06460176991150443 0.44896755162241886 0.03480825958702065 0.017699115044247787
1 0.24188790560471976 0.44277286135693217 0.03421828908554572 0.024188790560471976
1 0.3905604719764012 0.44483775811209436 0.03421828908554572 0.027138643067846607
1 0.5528023598820059 0.44365781710914454 0.03185840707964602 0.01887905604719764
1 0.7147492625368731 0.4398230088495575 0.028908554572271386 0.01592920353982301
1 0.8734513274336283 0.43864306784660767 0.028908554572271386 0.02182890855457227
1 0.8728613569321534 0.5817109144542773 0.033628318584070796 0.021238938053097345
1 0.7123893805309734 0.5799410029498525 0.033628318584070796 0.022418879056047197
1 0.5504424778761062 0.5772861356932153 0.03303834808259587 0.01710914454277286
1 0.39410029498525073 0.5811209439528023 0.03775811209439528 0.01887905604719764
1 0.25309734513274335 0.587905604719764 0.030678466076696165 0.019469026548672566
1 0.06253687315634218 0.5961651917404129 0.029498525073746312 0.027728613569321534
1 0.0663716814159292 0.7224188790560472 0.028908554572271386 0.027728613569321534
1 0.2430678466076696 0.7200589970501475 0.03421828908554572 0.03008849557522124
1 0.39557522123893807 0.7070796460176991 0.033628318584070796 0.019469026548672566
1 0.547787610619469 0.7056047197640118 0.033628318584070796 0.020058997050147492
1 0.7088495575221239 0.6982300884955752 0.027728613569321534 0.02182890855457227
1 0.8616519174041298 0.7061946902654868 0.018289085545722714 0.03421828908554572
1 0.8672566371681416 0.8710914454277287 0.01887905604719764 0.032448377581120944
1 0.7230088495575221 0.8345132743362832 0.028908554572271386 0.03008849557522124
1 0.5554572271386431 0.8451327433628318 0.033628318584070796 0.023008849557522124
1 0.4026548672566372 0.8315634218289085 0.02654867256637168 0.024188790560471976
1 0.23215339233038348 0.8315634218289085 0.03126843657817109 0.018289085545722714
1 0.06430678466076696 0.8333333333333334 0.03185840707964602 0.01710914454277286
