0 0.14424778761061946 0.14188790560471976 0.11386430678466077 0.11386430678466077
0 0.3112094395280236 0.11563421828908554 0.14454277286135692 0.12979351032448377
0 0.5073746312684366 0.11150442477876106 0.08495575221238938 0.1486725663716814
0 0.6628318584070796 0.12772861356932153 0.07964601769911504 0.21769911504424777
0 0.8710914454277287 0.08672566371681416 0.1433628318584071 0.10147492625368731
0 0.7911504424778761 0.25398230088495577 0.20294985250737463 0.0808259587020649
0 0.6206489675516225 0.24808259587020648 0.06253687315634218 0.09498525073746313
0 0.5274336283185841 0.28407079646017697 0.1616519174041298 0.04660766961651917
0 0.30973451327433627 0.28112094395280235 0.049557522123893805 0.04542772861356932
0 0.14896755162241887 0.3174041297935103 0.09262536873156342 0.05073746312684366
1 0.15752212389380532 0.39823008849557523 0.022418879056047197 0.03893805309734513
0 0.32831858407079645 0.4176991150442478 0.19174041297935102 0.08967551622418879
0 0.4168141592920354 0.4648967551622419 0.05486725663716814 0.12507374631268436
0 0.4725663716814159 0.415929203539823 0.058997050147492625 0.040117994100294985
0 0.6070796460176991 0.3952802359882006 0.08967551622418879 0.19823008849557522
0 0.7663716814159292 0.41297935103244837 0.07905604719764012 0.04365781710914454
0 0.7731563421828909 0.5542772861356932 0.08436578171091445 0.03716814159292035
1 0.6752212389380531 0.5581120943952802 0.04424778761061947 0.029498525073746312
1 0.5147492625368731 0.5176991150442478 0.04424778761061947 0.024188790560471976
0 0.11622418879056047 0.5056047197640118 0.11799410029498525 0.09085545722713864
0 0.24424778761061947 0.5578171091445427 0.027138643067846607 0.03008849557522124
0 0.4150442477876106 0.5436578171091445 0.09144542772861357 0.13628318584070798
0 0.10501474926253687 0.6533923303834808 0.10147492625368731 0.17286135693215338
1 0.24955752212389382 0.6787610619469027 0.029498525073746312 0.03126843657817109
0 0.38436578171091446 0.6589970501474927 0.04660766961651917 0.1215339233038348
0 0.5026548672566371 0.6371681415929203 0.1935103244837758 0.06253687315634218
0 0.6303834808259587 0.687905604719764 0.09734513274336283 0.17463126843657817
0 0.7489675516224189 0.7442477876106195 0.07020648967551622 0.16224188790560473
0 0.7433628318584071 0.6997050147492625 0.044837758112094395 0.040117994100294985
0 0.09970501474926254 0.7784660766961652 0.0967551622418879 0.1823008849557522
0 0.20206489675516223 0.8023598820058997 0.08200589970501475 0.1463126843657817
1 0.32831858407079645 0.8053097345132744 0.03008849557522124 0.024778761061946902
0 0.4622418879056047 0.8117994100294985 0.0359882005899705 0.0743362831858407
0 0.5746312684365782 0.7929203539823009 0.10383480825958702 0.12389380530973451
