0 0.2628318584070796 0.25604719764011796 0.07610619469026549 0.16755162241887905
0 0.2563421828908555 0.2982300884955752 0.04424778761061947 0.0359882005899705
0 0.356047197640118 0.2808259587020649 0.07846607669616519 0.1191740412979351
0 0.4283185840707965 0.20855457227138643 0.10383480825958702 0.12802359882005898
0 0.5410029498525074 0.187905604719764 0.035398230088495575 0.08200589970501475
1 0.6746312684365782 0.19233038348082596 0.0359882005899705 0.029498525073746312
0 0.7911504424778761 0.17964601769911503 0.07315634218289085 0.1351032448377581
0 0.8955752212389381 0.22300884955752212 0.09321533923303835 0.17817109144542773
0 0.8985250737463126 0.343952802359882 0.11209439528023599 0.17699115044247787
1 0.751622418879056 0.3250737463126844 0.02359882005899705 0.02831858407079646
0 0.6218289085545723 0.34365781710914456 0.054277286135693215 0.13156342182890857
0 0.4946902654867257 0.3625368731563422 0.19410029498525072 0.05486725663716814
0 0.2294985250737463 0.4480825958702065 0.08849557522123894 0.0359882005899705
1 0.32654867256637166 0.43864306784660767 0.032448377581120944 0.024188790560471976
1 0.4870206489675516 0.48053097345132745 0.04070796460176991 0.02182890855457227
0 0.5846607669616519 0.45486725663716815 0.08495575221238938 0.12743362831858407
1 0.7525073746312684 0.4410029498525074 0.03008849557522124 0.03952802359882006
0 0.8793510324483775 0.49321533923303834 0.11622418879056047 0.08141592920353982
0 0.23156342182890854 0.5882005899705015 0.0808259587020649 0.049557522123893805
0 0.39557522123893807 0.5970501474926253 0.08436578171091445 0.1911504424778761
0 0.5297935103244837 0.5811209439528023 0.05191740412979351 0.02831858407079646
0 0.5887905604719764 0.5351032448377581 0.05073746312684366 0.13097345132743363
0 0.6699115044247788 0.5852507374631268 0.1929203539823009 0.09085545722713864
1 0.843952802359882 0.5994100294985251 0.01592920353982301 0.0471976401179941
0 0.8525073746312685 0.6823008849557523 0.09557522123893805 0.04896755162241888
0 0.6893805309734513 0.719174041297935 0.038348082595870206 0.04365781710914454
0 0.22625368731563422 0.7831858407079646 0.17522123893805308 0.1457227138643068
0 0.12861356932153392 0.9203539823008849 0.14985250737463127 0.10855457227138643
0 0.3383480825958702 0.8740412979351032 0.07492625368731563 0.21179941002949854
0 0.3831858407079646 0.752802359882006 0.0607669616519174 0.0920353982300885
0 0.47463126843657816 0.7185840707964601 0.15634218289085544 0.04601769911504425
0 0.48849557522123893 0.8831858407079646 0.07669616519174041 0.143952802359882
0 0.6884955752212389 0.8929203539823009 0.13097345132743363 0.10206489675516224
0 0.8613569321533923 0.8634218289085546 0.11327433628318584 0.09970501474926254
