1 0.15752212389380532 0.11976401179941003 0.02831858407079646 0.03185840707964602
1 0.3206489675516224 0.13156342182890857 0.028908554572271386 0.017699115044247787
1 0.4731563421828908 0.1415929203539823 0.03893805309734513 0.025958702064896755
1 0.6321533923303835 0.14454277286135692 0.02654867256637168 0.02831858407079646
1 0.7766961651917405 0.14896755162241887 0.03008849557522124 0.018289085545722714
1 0.8991150442477875 0.14778761061946902 0.024778761061946902 0.03008849557522124
1 0.15870206489675515 0.36047197640117995 0.029498525073746312 0.021238938053097345
1 0.3221238938053097 0.34424778761061947 0.030678466076696165 0.03008849557522124
1 0.48259587020648964 0.35044247787610616 0.02831858407079646 0.02359882005899705
1 0.6259587020648968 0.32448377581120946 0.030678466076696165 0.02359882005899705
1 0.7864306784660767 0.3292035398230089 0.035398230088495575 0.017699115044247787
1 0.9029498525073746 0.3345132743362832 0.03008849557522124 0.025958702064896755
1 0.16017699115044248 0.5141592920353982 0.032448377581120944 0.024188790560471976
1 0.31091445427728615 0.5097345132743363 0.025958702064896755 0.022418879056047197
1 0.46430678466076697 0.5224188790560472 0.03185840707964602 0.02536873156342183
1 0.6188790560471976 0.5005899705014749 0.024778761061946902 0.023008849557522124
1 0.763716814159292 0.4702064896755162 0.023008849557522124 0.021238938053097345
1 0.911504424778761 0.47286135693215336 0.03185840707964602 0.02536873156342183
1 0.15250737463126843 0.6303834808259587 0.027728613569321534 0.01592920353982301
1 0.3144542772861357 0.6271386430678466 0.03185840707964602 0.024778761061946902
1 0.46991150442477875 0.6259587020648968 0.03480825958702065 0.021238938053097345
1 0.6179941002949852 0.6371681415929203 0.04188790560471976 0.017699115044247787
1 0.7566371681415929 0.6182890855457227 0.028908554572271386 0.022418879056047197
1 0.9026548672566371 0.6168141592920354 0.02831858407079646 0.019469026548672566
1 0.14926253687315633 0.7787610619469026 0.03303834808259587 0.030678466076696165
1 0.30029498525073745 0.7752212389380531 0.035398230088495575 0.02831858407079646
1 0.4469026548672566 0.772566371681416 0.032448377581120944 0.01592920353982301
1 0.6032448377581121 0.7678466076696165 0.032448377581120944 0.02064896755162242
1 0.7545722713864307 0.7663716814159292 0.03421828908554572 0.01887905604719764
1 0.896165191740413 0.7654867256637168 0.03657817109144543 0.019469026548672566
1 0.13244837758112094 0.9011799410029498 0.028908554572271386 0.03480825958702065
1 0.2911504424778761 0.915929203539823 0.028908554572271386 0.032448377581120944
1 0.4368731563421829 0.9123893805309734 0.02654867256637168 0.02536873156342183
1 0.5932153392330384 0.9135693215339233 0.02654867256637168 0.023008849557522124
1 0.7333333333333333 0.9038348082595871 0.029498525073746312 0.02359882005899705
1 0.8943952802359882 0.9038348082595871 0.03185840707964602 0.020058997050147492
