0 0.1303834808259587 0.14365781710914455 0.11209439528023599 0.10442477876106195
0 0.30737463126843656 0.13539823008849558 0.13569321533923304 0.1433628318584071
0 0.5103244837758112 0.10265486725663717 0.07669616519174041 0.15575221238938053
0 0.6696165191740413 0.11710914454277285 0.06371681415929203 0.20943952802359883
0 0.8693215339233038 0.09469026548672566 0.13864306784660768 0.09144542772861357
0 0.1486725663716814 0.3129793510324484 0.09085545722713864 0.05014749262536873
0 0.3058997050147493 0.28112094395280235 0.043067846607669616 0.04070796460176991
0 0.5221238938053098 0.2814159292035398 0.1616519174041298 0.054277286135693215
0 0.6218289085545723 0.24985250737463127 0.05781710914454277 0.09852507374631268
0 0.7864306784660767 0.24041297935103245 0.1935103244837758 0.09498525073746313
1 0.15339233038348082 0.39941002949852505 0.015339233038348082 0.04365781710914454
0 0.3256637168141593 0.4182890855457227 0.18053097345132743 0.0943952802359882
0 0.4126843657817109 0.4640117994100295 0.05958702064896755 0.11858407079646018
0 0.47345132743362833 0.42094395280235986 0.052507374631268436 0.038348082595870206
0 0.6088495575221239 0.4026548672566372 0.08141592920353982 0.1882005899705015
0 0.7669616519174041 0.40176991150442476 0.07551622418879056 0.03775811209439528
0 0.7710914454277286 0.5519174041297935 0.08377581120943953 0.04070796460176991
0 0.11415929203539824 0.5029498525073747 0.11740412979351032 0.0855457227138643
0 0.25309734513274335 0.5660766961651917 0.025958702064896755 0.0359882005899705
0 0.41710914454277287 0.5460176991150443 0.08731563421828908 0.12684365781710916
1 0.5135693215339233 0.5165191740412979 0.04660766961651917 0.03008849557522124
0 0.6737463126843658 0.5731563421828908 0.044837758112094395 0.05604719764011799
0 0.10117994100294986 0.6557522123893805 0.1056047197640118 0.1905604719764012
0 0.10117994100294986 0.7855457227138642 0.09380530973451327 0.16814159292035397
0 0.20943952802359883 0.7893805309734513 0.10265486725663717 0.13451327433628318
1 0.24542772861356932 0.6772861356932154 0.024778761061946902 0.024778761061946902
1 0.32772861356932154 0.8056047197640118 0.028908554572271386 0.03126843657817109
0 0.3811209439528024 0.6566371681415929 0.049557522123893805 0.11209439528023599
0 0.4607669616519174 0.8106194690265487 0.030678466076696165 0.07669616519174041
0 0.5017699115044247 0.6389380530973451 0.18584070796460178 0.06371681415929203
0 0.6286135693215339 0.6887905604719764 0.09970501474926254 0.16696165191740414
0 0.5991150442477876 0.8138643067846607 0.14926253687315633 0.09262536873156342
0 0.7371681415929203 0.7463126843657817 0.0808259587020649 0.15811209439528023
0 0.747787610619469 0.699410029498525 0.05368731563421829 0.04424778761061947
