0 0.16666666666666666 0.1215339233038348 0.06312684365781711 0.044837758112094395
0 0.2914454277286136 0.09823008849557521 0.03657817109144543 0.07374631268436578
1 0.42802359882005897 0.0976401179941003 0.03716814159292035 0.04660766961651917
0 0.6123893805309735 0.1663716814159292 0.044837758112094395 0.0743362831858407
0 0.7734513274336283 0.10589970501474927 0.07551622418879056 0.04424778761061947
1 0.8946902654867257 0.16283185840707964 0.04542772861356932 0.03893805309734513
0 0.16460176991150444 0.3 0.08731563421828908 0.07374631268436578
1 0.3256637168141593 0.3064896755162242 0.04601769911504425 0.05368731563421829
0 0.4230088495575221 0.31032448377581123 0.04247787610619469 0.05545722713864307
0 0.5684365781710914 0.2902654867256637 0.09144542772861357 0.06135693215339233
0 0.7415929203539823 0.35103244837758113 0.05545722713864307 0.07315634218289085
1 0.8808259587020649 0.3380530973451327 0.02831858407079646 0.05663716814159292
1 0.8837758112094395 0.4457227138643068 0.044837758112094395 0.0359882005899705
0 0.7386430678466076 0.42359882005899707 0.025958702064896755 0.03657817109144543
0 0.5997050147492625 0.4153392330383481 0.03952802359882006 0.06843657817109144
0 0.43628318584070797 0.4592920353982301 0.05486725663716814 0.03480825958702065
1 0.3206489675516224 0.45073746312684365 0.057227138643067846 0.04129793510324484
0 0.1486725663716814 0.42389380530973453 0.06135693215339233 0.06666666666666667
1 0.15486725663716813 0.5528023598820059 0.03480825958702065 0.049557522123893805
1 0.3 0.5896755162241888 0.061946902654867256 0.04070796460176991
0 0.4359882005899705 0.575811209439528 0.04129793510324484 0.0967551622418879
0 0.5368731563421829 0.5896755162241888 0.03657817109144543 0.08790560471976401
0 0.7058997050147493 0.61976401179941 0.07138643067846608 0.07610619469026549
0 0.8731563421828908 0.5796460176991151 0.071976401179941 0.04542772861356932
0 0.8542772861356932 0.744542772861357 0.06725663716814159 0.035398230088495575
0 0.7348082595870207 0.7386430678466076 0.03952802359882006 0.03775811209439528
0 0.6058997050147492 0.747197640117994 0.054277286135693215 0.05604719764011799
1 0.47935103244837757 0.7392330383480826 0.057227138643067846 0.03893805309734513
0 0.2929203539823009 0.7575221238938052 0.04188790560471976 0.04247787610619469
0 0.1430678466076696 0.7728613569321534 0.04660766961651917 0.07551622418879056
0 0.1383480825958702 0.9129793510324483 0.04896755162241888 0.038348082595870206
1 0.27315634218289087 0.8967551622418879 0.03775811209439528 0.030678466076696165
0 0.4941002949852507 0.8837758112094395 0.03480825958702065 0.03421828908554572
0 0.6604719764011799 0.904424778761062 0.0359882005899705 0.03657817109144543
0 0.7212389380530974 0.9138643067846608 0.033628318584070796 0.03303834808259587
1 0.8669616519174042 0.907669616519174 0.04896755162241888 0.04424778761061947
