1 0.10353982300884956 0.1486725663716814 0.028908554572271386 0.021238938053097345
1 0.22123893805309736 0.14837758112094396 0.02359882005899705 0.014749262536873156
1 0.36607669616519173 0.1471976401179941 0.024188790560471976 0.02064896755162242
1 0.5230088495575221 0.1374631268436578 0.03126843657817109 0.025958702064896755
1 0.6805309734513274 0.13539823008849558 0.03480825958702065 0.024188790560471976
1 0.8410029498525073 0.12330383480825959 0.03716814159292035 0.02359882005899705
1 0.09970501474926254 0.3386430678466077 0.029498525073746312 0.022418879056047197
1 0.21533923303834807 0.3303834808259587 0.02831858407079646 0.02359882005899705
1 0.3734513274336283 0.3250737463126844 0.03303834808259587 0.022418879056047197
1 0.5147492625368731 0.35162241887905604 0.032448377581120944 0.01887905604719764
1 0.6808259587020649 0.3445427728613569 0.03657817109144543 0.02359882005899705
1 0.8427728613569322 0.3613569321533923 0.03480825958702065 0.02182890855457227
1 0.0855457227138643 0.47227138643067845 0.027138643067846607 0.024188790560471976
1 0.23539823008849559 0.47109144542772863 0.024778761061946902 0.023008849557522124
1 0.38141592920353984 0.49911504424778763 0.027728613569321534 0.025958702064896755
1 0.5356932153392331 0.5209439528023598 0.03303834808259587 0.021238938053097345
1 0.6873156342182891 0.511504424778761 0.030678466076696165 0.022418879056047197
1 0.840117994100295 0.5171091445427729 0.03775811209439528 0.02654867256637168
1 0.09380530973451327 0.6176991150442478 0.03185840707964602 0.016519174041297935
1 0.240117994100295 0.6200589970501474 0.025958702064896755 0.015339233038348082
1 0.3852507374631268 0.6392330383480825 0.03303834808259587 0.02536873156342183
1 0.5286135693215339 0.6250737463126843 0.027138643067846607 0.01710914454277286
1 0.6870206489675517 0.6292035398230088 0.02536873156342183 0.014749262536873156
1 0.848377581120944 0.6353982300884956 0.025958702064896755 0.021238938053097345
1 0.10117994100294986 0.7610619469026548 0.027728613569321534 0.016519174041297935
1 0.24542772861356932 0.7684365781710915 0.029498525073746312 0.018289085545722714
1 0.39705014749262535 0.7651917404129793 0.03657817109144543 0.017699115044247787
1 0.5519174041297935 0.7734513274336283 0.033628318584070796 0.01887905604719764
1 0.7041297935103245 0.7761061946902654 0.04188790560471976 0.02654867256637168
1 0.8519174041297934 0.7793510324483776 0.029498525073746312 0.03303834808259587
1 0.10471976401179942 0.9011799410029498 0.033628318584070796 0.02182890855457227
1 0.26607669616519175 0.9029498525073746 0.03185840707964602 0.02064896755162242
1 0.4073746312684366 0.9132743362831859 0.02654867256637168 0.024778761061946902
1 0.5648967551622419 0.9138643067846608 0.02654867256637168 0.01887905604719764
1 0.7115044247787611 0.9182890855457227 0.030678466076696165 0.028908554572271386
1 0.8713864306784661 0.9008849557522124 0.02831858407079646 0.022418879056047197
