0 0.13716814159292035 0.143952802359882 0.10324483775811209 0.10855457227138643
0 0.31209439528023597 0.1351032448377581 0.12979351032448377 0.14277286135693215
0 0.5097345132743363 0.10412979351032448 0.07669616519174041 0.16106194690265485
0 0.6637168141592921 0.1224188790560472 0.07551622418879056 0.21061946902654866
0 0.8702064896755162 0.09174041297935104 0.13451327433628318 0.09734513274336283
0 0.14985250737463127 0.3144542772861357 0.09557522123893805 0.04365781710914454
0 0.30678466076696165 0.27728613569321536 0.03421828908554572 0.04247787610619469
0 0.5244837758112094 0.28053097345132744 0.15693215339233038 0.05014749262536873
0 0.6162241887905605 0.2374631268436578 0.0584070796460177 0.07020648967551622
0 0.7855457227138642 0.24926253687315633 0.1929203539823009 0.08436578171091445
0 0.7663716814159292 0.40530973451327434 0.06843657817109144 0.04365781710914454
0 0.6044247787610619 0.396165191740413 0.08672566371681416 0.19410029498525072
0 0.4725663716814159 0.41858407079646015 0.05073746312684366 0.03480825958702065
1 0.15486725663716813 0.4020648967551622 0.01592920353982301 0.04896755162241888
0 0.32536873156342183 0.4182890855457227 0.1882005899705015 0.09321533923303835
0 0.40825958702064896 0.46578171091445425 0.05073746312684366 0.11386430678466077
0 0.41710914454277287 0.5430678466076696 0.08967551622418879 0.12802359882005898
1 0.512684365781711 0.5150442477876106 0.0471976401179941 0.029498525073746312
0 0.25162241887905606 0.5589970501474926 0.04070796460176991 0.04188790560471976
0 0.1079646017699115 0.5023598820058996 0.11209439528023599 0.08200589970501475
0 0.10383480825958702 0.6569321533923304 0.10029498525073746 0.1952802359882006
0 0.09941002949852507 0.7828908554572271 0.09734513274336283 0.1687315634218289
0 0.21297935103244836 0.7929203539823009 0.10147492625368731 0.13333333333333333
1 0.24572271386430677 0.6799410029498525 0.02536873156342183 0.024188790560471976
1 0.3286135693215339 0.8061946902654867 0.029498525073746312 0.027728613569321534
0 0.38495575221238937 0.6640117994100295 0.047787610619469026 0.1303834808259587
0 0.46135693215339235 0.8100294985250738 0.030678466076696165 0.07787610619469026
0 0.5035398230088496 0.6368731563421829 0.1882005899705015 0.05958702064896755
0 0.6286135693215339 0.6882005899705015 0.09734513274336283 0.16578171091445426
0 0.5734513274336284 0.8056047197640118 0.10737463126843658 0.11268436578171091
1 0.6752212389380531 0.5648967551622419 0.0359882005899705 0.03716814159292035
0 0.7740412979351032 0.5519174041297935 0.08613569321533923 0.04896755162241888
0 0.7480825958702064 0.7460176991150442 0.07315634218289085 0.15870206489675515
0 0.7501474926253687 0.7 0.047787610619469026 0.04424778761061947
