1 0.4392330383480826 0.08790560471976401 0.032448377581120944 0.021238938053097345
1 0.1351032448377581 0.09616519174041298 0.03303834808259587 0.02359882005899705
1 0.2902654867256637 0.08495575221238938 0.029498525073746312 0.02359882005899705
1 0.5926253687315635 0.09026548672566372 0.03008849557522124 0.020058997050147492
1 0.731858407079646 0.09970501474926254 0.03480825958702065 0.016519174041297935
1 0.8938053097345132 0.09911504424778761 0.030678466076696165 0.022418879056047197
1 0.1457227138643068 0.2191740412979351 0.03657817109144543 0.033628318584070796
1 0.2943952802359882 0.22536873156342183 0.035398230088495575 0.02359882005899705
1 0.4469026548672566 0.22566371681415928 0.03480825958702065 0.023008849557522124
1 0.6017699115044248 0.231858407079646 0.03657817109144543 0.02359882005899705
1 0.7539823008849558 0.2351032448377581 0.03893805309734513 0.01710914454277286
1 0.9 0.23628318584070795 0.032448377581120944 0.019469026548672566
1 0.1528023598820059 0.3693215339233038 0.025958702064896755 0.016519174041297935
1 0.31327433628318585 0.3722713864306785 0.03185840707964602 0.022418879056047197
1 0.47050147492625366 0.375811209439528 0.03008849557522124 0.021238938053097345
1 0.6147492625368731 0.36342182890855457 0.029498525073746312 0.016519174041297935
1 0.7566371681415929 0.37551622418879055 0.028908554572271386 0.014749262536873156
1 0.903244837758112 0.384070796460177 0.02831858407079646 0.016519174041297935
1 0.16224188790560473 0.4861356932153392 0.029498525073746312 0.02359882005899705
1 0.3141592920353982 0.4861356932153392 0.028908554572271386 0.022418879056047197
1 0.4631268436578171 0.4790560471976401 0.027138643067846607 0.015339233038348082
1 0.616519174041298 0.49793510324483775 0.025958702064896755 0.021238938053097345
1 0.7628318584070797 0.5292035398230088 0.02831858407079646 0.02359882005899705
1 0.9141592920353983 0.5259587020648967 0.02182890855457227 0.01710914454277286
1 0.15899705014749263 0.6377581120943953 0.03008849557522124 0.02359882005899705
1 0.3209439528023599 0.6536873156342182 0.030678466076696165 0.01887905604719764
1 0.48348082595870207 0.6492625368731564 0.032448377581120944 0.02182890855457227
1 0.6297935103244837 0.6784660766961652 0.03126843657817109 0.020058997050147492
1 0.7831858407079646 0.6702064896755162 0.02654867256637168 0.01887905604719764
1 0.9014749262536873 0.6672566371681415 0.020058997050147492 0.015339233038348082
1 0.15191740412979352 0.879646017699115 0.02536873156342183 0.016519174041297935
1 0.3088495575221239 0.856637168141593 0.024188790560471976 0.03421828908554572
1 0.4648967551622419 0.8557522123893805 0.02831858407079646 0.02064896755162242
1 0.6147492625368731 0.855457227138643 0.02359882005899705 0.02831858407079646
1 0.771386430678466 0.8533923303834808 0.02536873156342183 0.02064896755162242
1 0.9 0.871976401179941 0.02654867256637168 0.027138643067846607
