0 0.1471976401179941 0.10383480825958702 0.03126843657817109 0.04365781710914454
0 0.32448377581120946 0.05575221238938053 0.08023598820058997 0.05132743362831858
1 0.46430678466076697 0.12035398230088495 0.02831858407079646 0.04247787610619469
0 0.5982300884955752 0.06017699115044248 0.04129793510324484 0.0696165191740413
0 0.744542772861357 0.05693215339233038 0.06017699115044248 0.04424778761061947
0 0.8793510324483775 0.06135693215339233 0.05368731563421829 0.10619469026548672
0 0.13775811209439529 0.22566371681415928 0.05014749262536873 0.05958702064896755
0 0.30501474926253686 0.22330383480825958 0.06489675516224189 0.04660766961651917
0 0.4731563421828908 0.26371681415929205 0.08613569321533923 0.05545722713864307
0 0.6528023598820059 0.17463126843657817 0.11622418879056047 0.05545722713864307
0 0.7525073746312684 0.1873156342182891 0.05958702064896755 0.05486725663716814
0 0.7884955752212389 0.31032448377581123 0.04896755162241888 0.11445427728613569
0 0.8805309734513275 0.22890855457227138 0.0607669616519174 0.08613569321533923
0 0.8693215339233038 0.31946902654867254 0.038348082595870206 0.061946902654867256
0 0.12979351032448377 0.38348082595870203 0.04129793510324484 0.05191740412979351
0 0.30914454277286135 0.368141592920354 0.04601769911504425 0.05781710914454277
0 0.4545722713864307 0.33185840707964603 0.07138643067846608 0.04660766961651917
0 0.6348082595870206 0.3693215339233038 0.05191740412979351 0.10265486725663717
0 0.15014749262536872 0.511504424778761 0.038348082595870206 0.0743362831858407
0 0.3053097345132743 0.5168141592920354 0.03716814159292035 0.0920353982300885
0 0.4725663716814159 0.47050147492625366 0.058997050147492625 0.06902654867256637
0 0.6412979351032448 0.46519174041297934 0.05073746312684366 0.043067846607669616
0 0.1480825958702065 0.6339233038348082 0.03775811209439528 0.0584070796460177
0 0.3191740412979351 0.6250737463126843 0.05191740412979351 0.052507374631268436
0 0.5050147492625369 0.6017699115044248 0.04601769911504425 0.06253687315634218
0 0.7790560471976401 0.5504424778761062 0.061946902654867256 0.11327433628318584
0 0.8663716814159292 0.5315634218289086 0.07492625368731563 0.08023598820058997
0 0.15545722713864307 0.8176991150442477 0.052507374631268436 0.058997050147492625
0 0.29469026548672567 0.8389380530973451 0.07964601769911504 0.06725663716814159
0 0.4952802359882006 0.7734513274336283 0.057227138643067846 0.058997050147492625
0 0.6339233038348082 0.6943952802359882 0.06902654867256637 0.058997050147492625
0 0.6312684365781711 0.783480825958702 0.040117994100294985 0.08377581120943953
0 0.7793510324483776 0.6917404129793511 0.049557522123893805 0.09970501474926254
0 0.8876106194690265 0.6554572271386431 0.047787610619469026 0.14513274336283186
0 0.7884955752212389 0.8256637168141593 0.0584070796460177 0.11858407079646018
0 0.8648967551622418 0.7982300884955752 0.07905604719764012 0.0471976401179941
