0 0.11032448377581121 0.11740412979351032 0.030678466076696165 0.02831858407079646
0 0.3088495575221239 0.14424778761061946 0.028908554572271386 0.03480825958702065
1 0.45486725663716815 0.1398230088495575 0.03775811209439528 0.025958702064896755
0 0.5893805309734513 0.17728613569321533 0.03185840707964602 0.043067846607669616
1 0.7619469026548672 0.16843657817109145 0.018289085545722714 0.03716814159292035
1 0.9262536873156342 0.16224188790560473 0.029498525073746312 0.024778761061946902
0 0.9253687315634218 0.30029498525073745 0.03126843657817109 0.04247787610619469
0 0.7412979351032448 0.3079646017699115 0.033628318584070796 0.03303834808259587
0 0.6023598820058997 0.2604719764011799 0.03421828908554572 0.024188790560471976
1 0.44955752212389377 0.3106194690265487 0.03893805309734513 0.0359882005899705
1 0.2911504424778761 0.29793510324483774 0.023008849557522124 0.022418879056047197
1 0.1336283185840708 0.2943952802359882 0.019469026548672566 0.03775811209439528
0 0.14454277286135692 0.4415929203539823 0.029498525073746312 0.03952802359882006
0 0.28820058997050146 0.4056047197640118 0.033628318584070796 0.03952802359882006
1 0.4480825958702065 0.42212389380530974 0.032448377581120944 0.01710914454277286
1 0.6050147492625368 0.4191740412979351 0.033628318584070796 0.02654867256637168
1 0.751622418879056 0.4144542772861357 0.03421828908554572 0.02182890855457227
1 0.9436578171091445 0.3893805309734513 0.028908554572271386 0.024778761061946902
0 0.13156342182890857 0.5342182890855457 0.030678466076696165 0.033628318584070796
1 0.2855457227138643 0.5613569321533923 0.02831858407079646 0.02064896755162242
1 0.4510324483775811 0.5575221238938053 0.032448377581120944 0.022418879056047197
0 0.612094395280236 0.5404129793510324 0.0359882005899705 0.03421828908554572
0 0.7610619469026548 0.5616519174041298 0.03303834808259587 0.03303834808259587
1 0.9383480825958702 0.547787610619469 0.02654867256637168 0.027728613569321534
1 0.9253687315634218 0.6970501474926254 0.03008849557522124 0.027728613569321534
0 0.7678466076696165 0.6946902654867256 0.028908554572271386 0.01592920353982301
0 0.6182890855457227 0.6672566371681415 0.030678466076696165 0.02831858407079646
0 0.4504424778761062 0.7218289085545723 0.03716814159292035 0.028908554572271386
0 0.31887905604719763 0.7029498525073746 0.03480825958702065 0.038348082595870206
1 0.1271386430678466 0.7150442477876107 0.033628318584070796 0.029498525073746312
1 0.13775811209439529 0.9017699115044248 0.032448377581120944 0.0359882005899705
1 0.29970501474926253 0.8802359882005899 0.025958702064896755 0.025958702064896755
0 0.47699115044247786 0.8716814159292036 0.02536873156342183 0.02654867256637168
0 0.6292035398230088 0.848377581120944 0.032448377581120944 0.04365781710914454
1 0.7784660766961652 0.8280235988200589 0.02654867256637168 0.024188790560471976
1 0.9380530973451328 0.8557522123893805 0.030678466076696165 0.01592920353982301
