0 0.14365781710914455 0.1421828908554572 0.11622418879056047 0.10855457227138643
0 0.30737463126843656 0.11032448377581121 0.13805309734513274 0.10501474926253687
0 0.5076696165191741 0.11858407079646018 0.07964601769911504 0.1392330383480826
0 0.6637168141592921 0.13126843657817108 0.0743362831858407 0.21179941002949854
0 0.8725663716814159 0.07905604719764012 0.15103244837758112 0.11445427728613569
0 0.15132743362831858 0.3185840707964602 0.09616519174041298 0.04837758112094395
1 0.30914454277286135 0.2831858407079646 0.035398230088495575 0.044837758112094395
0 0.5268436578171092 0.28407079646017697 0.15575221238938053 0.04542772861356932
0 0.6206489675516225 0.24985250737463127 0.06371681415929203 0.09852507374631268
0 0.7828908554572271 0.25250737463126843 0.1958702064896755 0.08259587020648967
1 0.15516224188790562 0.3997050147492625 0.01887905604719764 0.04188790560471976
0 0.33008849557522124 0.4144542772861357 0.1882005899705015 0.08672566371681416
0 0.4117994100294985 0.4666666666666667 0.058997050147492625 0.12389380530973451
0 0.4737463126843658 0.4182890855457227 0.054277286135693215 0.027138643067846607
0 0.6056047197640118 0.3949852507374631 0.09144542772861357 0.2
0 0.7660766961651917 0.4126843657817109 0.07374631268436578 0.047787610619469026
1 0.5144542772861357 0.5171091445427729 0.04601769911504425 0.02654867256637168
0 0.12035398230088495 0.5061946902654867 0.1168141592920354 0.08023598820058997
0 0.24513274336283186 0.5589970501474926 0.027728613569321534 0.02654867256637168
0 0.09970501474926254 0.6581120943952802 0.11091445427728613 0.1893805309734513
0 0.10235988200589971 0.7766961651917405 0.08908554572271386 0.17522123893805308
1 0.24778761061946902 0.6769911504424778 0.025958702064896755 0.02536873156342183
0 0.20914454277286135 0.8259587020648967 0.06784660766961652 0.13451327433628318
1 0.32654867256637166 0.8070796460176991 0.03008849557522124 0.02831858407079646
0 0.38259587020648966 0.6637168141592921 0.04424778761061947 0.13333333333333333
0 0.4622418879056047 0.812094395280236 0.032448377581120944 0.07728613569321534
0 0.571976401179941 0.7964601769911505 0.09616519174041298 0.1191740412979351
0 0.7389380530973452 0.744542772861357 0.07728613569321534 0.16283185840707964
0 0.7442477876106195 0.7017699115044248 0.04542772861356932 0.03952802359882006
0 0.6327433628318584 0.6905604719764011 0.10324483775811209 0.16696165191740414
0 0.5047197640117994 0.6386430678466076 0.19882005899705013 0.057227138643067846
1 0.6737463126843658 0.55929203539823 0.03775811209439528 0.03421828908554572
0 0.7734513274336283 0.551622418879056 0.09557522123893805 0.03893805309734513
0 0.41622418879056045 0.5451327433628319 0.09852507374631268 0.12979351032448377
