1 0.1410029498525074 0.12536873156342182 0.03185840707964602 0.023008849557522124
1 0.2843657817109144 0.11710914454277285 0.029498525073746312 0.02536873156342183
1 0.45545722713864306 0.10855457227138643 0.03421828908554572 0.01887905604719764
1 0.5991150442477876 0.10855457227138643 0.033628318584070796 0.01887905604719764
1 0.7418879056047197 0.10383480825958702 0.03716814159292035 0.020058997050147492
1 0.8858407079646018 0.10353982300884956 0.03716814159292035 0.02182890855457227
1 0.140117994100295 0.23480825958702065 0.03480825958702065 0.020058997050147492
1 0.2967551622418879 0.228023598820059 0.04601769911504425 0.02536873156342183
1 0.4569321533923304 0.2312684365781711 0.03952802359882006 0.017699115044247787
1 0.6050147492625368 0.22743362831858407 0.04070796460176991 0.024188790560471976
1 0.7542772861356932 0.22625368731563422 0.03480825958702065 0.02182890855457227
1 0.8761061946902655 0.23067846607669618 0.03775811209439528 0.024778761061946902
1 0.1327433628318584 0.376401179941003 0.03775811209439528 0.016519174041297935
1 0.30855457227138644 0.36519174041297936 0.035398230088495575 0.022418879056047197
1 0.4542772861356932 0.371976401179941 0.03893805309734513 0.023008849557522124
1 0.6292035398230088 0.3687315634218289 0.04070796460176991 0.02359882005899705
1 0.7622418879056048 0.36224188790560474 0.03657817109144543 0.02359882005899705
1 0.8746312684365781 0.3654867256637168 0.03008849557522124 0.02182890855457227
1 0.1424778761061947 0.49498525073746313 0.03952802359882006 0.021238938053097345
1 0.30206489675516224 0.49734513274336284 0.03657817109144543 0.025958702064896755
1 0.45073746312684365 0.49970501474926254 0.03421828908554572 0.021238938053097345
1 0.6286135693215339 0.5058997050147492 0.03480825958702065 0.02064896755162242
1 0.7619469026548672 0.5247787610619469 0.0359882005899705 0.02182890855457227
1 0.8778761061946903 0.524188790560472 0.02831858407079646 0.027728613569321534
1 0.14513274336283186 0.6613569321533923 0.03893805309734513 0.020058997050147492
1 0.308259587020649 0.6622418879056047 0.0359882005899705 0.019469026548672566
1 0.46932153392330384 0.6589970501474927 0.03126843657817109 0.025958702064896755
1 0.6330383480825958 0.6646017699115044 0.040117994100294985 0.02536873156342183
1 0.7663716814159292 0.667551622418879 0.027138643067846607 0.02654867256637168
1 0.8846607669616519 0.6637168141592921 0.0359882005899705 0.021238938053097345
1 0.1480825958702065 0.812094395280236 0.029498525073746312 0.023008849557522124
1 0.3064896755162242 0.8053097345132744 0.03716814159292035 0.020058997050147492
1 0.48525073746312686 0.8129793510324483 0.03716814159292035 0.02359882005899705
1 0.6268436578171092 0.815929203539823 0.03126843657817109 0.01415929203539823
1 0.7604719764011799 0.8073746312684366 0.03185840707964602 0.027728613569321534
1 0.8790560471976401 0.8117994100294985 0.02831858407079646 0.025958702064896755
