0 0.10530973451327433 0.1182890855457227 0.047787610619469026 0.03716814159292035
0 0.20412979351032448 0.15870206489675515 0.0696165191740413 0.09793510324483776
0 0.3528023598820059 0.10914454277286136 0.04129793510324484 0.04837758112094395
0 0.47787610619469023 0.13215339233038348 0.13333333333333333 0.08259587020648967
0 0.6312684365781711 0.1421828908554572 0.0743362831858407 0.09085545722713864
0 0.7728613569321534 0.17315634218289086 0.08023598820058997 0.07964601769911504
0 0.11061946902654868 0.26991150442477874 0.0584070796460177 0.07374631268436578
1 0.23303834808259588 0.26755162241887903 0.049557522123893805 0.0359882005899705
0 0.33893805309734515 0.2663716814159292 0.07256637168141593 0.032448377581120944
1 0.5002949852507375 0.2784660766961652 0.03775811209439528 0.03893805309734513
0 0.667551622418879 0.25545722713864305 0.09262536873156342 0.05781710914454277
0 0.7882005899705015 0.23569321533923304 0.13215339233038348 0.052507374631268436
1 0.11179941002949853 0.456047197640118 0.04660766961651917 0.0471976401179941
0 0.26607669616519175 0.4088495575221239 0.09085545722713864 0.06253687315634218
0 0.38259587020648966 0.4498525073746313 0.06548672566371681 0.13392330383480827
1 0.5076696165191741 0.3991150442477876 0.052507374631268436 0.05486725663716814
0 0.6678466076696166 0.4581120943952802 0.0967551622418879 0.05132743362831858
0 0.7814159292035399 0.4247787610619469 0.04424778761061947 0.04365781710914454
0 0.14926253687315633 0.5964601769911504 0.03893805309734513 0.04365781710914454
0 0.30117994100294987 0.6171091445427729 0.07964601769911504 0.14749262536873156
0 0.40766961651917405 0.6014749262536873 0.11091445427728613 0.07964601769911504
1 0.1504424778761062 0.6657817109144543 0.03657817109144543 0.052507374631268436
0 0.5418879056047198 0.5209439528023598 0.05368731563421829 0.044837758112094395
0 0.663126843657817 0.5681415929203539 0.11327433628318584 0.0943952802359882
0 0.7775811209439528 0.5542772861356932 0.03893805309734513 0.04896755162241888
0 0.2702064896755162 0.7262536873156342 0.03421828908554572 0.04365781710914454
0 0.11799410029498525 0.8230088495575221 0.05545722713864307 0.08495575221238938
0 0.5398230088495575 0.668141592920354 0.06017699115044248 0.0607669616519174
0 0.4271386430678466 0.7654867256637168 0.10383480825958702 0.10678466076696165
1 0.2557522123893805 0.8365781710914454 0.038348082595870206 0.022418879056047197
0 0.38348082595870203 0.851622418879056 0.13097345132743363 0.11032448377581121
0 0.5542772861356932 0.8353982300884956 0.05486725663716814 0.10029498525073746
0 0.6554572271386431 0.7873156342182891 0.05073746312684366 0.07020648967551622
0 0.775811209439528 0.8044247787610619 0.15339233038348082 0.0607669616519174
0 0.7731563421828909 0.6699115044247788 0.09970501474926254 0.09616519174041298
0 0.6873156342182891 0.6764011799410029 0.05073746312684366 0.05486725663716814
