1 0.10088495575221239 0.1486725663716814 0.025958702064896755 0.025958702064896755
1 0.22271386430678466 0.1480825958702065 0.02654867256637168 0.016519174041297935
1 0.36578171091445427 0.14513274336283186 0.01887905604719764 0.025958702064896755
1 0.5271386430678466 0.1351032448377581 0.03008849557522124 0.029498525073746312
1 0.6775811209439528 0.1327433628318584 0.027728613569321534 0.020058997050147492
1 0.8436578171091446 0.12890855457227138 0.03185840707964602 0.03008849557522124
1 0.09734513274336283 0.3339233038348083 0.027138643067846607 0.021238938053097345
1 0.21474926253687315 0.32890855457227136 0.027138643067846607 0.02064896755162242
1 0.3734513274336283 0.3256637168141593 0.024778761061946902 0.01887905604719764
1 0.5141592920353982 0.35162241887905604 0.033628318584070796 0.020058997050147492
1 0.679646017699115 0.3471976401179941 0.03421828908554572 0.028908554572271386
1 0.8407079646017699 0.35929203539823007 0.029498525073746312 0.025958702064896755
1 0.08908554572271386 0.47227138643067845 0.024778761061946902 0.028908554572271386
1 0.23569321533923304 0.47286135693215336 0.024188790560471976 0.018289085545722714
1 0.38141592920353984 0.5 0.033628318584070796 0.02536873156342183
1 0.5339233038348082 0.5188790560471976 0.027138643067846607 0.018289085545722714
1 0.6846607669616519 0.5112094395280236 0.032448377581120944 0.019469026548672566
1 0.8410029498525073 0.5218289085545723 0.033628318584070796 0.03126843657817109
1 0.0935103244837758 0.6138643067846608 0.027728613569321534 0.01710914454277286
1 0.240117994100295 0.6179941002949852 0.022418879056047197 0.018289085545722714
1 0.38377581120943954 0.6386430678466076 0.03008849557522124 0.023008849557522124
1 0.5292035398230088 0.628023598820059 0.03185840707964602 0.02182890855457227
1 0.6861356932153392 0.628023598820059 0.035398230088495575 0.02536873156342183
1 0.8466076696165191 0.6336283185840708 0.03775811209439528 0.021238938053097345
1 0.10235988200589971 0.7607669616519174 0.03008849557522124 0.02182890855457227
1 0.24365781710914453 0.7675516224188791 0.03303834808259587 0.02359882005899705
1 0.39410029498525073 0.7616519174041297 0.03421828908554572 0.02359882005899705
1 0.5510324483775811 0.772566371681416 0.03893805309734513 0.02064896755162242
1 0.7008849557522123 0.7787610619469026 0.03303834808259587 0.02831858407079646
1 0.8530973451327434 0.7808259587020648 0.02831858407079646 0.02536873156342183
1 0.10648967551622418 0.9 0.032448377581120944 0.024188790560471976
1 0.26489675516224187 0.9017699115044248 0.02831858407079646 0.032448377581120944
1 0.4061946902654867 0.9091445427728614 0.028908554572271386 0.030678466076696165
1 0.5622418879056047 0.9132743362831859 0.027138643067846607 0.020058997050147492
1 0.7097345132743362 0.9091445427728614 0.03421828908554572 0.024778761061946902
1 0.8737463126843658 0.8896755162241887 0.03775811209439528 0.02831858407079646
