0 0.2377581120943953 0.22123893805309736 0.17463126843657817 0.06371681415929203
0 0.3448377581120944 0.22123893805309736 0.04660766961651917 0.08377581120943953
0 0.4545722713864307 0.1584070796460177 0.07374631268436578 0.1327433628318584
0 0.6094395280235988 0.15191740412979352 0.12389380530973451 0.13392330383480827
1 0.7283185840707964 0.2294985250737463 0.02654867256637168 0.03657817109144543
0 0.8837758112094395 0.19410029498525072 0.05781710914454277 0.06843657817109144
0 0.22212389380530972 0.3297935103244838 0.12802359882005898 0.09793510324483776
0 0.31091445427728615 0.3247787610619469 0.05545722713864307 0.057227138643067846
0 0.45781710914454277 0.33480825958702065 0.07669616519174041 0.08200589970501475
0 0.5646017699115045 0.24424778761061947 0.1168141592920354 0.12389380530973451
0 0.7283185840707964 0.2713864306784661 0.033628318584070796 0.03303834808259587
0 0.5825958702064896 0.39705014749262535 0.10206489675516224 0.0696165191740413
0 0.6737463126843658 0.38495575221238937 0.07551622418879056 0.1528023598820059
0 0.22123893805309736 0.44483775811209436 0.03303834808259587 0.05309734513274336
0 0.33716814159292036 0.4498525073746313 0.1079646017699115 0.11150442477876106
0 0.46607669616519176 0.4814159292035398 0.04837758112094395 0.049557522123893805
0 0.21769911504424777 0.5734513274336284 0.03775811209439528 0.04247787610619469
0 0.33185840707964603 0.5383480825958702 0.10914454277286136 0.052507374631268436
0 0.8306784660766962 0.31091445427728615 0.04129793510324484 0.04129793510324484
0 0.8507374631268436 0.41327433628318583 0.03303834808259587 0.04188790560471976
0 0.6292035398230088 0.5451327433628319 0.08200589970501475 0.15339233038348082
1 0.4952802359882006 0.6029498525073747 0.05486725663716814 0.04247787610619469
0 0.7268436578171091 0.5858407079646017 0.0920353982300885 0.08023598820058997
1 0.8911504424778761 0.5348082595870206 0.05604719764011799 0.03480825958702065
0 0.231858407079646 0.7581120943952803 0.10855457227138643 0.05309734513274336
0 0.3466076696165192 0.7430678466076696 0.09498525073746313 0.07492625368731563
1 0.5014749262536873 0.7171091445427729 0.044837758112094395 0.03480825958702065
0 0.6640117994100295 0.7380530973451327 0.08200589970501475 0.03893805309734513
1 0.7672566371681416 0.7306784660766962 0.052507374631268436 0.028908554572271386
0 0.8811209439528024 0.7227138643067846 0.043067846607669616 0.08023598820058997
0 0.23392330383480825 0.8262536873156342 0.06312684365781711 0.07610619469026549
0 0.36106194690265486 0.8646017699115044 0.11091445427728613 0.06430678466076696
0 0.5209439528023598 0.8663716814159292 0.13451327433628318 0.08200589970501475
0 0.647787610619469 0.8932153392330383 0.04129793510324484 0.040117994100294985
0 0.7932153392330383 0.8418879056047197 0.07492625368731563 0.10619469026548672
0 0.8985250737463126 0.8778761061946903 0.03775811209439528 0.035398230088495575
