0 0.11946902654867256 0.05781710914454277 0.061946902654867256 0.09911504424778761
0 0.2415929203539823 0.03333333333333333 0.07610619469026549 0.06430678466076696
0 0.4032448377581121 0.0584070796460177 0.05486725663716814 0.0743362831858407
0 0.532448377581121 0.11533923303834809 0.04070796460176991 0.03952802359882006
0 0.6672566371681415 0.06460176991150443 0.09557522123893805 0.047787610619469026
0 0.8539823008849557 0.0943952802359882 0.052507374631268436 0.05309734513274336
0 0.12123893805309735 0.23392330383480825 0.061946902654867256 0.06312684365781711
0 0.2471976401179941 0.1887905604719764 0.058997050147492625 0.05191740412979351
0 0.34572271386430675 0.17345132743362832 0.11091445427728613 0.06843657817109144
0 0.12743362831858407 0.32123893805309733 0.049557522123893805 0.057227138643067846
0 0.2056047197640118 0.296165191740413 0.06784660766961652 0.12271386430678466
0 0.5247787610619469 0.259882005899705 0.07728613569321534 0.05604719764011799
0 0.6973451327433628 0.22300884955752212 0.07079646017699115 0.0471976401179941
0 0.8610619469026548 0.22389380530973452 0.05604719764011799 0.06902654867256637
0 0.36578171091445427 0.37168141592920356 0.058997050147492625 0.10265486725663717
0 0.5474926253687316 0.33775811209439527 0.06843657817109144 0.03952802359882006
0 0.6887905604719764 0.36342182890855457 0.052507374631268436 0.04247787610619469
1 0.8687315634218289 0.37846607669616517 0.04896755162241888 0.0607669616519174
0 0.36194690265486723 0.46519174041297934 0.04660766961651917 0.047787610619469026
0 0.5292035398230088 0.4684365781710914 0.06371681415929203 0.06725663716814159
0 0.6985250737463127 0.5165191740412979 0.04601769911504425 0.09380530973451327
0 0.852212389380531 0.5138643067846608 0.05486725663716814 0.0743362831858407
0 0.13067846607669617 0.5294985250737463 0.07964601769911504 0.0831858407079646
0 0.21622418879056046 0.5474926253687316 0.06666666666666667 0.10501474926253687
0 0.10678466076696165 0.6548672566371682 0.05191740412979351 0.1486725663716814
0 0.228023598820059 0.6831858407079646 0.04424778761061947 0.10619469026548672
0 0.35929203539823007 0.692330383480826 0.06843657817109144 0.05958702064896755
0 0.4958702064896755 0.6023598820058997 0.05604719764011799 0.058997050147492625
0 0.6817109144542772 0.6233038348082596 0.05368731563421829 0.0584070796460177
0 0.8480825958702065 0.6339233038348082 0.03716814159292035 0.0607669616519174
0 0.13333333333333333 0.8026548672566372 0.07787610619469026 0.04424778761061947
0 0.20294985250737463 0.8324483775811209 0.07315634218289085 0.09085545722713864
0 0.3696165191740413 0.7825958702064897 0.03480825958702065 0.0808259587020649
0 0.5064896755162241 0.7772861356932154 0.0607669616519174 0.052507374631268436
0 0.7029498525073746 0.8398230088495575 0.07728613569321534 0.06666666666666667
1 0.8445427728613569 0.8171091445427728 0.05014749262536873 0.05545722713864307
