0 0.23628318584070795 0.17463126843657817 0.06548672566371681 0.07669616519174041
0 0.3640117994100295 0.1430678466076696 0.11445427728613569 0.061946902654867256
0 0.5212389380530973 0.1359882005899705 0.1351032448377581 0.08436578171091445
0 0.6463126843657817 0.10648967551622418 0.04424778761061947 0.05014749262536873
0 0.7949852507374631 0.15663716814159293 0.06902654867256637 0.11268436578171091
0 0.8970501474926253 0.11858407079646018 0.038348082595870206 0.04247787610619469
0 0.23067846607669618 0.24336283185840707 0.10737463126843658 0.05368731563421829
0 0.3433628318584071 0.2545722713864307 0.09557522123893805 0.07138643067846608
1 0.4958702064896755 0.2814159292035398 0.04070796460176991 0.03303834808259587
0 0.6637168141592921 0.26312684365781713 0.08023598820058997 0.03421828908554572
1 0.7690265486725664 0.268141592920354 0.05368731563421829 0.032448377581120944
0 0.8749262536873156 0.27935103244837756 0.04837758112094395 0.0808259587020649
0 0.2182890855457227 0.42979351032448376 0.03657817109144543 0.04188790560471976
0 0.3256637168141593 0.46194690265486726 0.11209439528023599 0.05545722713864307
1 0.49557522123893805 0.4002949852507375 0.05545722713864307 0.043067846607669616
0 0.6262536873156342 0.4551622418879056 0.07964601769911504 0.1528023598820059
0 0.7333333333333333 0.4126843657817109 0.10383480825958702 0.07728613569321534
0 0.8893805309734513 0.4640117994100295 0.04896755162241888 0.032448377581120944
0 0.21946902654867256 0.5548672566371682 0.03421828908554572 0.05014749262536873
0 0.33539823008849556 0.5640117994100295 0.09734513274336283 0.12625368731563422
0 0.46696165191740413 0.5200589970501475 0.047787610619469026 0.04188790560471976
0 0.22743362831858407 0.6710914454277286 0.12094395280235988 0.09852507374631268
0 0.23215339233038348 0.7805309734513274 0.17640117994100296 0.06253687315634218
0 0.3466076696165192 0.7808259587020648 0.05014749262536873 0.08790560471976401
0 0.3144542772861357 0.6764011799410029 0.05545722713864307 0.05368731563421829
0 0.45663716814159294 0.6669616519174041 0.07315634218289085 0.07728613569321534
0 0.45486725663716815 0.840117994100295 0.07669616519174041 0.13215339233038348
0 0.5663716814159292 0.7607669616519174 0.12507374631268436 0.12802359882005898
0 0.6103244837758112 0.8460176991150442 0.12212389380530973 0.12743362831858407
0 0.5746312684365782 0.6026548672566372 0.12625368731563422 0.07846607669616519
0 0.6693215339233038 0.6191740412979351 0.07374631268436578 0.13864306784660768
1 0.7244837758112095 0.7286135693215339 0.035398230088495575 0.04129793510324484
1 0.7271386430678466 0.7699115044247787 0.02654867256637168 0.040117994100294985
0 0.8495575221238938 0.5914454277286135 0.03775811209439528 0.04070796460176991
1 0.8312684365781711 0.6902654867256637 0.04601769911504425 0.040117994100294985
0 0.8817109144542773 0.8129793510324483 0.05604719764011799 0.08259587020648967
