1 0.10766961651917403 0.115929203539823 0.04424778761061947 0.03480825958702065
0 0.20707964601769913 0.15752212389380532 0.07669616519174041 0.10619469026548672
0 0.35103244837758113 0.10589970501474927 0.04837758112094395 0.04424778761061947
0 0.4831858407079646 0.13067846607669617 0.13097345132743363 0.09262536873156342
0 0.6356932153392331 0.1368731563421829 0.1079646017699115 0.06489675516224189
0 0.7634218289085546 0.17640117994100296 0.06725663716814159 0.07315634218289085
0 0.12300884955752212 0.2784660766961652 0.04896755162241888 0.08023598820058997
1 0.22772861356932153 0.26784660766961654 0.05191740412979351 0.03185840707964602
0 0.3309734513274336 0.26135693215339234 0.07905604719764012 0.035398230088495575
1 0.4941002949852507 0.2855457227138643 0.043067846607669616 0.03303834808259587
0 0.6548672566371682 0.2587020648967552 0.09911504424778761 0.06666666666666667
0 0.7693215339233038 0.24424778761061947 0.10737463126843658 0.05545722713864307
0 0.11179941002949853 0.463716814159292 0.05486725663716814 0.03775811209439528
0 0.27227138643067844 0.41150442477876104 0.09498525073746313 0.07256637168141593
0 0.37492625368731564 0.4557522123893805 0.07728613569321534 0.1528023598820059
0 0.5073746312684366 0.39941002949852505 0.054277286135693215 0.054277286135693215
0 0.6811209439528023 0.4592920353982301 0.10324483775811209 0.05604719764011799
0 0.7846607669616519 0.42920353982300885 0.044837758112094395 0.04896755162241888
0 0.15191740412979352 0.587905604719764 0.03716814159292035 0.038348082595870206
1 0.17256637168141592 0.6941002949852507 0.043067846607669616 0.038348082595870206
0 0.11769911504424779 0.799410029498525 0.06666666666666667 0.06253687315634218
1 0.27227138643067844 0.7233038348082595 0.03126843657817109 0.030678466076696165
1 0.271976401179941 0.7710914454277286 0.029498525073746312 0.03657817109144543
0 0.32536873156342183 0.6277286135693215 0.07374631268436578 0.143952802359882
0 0.4330383480825959 0.7551622418879056 0.1168141592920354 0.10737463126843658
0 0.3905604719764012 0.8469026548672566 0.11799410029498525 0.12920353982300886
0 0.5427728613569321 0.6702064896755162 0.07315634218289085 0.08141592920353982
0 0.5342182890855457 0.5191740412979351 0.05132743362831858 0.03775811209439528
0 0.3920353982300885 0.5961651917404129 0.06902654867256637 0.07138643067846608
0 0.6651917404129793 0.5536873156342182 0.11150442477876106 0.11268436578171091
0 0.7825958702064897 0.5569321533923304 0.03480825958702065 0.0471976401179941
0 0.7808259587020648 0.671386430678466 0.11150442477876106 0.09557522123893805
0 0.6861356932153392 0.6737463126843658 0.05191740412979351 0.05545722713864307
0 0.5430678466076696 0.8407079646017699 0.07964601769911504 0.12743362831858407
0 0.656047197640118 0.7802359882005899 0.05663716814159292 0.07846607669616519
0 0.7690265486725664 0.7817109144542773 0.1799410029498525 0.06135693215339233
