0 0.12330383480825959 0.05752212389380531 0.06017699115044248 0.09852507374631268
0 0.25663716814159293 0.055162241887905604 0.07079646017699115 0.052507374631268436
0 0.4070796460176991 0.05958702064896755 0.06253687315634218 0.06607669616519174
0 0.6710914454277286 0.061061946902654866 0.11858407079646018 0.05486725663716814
0 0.5368731563421829 0.11976401179941003 0.03303834808259587 0.035398230088495575
0 0.8530973451327434 0.10265486725663717 0.040117994100294985 0.040117994100294985
0 0.12212389380530973 0.2365781710914454 0.058997050147492625 0.07551622418879056
0 0.24660766961651917 0.18613569321533924 0.06017699115044248 0.04896755162241888
0 0.3495575221238938 0.17640117994100296 0.11976401179941003 0.05191740412979351
0 0.528023598820059 0.259882005899705 0.07669616519174041 0.05014749262536873
0 0.6914454277286135 0.22477876106194689 0.07905604719764012 0.049557522123893805
0 0.8613569321533923 0.22448377581120943 0.05663716814159292 0.07256637168141593
0 0.8687315634218289 0.38200589970501475 0.04660766961651917 0.05486725663716814
0 0.6899705014749262 0.3702064896755162 0.04070796460176991 0.04896755162241888
0 0.5469026548672566 0.33185840707964603 0.0696165191740413 0.043067846607669616
0 0.3654867256637168 0.37168141592920356 0.0584070796460177 0.10383480825958702
0 0.21415929203539824 0.30855457227138644 0.05309734513274336 0.11327433628318584
0 0.12477876106194691 0.31799410029498526 0.04188790560471976 0.06017699115044248
0 0.13421828908554573 0.5312684365781711 0.07256637168141593 0.07964601769911504
0 0.22064896755162242 0.5510324483775811 0.06135693215339233 0.10855457227138643
0 0.3601769911504425 0.4640117994100295 0.05486725663716814 0.05604719764011799
0 0.5277286135693215 0.46519174041297934 0.05604719764011799 0.07020648967551622
0 0.6920353982300885 0.5162241887905604 0.025958702064896755 0.09085545722713864
0 0.8463126843657817 0.5138643067846608 0.033628318584070796 0.0743362831858407
0 0.49675516224188787 0.6026548672566372 0.04247787610619469 0.05604719764011799
0 0.10766961651917403 0.6533923303834808 0.03952802359882006 0.14690265486725662
0 0.22330383480825958 0.6893805309734513 0.04896755162241888 0.09498525073746313
0 0.36283185840707965 0.6935103244837758 0.06253687315634218 0.0607669616519174
0 0.6817109144542772 0.6221238938053097 0.05604719764011799 0.04896755162241888
0 0.8492625368731563 0.6321533923303835 0.043067846607669616 0.05368731563421829
0 0.13775811209439529 0.8029498525073746 0.07846607669616519 0.0471976401179941
0 0.2103244837758112 0.8371681415929203 0.06548672566371681 0.10029498525073746
0 0.36843657817109143 0.7831858407079646 0.03952802359882006 0.0831858407079646
0 0.5064896755162241 0.7722713864306785 0.052507374631268436 0.06371681415929203
0 0.7032448377581121 0.8380530973451328 0.07551622418879056 0.06548672566371681
0 0.8445427728613569 0.8171091445427728 0.05014749262536873 0.05781710914454277
