1 0.10265486725663717 0.11533923303834809 0.05191740412979351 0.03952802359882006
0 0.2097345132743363 0.1616519174041298 0.07138643067846608 0.11445427728613569
0 0.35103244837758113 0.10294985250737462 0.04837758112094395 0.043067846607669616
0 0.48289085545722715 0.12743362831858407 0.13156342182890857 0.09321533923303835
0 0.6368731563421829 0.140117994100295 0.11032448377581121 0.06430678466076696
0 0.7631268436578171 0.17699115044247787 0.06548672566371681 0.08023598820058997
0 0.12625368731563422 0.279646017699115 0.04837758112094395 0.08495575221238938
1 0.23008849557522124 0.26755162241887903 0.054277286135693215 0.027728613569321534
0 0.33303834808259586 0.26489675516224187 0.07256637168141593 0.035398230088495575
1 0.4946902654867257 0.28230088495575223 0.04660766961651917 0.033628318584070796
0 0.6545722713864307 0.2581120943952802 0.09380530973451327 0.06902654867256637
0 0.7710914454277286 0.243952802359882 0.11327433628318584 0.05368731563421829
0 0.11179941002949853 0.45958702064896756 0.04188790560471976 0.03893805309734513
0 0.27227138643067844 0.40943952802359884 0.09734513274336283 0.06725663716814159
0 0.3734513274336283 0.45722713864306785 0.0696165191740413 0.14985250737463127
0 0.5076696165191741 0.3997050147492625 0.05604719764011799 0.04660766961651917
0 0.6814159292035398 0.4607669616519174 0.10147492625368731 0.05663716814159292
0 0.7811209439528024 0.4277286135693215 0.035398230088495575 0.04247787610619469
0 0.14926253687315633 0.5876106194690265 0.03303834808259587 0.03657817109144543
0 0.3256637168141593 0.6247787610619469 0.0696165191740413 0.13569321533923304
0 0.39085545722713866 0.5982300884955752 0.06666666666666667 0.07079646017699115
0 0.5356932153392331 0.5191740412979351 0.04601769911504425 0.040117994100294985
0 0.6646017699115044 0.5498525073746312 0.1079646017699115 0.10855457227138643
0 0.7805309734513274 0.5528023598820059 0.040117994100294985 0.05545722713864307
0 0.7752212389380531 0.6731563421828909 0.11327433628318584 0.09911504424778761
0 0.6864306784660766 0.6731563421828909 0.05132743362831858 0.054277286135693215
0 0.5415929203539823 0.6702064896755162 0.07669616519174041 0.08023598820058997
1 0.16843657817109145 0.6970501474926254 0.033628318584070796 0.043067846607669616
0 0.27404129793510323 0.7238938053097345 0.03480825958702065 0.027138643067846607
1 0.27168141592920353 0.7716814159292036 0.02536873156342183 0.03303834808259587
0 0.11769911504424779 0.8029498525073746 0.05958702064896755 0.05191740412979351
0 0.4342182890855457 0.7616519174041297 0.11209439528023599 0.11445427728613569
0 0.38997050147492623 0.8492625368731563 0.12507374631268436 0.1303834808259587
0 0.5486725663716814 0.8404129793510324 0.07315634218289085 0.1398230088495575
0 0.6557522123893805 0.7846607669616519 0.05132743362831858 0.08141592920353982
0 0.763716814159292 0.7831858407079646 0.16342182890855456 0.057227138643067846
