0 0.10176991150442477 0.1168141592920354 0.03952802359882006 0.03303834808259587
0 0.20648967551622419 0.15781710914454278 0.06843657817109144 0.11032448377581121
0 0.35162241887905604 0.10707964601769912 0.04601769911504425 0.04660766961651917
0 0.48259587020648964 0.1351032448377581 0.13097345132743363 0.08377581120943953
0 0.6374631268436578 0.1410029498525074 0.10914454277286136 0.058997050147492625
0 0.7654867256637168 0.17404129793510326 0.06312684365781711 0.07787610619469026
0 0.7707964601769911 0.24188790560471976 0.10324483775811209 0.054277286135693215
0 0.6569321533923304 0.2557522123893805 0.09262536873156342 0.07020648967551622
0 0.12418879056047197 0.2808259587020649 0.047787610619469026 0.08259587020648967
1 0.23244837758112094 0.2669616519174041 0.04601769911504425 0.03126843657817109
0 0.3359882005899705 0.2657817109144543 0.08200589970501475 0.03480825958702065
1 0.5014749262536873 0.28230088495575223 0.03893805309734513 0.03126843657817109
0 0.11297935103244838 0.46342182890855455 0.052507374631268436 0.03952802359882006
0 0.2672566371681416 0.4126843657817109 0.10029498525073746 0.06666666666666667
0 0.3746312684365782 0.45368731563421827 0.07079646017699115 0.1463126843657817
1 0.5017699115044247 0.3938053097345133 0.05014749262536873 0.0359882005899705
0 0.6746312684365782 0.46135693215339235 0.11858407079646018 0.05309734513274336
0 0.7811209439528024 0.42684365781710915 0.03893805309734513 0.04188790560471976
1 0.5345132743362832 0.5174041297935104 0.044837758112094395 0.04365781710914454
0 0.1486725663716814 0.5911504424778761 0.035398230088495575 0.04129793510324484
1 0.16696165191740414 0.692330383480826 0.04129793510324484 0.04070796460176991
0 0.11622418879056047 0.8165191740412979 0.05191740412979351 0.07669616519174041
0 0.27315634218289087 0.7241887905604719 0.030678466076696165 0.03480825958702065
1 0.2737463126843658 0.7693215339233038 0.027138643067846607 0.03893805309734513
0 0.32654867256637166 0.6179941002949852 0.07020648967551622 0.1433628318584071
0 0.42448377581120944 0.6058997050147492 0.12448377581120944 0.07669616519174041
0 0.6616519174041298 0.5631268436578171 0.10088495575221239 0.1351032448377581
0 0.7828908554572271 0.5572271386430678 0.03893805309734513 0.05132743362831858
0 0.7755162241887905 0.671386430678466 0.12212389380530973 0.09793510324483776
0 0.6873156342182891 0.6746312684365782 0.05073746312684366 0.05132743362831858
0 0.543952802359882 0.6678466076696166 0.07669616519174041 0.07551622418879056
0 0.4342182890855457 0.7569321533923303 0.12625368731563422 0.10973451327433628
0 0.3896755162241888 0.8486725663716814 0.12448377581120944 0.12566371681415928
0 0.5451327433628319 0.8424778761061946 0.07905604719764012 0.12861356932153392
0 0.6566371681415929 0.7831858407079646 0.05191740412979351 0.07610619469026549
0 0.7690265486725664 0.7811209439528024 0.17404129793510326 0.05781710914454277
