0 0.23244837758112094 0.21799410029498525 0.17699115044247787 0.05958702064896755
0 0.34572271386430675 0.21769911504424777 0.04247787610619469 0.0743362831858407
0 0.45486725663716815 0.15899705014749263 0.07787610619469026 0.13156342182890857
0 0.6094395280235988 0.15132743362831858 0.12035398230088495 0.12566371681415928
0 0.8858407079646018 0.18849557522123894 0.05368731563421829 0.07492625368731563
0 0.22271386430678466 0.328023598820059 0.12448377581120944 0.10147492625368731
0 0.31209439528023597 0.3274336283185841 0.04365781710914454 0.054277286135693215
0 0.45545722713864306 0.33480825958702065 0.07669616519174041 0.07846607669616519
0 0.5660766961651917 0.24365781710914453 0.12802359882005898 0.11799410029498525
1 0.7277286135693215 0.22625368731563422 0.024188790560471976 0.028908554572271386
0 0.728023598820059 0.271976401179941 0.02831858407079646 0.03421828908554572
1 0.8303834808259587 0.3112094395280236 0.04424778761061947 0.04188790560471976
0 0.8519174041297934 0.41150442477876104 0.03657817109144543 0.047787610619469026
0 0.6737463126843658 0.3781710914454277 0.0743362831858407 0.14277286135693215
0 0.5764011799410029 0.3949852507374631 0.12035398230088495 0.07374631268436578
0 0.33421828908554574 0.4424778761061947 0.09970501474926254 0.1168141592920354
0 0.21474926253687315 0.4498525073746313 0.01887905604719764 0.0607669616519174
0 0.21799410029498525 0.5722713864306784 0.03952802359882006 0.04365781710914454
0 0.3274336283185841 0.5377581120943953 0.10855457227138643 0.05486725663716814
0 0.46607669616519176 0.4775811209439528 0.04129793510324484 0.038348082595870206
1 0.49616519174041296 0.6032448377581121 0.049557522123893805 0.043067846607669616
0 0.6256637168141593 0.5471976401179941 0.07964601769911504 0.14926253687315633
0 0.727433628318584 0.5825958702064896 0.09793510324483776 0.06548672566371681
0 0.8882005899705014 0.5333333333333333 0.04542772861356932 0.04129793510324484
0 0.8775811209439528 0.7174041297935103 0.047787610619469026 0.09321533923303835
1 0.7646017699115044 0.7283185840707964 0.054277286135693215 0.03952802359882006
0 0.663126843657817 0.7353982300884956 0.0743362831858407 0.04070796460176991
1 0.49557522123893805 0.715929203539823 0.03775811209439528 0.038348082595870206
0 0.34100294985250734 0.7454277286135693 0.08377581120943953 0.06666666666666667
0 0.2303834808259587 0.755457227138643 0.1079646017699115 0.052507374631268436
0 0.23539823008849559 0.8271386430678466 0.06489675516224189 0.07787610619469026
0 0.3646017699115044 0.8610619469026548 0.1168141592920354 0.06430678466076696
0 0.5209439528023598 0.8646017699115044 0.12979351032448377 0.07728613569321534
0 0.6469026548672566 0.8893805309734513 0.04070796460176991 0.04542772861356932
0 0.792330383480826 0.8407079646017699 0.06843657817109144 0.10383480825958702
0 0.8952802359882006 0.8790560471976401 0.038348082595870206 0.03657817109144543
