0 0.12123893805309735 0.0584070796460177 0.04896755162241888 0.09911504424778761
0 0.24218289085545722 0.03333333333333333 0.0808259587020649 0.06430678466076696
0 0.40648967551622417 0.04749262536873156 0.058997050147492625 0.06312684365781711
0 0.6569321533923304 0.04749262536873156 0.08908554572271386 0.04070796460176991
0 0.8486725663716814 0.09941002949852507 0.04070796460176991 0.0359882005899705
0 0.5294985250737463 0.11858407079646018 0.03008849557522124 0.03303834808259587
0 0.33952802359882006 0.1696165191740413 0.10442477876106195 0.06548672566371681
0 0.24837758112094394 0.18672566371681415 0.06017699115044248 0.04424778761061947
0 0.1182890855457227 0.22890855457227138 0.06784660766961652 0.05781710914454277
0 0.12094395280235988 0.3224188790560472 0.05073746312684366 0.057227138643067846
0 0.20029498525073747 0.2949852507374631 0.07964601769911504 0.1168141592920354
0 0.36519174041297936 0.37492625368731564 0.05781710914454277 0.10678466076696165
0 0.5253687315634218 0.26135693215339234 0.0831858407079646 0.05191740412979351
0 0.6970501474926254 0.22359882005899706 0.06784660766961652 0.04247787610619469
0 0.8589970501474926 0.228023598820059 0.05663716814159292 0.06312684365781711
0 0.5466076696165192 0.33628318584070793 0.07020648967551622 0.04365781710914454
0 0.6929203539823009 0.3566371681415929 0.05014749262536873 0.05604719764011799
1 0.8690265486725663 0.3805309734513274 0.03657817109144543 0.05545722713864307
0 0.8421828908554572 0.511504424778761 0.052507374631268436 0.0696165191740413
0 0.6938053097345133 0.5135693215339233 0.03657817109144543 0.09144542772861357
0 0.5309734513274336 0.4702064896755162 0.05073746312684366 0.06371681415929203
0 0.3607669616519174 0.4654867256637168 0.05368731563421829 0.05191740412979351
0 0.13008849557522123 0.5303834808259587 0.07846607669616519 0.08731563421828908
0 0.2079646017699115 0.5548672566371682 0.07728613569321534 0.09380530973451327
0 0.07463126843657816 0.6533923303834808 0.12330383480825959 0.1480825958702065
0 0.13480825958702064 0.8035398230088495 0.06902654867256637 0.03775811209439528
0 0.19823008849557522 0.8238938053097346 0.08023598820058997 0.07846607669616519
0 0.22536873156342183 0.6867256637168142 0.04129793510324484 0.10265486725663717
0 0.3631268436578171 0.6958702064896755 0.07020648967551622 0.05958702064896755
0 0.36902654867256635 0.7811209439528024 0.0359882005899705 0.08495575221238938
0 0.48672566371681414 0.6047197640117994 0.06253687315634218 0.05309734513274336
0 0.503834808259587 0.779646017699115 0.05781710914454277 0.04896755162241888
0 0.6764011799410029 0.6294985250737463 0.05604719764011799 0.05545722713864307
0 0.7041297935103245 0.8336283185840708 0.07964601769911504 0.06135693215339233
0 0.8469026548672566 0.8165191740412979 0.05132743362831858 0.06135693215339233
0 0.8510324483775811 0.6218289085545723 0.04188790560471976 0.0471976401179941
