1 0.10117994100294986 0.12861356932153392 0.032448377581120944 0.02359882005899705
1 0.22890855457227138 0.14454277286135692 0.030678466076696165 0.02831858407079646
1 0.3855457227138643 0.1454277286135693 0.019469026548672566 0.02654867256637168
1 0.5386430678466076 0.1457227138643068 0.029498525073746312 0.017699115044247787
1 0.6914454277286135 0.14601769911504425 0.022418879056047197 0.04070796460176991
1 0.8469026548672566 0.12035398230088495 0.028908554572271386 0.01887905604719764
1 0.0967551622418879 0.33362831858407077 0.025958702064896755 0.018289085545722714
1 0.21651917404129795 0.3274336283185841 0.02359882005899705 0.017699115044247787
1 0.37256637168141593 0.32418879056047195 0.0359882005899705 0.018289085545722714
1 0.5188790560471976 0.3501474926253687 0.03008849557522124 0.023008849557522124
1 0.6811209439528023 0.34601769911504426 0.03716814159292035 0.023008849557522124
1 0.843952802359882 0.36283185840707965 0.03126843657817109 0.022418879056047197
1 0.08908554572271386 0.47404129793510325 0.027138643067846607 0.023008849557522124
1 0.23628318584070795 0.4690265486725664 0.02536873156342183 0.01887905604719764
1 0.3831858407079646 0.5020648967551622 0.028908554572271386 0.022418879056047197
1 0.5359882005899705 0.5206489675516224 0.02536873156342183 0.02182890855457227
1 0.6893805309734513 0.5117994100294985 0.0359882005899705 0.02536873156342183
1 0.8383480825958702 0.5120943952802359 0.03185840707964602 0.022418879056047197
1 0.0952802359882006 0.6171091445427729 0.027728613569321534 0.01887905604719764
1 0.24100294985250736 0.6250737463126843 0.027728613569321534 0.01592920353982301
1 0.38672566371681416 0.6389380530973451 0.03008849557522124 0.022418879056047197
1 0.5271386430678466 0.6268436578171092 0.0359882005899705 0.028908554572271386
1 0.687905604719764 0.6286135693215339 0.03657817109144543 0.02536873156342183
1 0.8477876106194691 0.631858407079646 0.029498525073746312 0.020058997050147492
1 0.10471976401179942 0.7646017699115044 0.03126843657817109 0.020058997050147492
1 0.24631268436578171 0.7651917404129793 0.03126843657817109 0.025958702064896755
1 0.3952802359882006 0.7687315634218289 0.03421828908554572 0.020058997050147492
1 0.5483775811209439 0.7740412979351032 0.033628318584070796 0.021238938053097345
1 0.7050147492625368 0.7752212389380531 0.03421828908554572 0.025958702064896755
1 0.8519174041297934 0.7787610619469026 0.02831858407079646 0.03303834808259587
1 0.1056047197640118 0.9005899705014749 0.029498525073746312 0.02064896755162242
1 0.26666666666666666 0.9 0.03303834808259587 0.024188790560471976
1 0.40825958702064896 0.907669616519174 0.029498525073746312 0.03126843657817109
1 0.5616519174041298 0.9135693215339233 0.02831858407079646 0.02536873156342183
1 0.712094395280236 0.9153392330383481 0.030678466076696165 0.02654867256637168
1 0.8651917404129793 0.9050147492625369 0.032448377581120944 0.02359882005899705
