1 0.06401179941002949 0.1415929203539823 0.032448377581120944 0.01887905604719764
0 0.2182890855457227 0.17669616519174042 0.03421828908554572 0.03126843657817109
0 0.3740412979351032 0.1528023598820059 0.03303834808259587 0.03893805309734513
0 0.5265486725663717 0.12448377581120944 0.03008849557522124 0.027138643067846607
1 0.7014749262536873 0.1182890855457227 0.03185840707964602 0.03480825958702065
1 0.8640117994100295 0.09587020648967551 0.03952802359882006 0.023008849557522124
1 0.8758112094395281 0.28820058997050146 0.03480825958702065 0.03126843657817109
0 0.6834808259587021 0.29852507374631265 0.027728613569321534 0.03657817109144543
0 0.5486725663716814 0.28023598820059 0.03657817109144543 0.02359882005899705
0 0.3787610619469026 0.3327433628318584 0.035398230088495575 0.030678466076696165
0 0.2345132743362832 0.307669616519174 0.028908554572271386 0.018289085545722714
1 0.07168141592920355 0.3041297935103245 0.02536873156342183 0.02064896755162242
0 0.06519174041297934 0.4528023598820059 0.028908554572271386 0.023008849557522124
0 0.2345132743362832 0.43569321533923305 0.033628318584070796 0.03008849557522124
0 0.3793510324483776 0.4604719764011799 0.035398230088495575 0.03716814159292035
1 0.5519174041297935 0.44277286135693217 0.028908554572271386 0.023008849557522124
1 0.7138643067846607 0.4392330383480826 0.03185840707964602 0.02064896755162242
0 0.8666666666666667 0.4640117994100295 0.02831858407079646 0.0359882005899705
0 0.8572271386430679 0.5587020648967551 0.03185840707964602 0.04129793510324484
0 0.7094395280235988 0.5970501474926253 0.027728613569321534 0.03893805309734513
1 0.5533923303834808 0.5752212389380531 0.029498525073746312 0.022418879056047197
1 0.3896755162241888 0.5808259587020649 0.03008849557522124 0.018289085545722714
1 0.24955752212389382 0.5852507374631268 0.030678466076696165 0.017699115044247787
0 0.06165191740412979 0.6112094395280236 0.02536873156342183 0.029498525073746312
0 0.07492625368731563 0.7 0.03421828908554572 0.028908554572271386
0 0.25781710914454276 0.6887905604719764 0.03775811209439528 0.02654867256637168
0 0.39557522123893807 0.7398230088495575 0.03126843657817109 0.02359882005899705
1 0.5513274336283186 0.6870206489675517 0.033628318584070796 0.03716814159292035
1 0.7070796460176991 0.7 0.03126843657817109 0.014749262536873156
1 0.8657817109144542 0.7067846607669617 0.02182890855457227 0.03421828908554572
0 0.8929203539823009 0.8843657817109144 0.032448377581120944 0.030678466076696165
1 0.6908554572271386 0.8551622418879056 0.025958702064896755 0.0359882005899705
0 0.5436578171091445 0.8643067846607669 0.02654867256637168 0.03657817109144543
0 0.4073746312684366 0.8215339233038348 0.027728613569321534 0.032448377581120944
1 0.2383480825958702 0.8309734513274336 0.017699115044247787 0.033628318584070796
1 0.07256637168141593 0.8410029498525073 0.029498525073746312 0.02182890855457227
