1 0.11327433628318584 0.10353982300884956 0.040117994100294985 0.01592920353982301
1 0.2551622418879056 0.10471976401179942 0.028908554572271386 0.01710914454277286
1 0.3979351032448378 0.10530973451327433 0.03480825958702065 0.023008849557522124
1 0.5424778761061947 0.10825958702064897 0.03716814159292035 0.018289085545722714
1 0.7132743362831858 0.11887905604719765 0.030678466076696165 0.02536873156342183
1 0.8575221238938053 0.12507374631268436 0.032448377581120944 0.020058997050147492
1 0.1224188790560472 0.22743362831858407 0.02536873156342183 0.019469026548672566
1 0.24218289085545722 0.2271386430678466 0.02654867256637168 0.020058997050147492
1 0.3938053097345133 0.22920353982300884 0.03480825958702065 0.018289085545722714
1 0.5415929203539823 0.22890855457227138 0.035398230088495575 0.020058997050147492
1 0.7 0.22743362831858407 0.03952802359882006 0.019469026548672566
1 0.8584070796460177 0.23392330383480825 0.030678466076696165 0.019469026548672566
1 0.12418879056047197 0.3654867256637168 0.03008849557522124 0.023008849557522124
1 0.2351032448377581 0.36224188790560474 0.03716814159292035 0.017699115044247787
1 0.37138643067846605 0.3687315634218289 0.033628318584070796 0.022418879056047197
1 0.5463126843657817 0.3710914454277286 0.03421828908554572 0.020058997050147492
1 0.6926253687315634 0.3654867256637168 0.03185840707964602 0.023008849557522124
1 0.863716814159292 0.37846607669616517 0.03657817109144543 0.02536873156342183
1 0.1200589970501475 0.5238938053097345 0.024188790560471976 0.02831858407079646
1 0.2351032448377581 0.524188790560472 0.027728613569321534 0.02064896755162242
1 0.37138643067846605 0.5073746312684366 0.03126843657817109 0.01887905604719764
1 0.5448377581120943 0.49911504424778763 0.03126843657817109 0.020058997050147492
1 0.6982300884955752 0.4946902654867257 0.03952802359882006 0.023008849557522124
1 0.8542772861356932 0.491740412979351 0.03657817109144543 0.019469026548672566
1 0.11445427728613569 0.6616519174041298 0.02831858407079646 0.019469026548672566
1 0.2336283185840708 0.6660766961651917 0.03185840707964602 0.01887905604719764
1 0.36666666666666664 0.6622418879056047 0.03126843657817109 0.024188790560471976
1 0.531858407079646 0.6595870206489676 0.03480825958702065 0.016519174041297935
1 0.6908554572271386 0.6628318584070796 0.035398230088495575 0.018289085545722714
1 0.8545722713864307 0.663126843657817 0.038348082595870206 0.02359882005899705
1 0.12064896755162241 0.8115044247787611 0.028908554572271386 0.019469026548672566
1 0.2368731563421829 0.8109144542772861 0.03126843657817109 0.014749262536873156
1 0.3696165191740413 0.8150442477876106 0.032448377581120944 0.013569321533923304
1 0.5165191740412979 0.8123893805309734 0.028908554572271386 0.022418879056047197
1 0.6941002949852507 0.8050147492625369 0.03716814159292035 0.018289085545722714
1 0.8480825958702065 0.8088495575221238 0.027728613569321534 0.022418879056047197
