1 0.06253687315634218 0.1480825958702065 0.030678466076696165 0.021238938053097345
1 0.17669616519174042 0.18672566371681415 0.03126843657817109 0.02654867256637168
0 0.35398230088495575 0.17020648967551621 0.030678466076696165 0.047787610619469026
1 0.5215339233038347 0.13775811209439529 0.03893805309734513 0.02536873156342183
1 0.699410029498525 0.11651917404129794 0.03008849557522124 0.027728613569321534
0 0.8528023598820059 0.08495575221238938 0.03952802359882006 0.030678466076696165
1 0.8743362831858407 0.30442477876106194 0.03421828908554572 0.03185840707964602
0 0.6640117994100295 0.3056047197640118 0.02654867256637168 0.04837758112094395
0 0.5424778761061947 0.28466076696165193 0.043067846607669616 0.027728613569321534
1 0.3743362831858407 0.33716814159292036 0.03716814159292035 0.03126843657817109
0 0.22005899705014748 0.3368731563421829 0.025958702064896755 0.04365781710914454
0 0.0696165191740413 0.31976401179941005 0.03185840707964602 0.029498525073746312
0 0.061946902654867256 0.45545722713864306 0.021238938053097345 0.024778761061946902
0 0.22595870206489677 0.43097345132743364 0.020058997050147492 0.04070796460176991
1 0.37138643067846605 0.45958702064896756 0.023008849557522124 0.04247787610619469
1 0.5492625368731563 0.44188790560471974 0.030678466076696165 0.022418879056047197
1 0.7085545722713864 0.43716814159292033 0.027138643067846607 0.027138643067846607
0 0.8610619469026548 0.4684365781710914 0.032448377581120944 0.03657817109144543
0 0.8581120943952802 0.5584070796460177 0.03008849557522124 0.04070796460176991
0 0.7044247787610619 0.5991150442477876 0.030678466076696165 0.038348082595870206
1 0.5486725663716814 0.5808259587020649 0.02359882005899705 0.018289085545722714
1 0.39321533923303836 0.5811209439528023 0.033628318584070796 0.024778761061946902
1 0.24896755162241888 0.595575221238938 0.027138643067846607 0.02064896755162242
0 0.059882005899705014 0.5949852507374631 0.02536873156342183 0.033628318584070796
0 0.07728613569321534 0.7079646017699115 0.03185840707964602 0.02831858407079646
0 0.2592920353982301 0.7008849557522123 0.032448377581120944 0.024778761061946902
0 0.38997050147492623 0.7194690265486725 0.03303834808259587 0.03126843657817109
0 0.543952802359882 0.7112094395280236 0.03657817109144543 0.047787610619469026
0 0.7067846607669617 0.7147492625368731 0.030678466076696165 0.032448377581120944
1 0.8651917404129793 0.7061946902654868 0.019469026548672566 0.03421828908554572
1 0.06755162241887905 0.8297935103244838 0.03126843657817109 0.0359882005899705
0 0.25899705014749264 0.8309734513274336 0.025958702064896755 0.04424778761061947
0 0.41238938053097346 0.8070796460176991 0.030678466076696165 0.02831858407079646
0 0.5480825958702065 0.8687315634218289 0.03303834808259587 0.038348082595870206
1 0.6985250737463127 0.8592920353982301 0.01887905604719764 0.04542772861356932
1 0.8896755162241887 0.8775811209439528 0.029498525073746312 0.03126843657817109
