0 0.15250737463126843 0.18348082595870208 0.05604719764011799 0.05663716814159292
0 0.29793510324483774 0.1616519174041298 0.07551622418879056 0.06607669616519174
0 0.49793510324483775 0.22920353982300884 0.06253687315634218 0.0607669616519174
0 0.6294985250737463 0.22035398230088496 0.035398230088495575 0.0808259587020649
0 0.7811209439528024 0.17492625368731562 0.05073746312684366 0.10324483775811209
0 0.8628318584070797 0.1952802359882006 0.07964601769911504 0.05073746312684366
0 0.14896755162241887 0.3654867256637168 0.043067846607669616 0.0584070796460177
0 0.3230088495575221 0.3743362831858407 0.04424778761061947 0.057227138643067846
0 0.4964601769911504 0.3979351032448378 0.04070796460176991 0.0584070796460177
0 0.6283185840707964 0.3053097345132743 0.0471976401179941 0.05486725663716814
0 0.7828908554572271 0.3056047197640118 0.05309734513274336 0.10383480825958702
0 0.8831858407079646 0.3398230088495575 0.05191740412979351 0.16047197640117994
0 0.8634218289085546 0.46519174041297934 0.05958702064896755 0.0808259587020649
0 0.7752212389380531 0.4471976401179941 0.06371681415929203 0.10265486725663717
0 0.6398230088495576 0.5339233038348082 0.04896755162241888 0.05781710914454277
0 0.47404129793510325 0.5315634218289086 0.04896755162241888 0.06843657817109144
0 0.30619469026548674 0.48525073746312686 0.03657817109144543 0.0855457227138643
0 0.15309734513274337 0.4882005899705015 0.03952802359882006 0.07610619469026549
0 0.13451327433628318 0.6147492625368731 0.03303834808259587 0.049557522123893805
1 0.31504424778761064 0.6274336283185841 0.049557522123893805 0.04424778761061947
0 0.452212389380531 0.6761061946902654 0.06666666666666667 0.058997050147492625
0 0.6356932153392331 0.6342182890855457 0.047787610619469026 0.0967551622418879
0 0.7846607669616519 0.691150442477876 0.044837758112094395 0.12212389380530973
0 0.8722713864306785 0.6825958702064897 0.04424778761061947 0.06725663716814159
0 0.8772861356932153 0.7601769911504425 0.05663716814159292 0.07020648967551622
0 0.752802359882006 0.8156342182890856 0.054277286135693215 0.05486725663716814
0 0.6430678466076696 0.8209439528023599 0.12861356932153392 0.047787610619469026
0 0.4690265486725664 0.7436578171091446 0.06843657817109144 0.06430678466076696
0 0.4640117994100295 0.8814159292035398 0.03008849557522124 0.03893805309734513
0 0.29970501474926253 0.7764011799410029 0.05545722713864307 0.054277286135693215
0 0.14188790560471976 0.7707964601769911 0.057227138643067846 0.05368731563421829
0 0.14690265486725662 0.8979351032448377 0.035398230088495575 0.035398230088495575
0 0.32831858407079645 0.9404129793510324 0.11032448377581121 0.04129793510324484
0 0.5958702064896755 0.9371681415929204 0.04365781710914454 0.07020648967551622
0 0.744542772861357 0.9469026548672567 0.06607669616519174 0.05191740412979351
0 0.8811209439528024 0.9404129793510324 0.05014749262536873 0.10029498525073746
