0 0.17020648967551621 0.12330383480825959 0.052507374631268436 0.04129793510324484
0 0.268141592920354 0.1920353982300885 0.047787610619469026 0.04542772861356932
0 0.4103244837758112 0.1327433628318584 0.038348082595870206 0.03775811209439528
0 0.4415929203539823 0.30206489675516224 0.043067846607669616 0.05073746312684366
0 0.5575221238938053 0.3029498525073746 0.06253687315634218 0.09498525073746313
0 0.6336283185840708 0.17728613569321533 0.029498525073746312 0.09734513274336283
0 0.7050147492625368 0.14277286135693215 0.03657817109144543 0.0743362831858407
0 0.8943952802359882 0.17286135693215338 0.027138643067846607 0.044837758112094395
0 0.7970501474926254 0.3064896755162242 0.03421828908554572 0.06784660766961652
0 0.883480825958702 0.3153392330383481 0.03008849557522124 0.047787610619469026
0 0.16342182890855456 0.2994100294985251 0.07787610619469026 0.06312684365781711
0 0.33628318584070793 0.26430678466076696 0.04837758112094395 0.04247787610619469
0 0.15250737463126843 0.4176991150442478 0.057227138643067846 0.05545722713864307
1 0.3191740412979351 0.4539823008849557 0.04129793510324484 0.043067846607669616
0 0.4398230088495575 0.459882005899705 0.04070796460176991 0.04896755162241888
0 0.58023598820059 0.46017699115044247 0.07138643067846608 0.05781710914454277
0 0.7250737463126844 0.4230088495575221 0.03303834808259587 0.03185840707964602
0 0.8855457227138643 0.4480825958702065 0.04837758112094395 0.03480825958702065
0 0.8702064896755162 0.5548672566371682 0.04365781710914454 0.07492625368731563
0 0.699410029498525 0.628023598820059 0.07964601769911504 0.07020648967551622
0 0.5244837758112094 0.6268436578171092 0.04601769911504425 0.06666666666666667
0 0.40530973451327434 0.5911504424778761 0.07905604719764012 0.08141592920353982
1 0.2867256637168142 0.5867256637168141 0.049557522123893805 0.043067846607669616
0 0.1430678466076696 0.532448377581121 0.03480825958702065 0.02536873156342183
0 0.1687315634218289 0.708259587020649 0.06843657817109144 0.04424778761061947
0 0.28171091445427726 0.7702064896755162 0.04542772861356932 0.04542772861356932
1 0.48053097345132745 0.7404129793510325 0.05486725663716814 0.03657817109144543
0 0.608259587020649 0.7489675516224189 0.05073746312684366 0.05958702064896755
0 0.7333333333333333 0.7398230088495575 0.03893805309734513 0.040117994100294985
0 0.8492625368731563 0.7622418879056048 0.04660766961651917 0.05191740412979351
0 0.8758112094395281 0.8749262536873156 0.0607669616519174 0.040117994100294985
1 0.7221238938053097 0.9011799410029498 0.03775811209439528 0.027728613569321534
0 0.6448377581120944 0.8941002949852507 0.03421828908554572 0.02654867256637168
0 0.49262536873156343 0.8820058997050148 0.03775811209439528 0.029498525073746312
0 0.28023598820059 0.8941002949852507 0.035398230088495575 0.04070796460176991
0 0.14896755162241887 0.8528023598820059 0.05014749262536873 0.032448377581120944
