0 0.1454277286135693 0.09852507374631268 0.04896755162241888 0.04129793510324484
0 0.335693215339233 0.055162241887905604 0.08259587020648967 0.03480825958702065
0 0.4622418879056047 0.12035398230088495 0.038348082595870206 0.04129793510324484
0 0.5893805309734513 0.05132743362831858 0.05191740412979351 0.05309734513274336
0 0.7572271386430678 0.033628318584070796 0.0831858407079646 0.05781710914454277
0 0.8811209439528024 0.06135693215339233 0.05014749262536873 0.09911504424778761
0 0.13805309734513274 0.22684365781710913 0.05663716814159292 0.06784660766961652
0 0.3056047197640118 0.22094395280235987 0.06135693215339233 0.05132743362831858
0 0.4761061946902655 0.259882005899705 0.07669616519174041 0.05368731563421829
0 0.6578171091445427 0.16814159292035397 0.10737463126843658 0.071976401179941
0 0.7533923303834809 0.1896755162241888 0.05663716814159292 0.04070796460176991
0 0.8858407079646018 0.23244837758112094 0.06312684365781711 0.06489675516224189
0 0.7958702064896755 0.2926253687315634 0.071976401179941 0.12271386430678466
0 0.8761061946902655 0.3230088495575221 0.054277286135693215 0.057227138643067846
0 0.1327433628318584 0.37964601769911505 0.044837758112094395 0.0584070796460177
0 0.30855457227138644 0.3572271386430678 0.044837758112094395 0.05486725663716814
0 0.4557522123893805 0.33657817109144544 0.06548672566371681 0.03952802359882006
0 0.6359882005899705 0.3728613569321534 0.05309734513274336 0.10383480825958702
0 0.15398230088495574 0.5120943952802359 0.04365781710914454 0.0743362831858407
0 0.3053097345132743 0.5179941002949853 0.03716814159292035 0.0920353982300885
0 0.46932153392330384 0.46578171091445425 0.057227138643067846 0.06548672566371681
0 0.6359882005899705 0.46814159292035395 0.054277286135693215 0.057227138643067846
0 0.15191740412979352 0.6247787610619469 0.03716814159292035 0.049557522123893805
0 0.3200589970501475 0.6227138643067847 0.052507374631268436 0.057227138643067846
0 0.5094395280235988 0.6032448377581121 0.06548672566371681 0.05486725663716814
0 0.7902654867256637 0.5489675516224188 0.07020648967551622 0.09970501474926254
0 0.8707964601769911 0.5321533923303835 0.07787610619469026 0.08377581120943953
0 0.924188790560472 0.6542772861356932 0.12566371681415928 0.14513274336283186
0 0.7746312684365781 0.6855457227138643 0.04365781710914454 0.10265486725663717
0 0.8657817109144542 0.8026548672566372 0.07610619469026549 0.04424778761061947
0 0.8008849557522124 0.8306784660766962 0.0808259587020649 0.08731563421828908
0 0.636283185840708 0.6932153392330384 0.06902654867256637 0.05663716814159292
0 0.6312684365781711 0.7799410029498525 0.03421828908554572 0.07787610619469026
0 0.4902654867256637 0.7805309734513274 0.06489675516224189 0.04837758112094395
0 0.29646017699115046 0.835693215339233 0.07492625368731563 0.06784660766961652
0 0.15339233038348082 0.8168141592920354 0.058997050147492625 0.06430678466076696
