1 0.09587020648967551 0.1463126843657817 0.02182890855457227 0.027138643067846607
1 0.2182890855457227 0.14896755162241887 0.024778761061946902 0.018289085545722714
1 0.3631268436578171 0.1454277286135693 0.02536873156342183 0.018289085545722714
1 0.5200589970501475 0.14041297935103245 0.03126843657817109 0.02359882005899705
1 0.6781710914454278 0.1359882005899705 0.028908554572271386 0.023008849557522124
1 0.8383480825958702 0.12359882005899706 0.03421828908554572 0.02654867256637168
1 0.09911504424778761 0.33421828908554574 0.029498525073746312 0.018289085545722714
1 0.21533923303834807 0.32890855457227136 0.030678466076696165 0.02064896755162242
1 0.3728613569321534 0.32595870206489674 0.029498525073746312 0.024188790560471976
1 0.5182890855457227 0.34926253687315634 0.03008849557522124 0.017699115044247787
1 0.68023598820059 0.34690265486725663 0.035398230088495575 0.024778761061946902
1 0.8430678466076696 0.36224188790560474 0.029498525073746312 0.017699115044247787
1 0.08967551622418879 0.4737463126843658 0.03303834808259587 0.02359882005899705
1 0.23480825958702065 0.4713864306784661 0.025958702064896755 0.017699115044247787
1 0.3817109144542773 0.5011799410029498 0.022418879056047197 0.023008849557522124
1 0.5336283185840708 0.523598820058997 0.028908554572271386 0.023008849557522124
1 0.6873156342182891 0.5112094395280236 0.02831858407079646 0.019469026548672566
1 0.8395280235988201 0.5162241887905604 0.03303834808259587 0.021238938053097345
1 0.09498525073746313 0.6150442477876106 0.029498525073746312 0.019469026548672566
1 0.2415929203539823 0.6188790560471976 0.024188790560471976 0.021238938053097345
1 0.3831858407079646 0.6368731563421829 0.027728613569321534 0.024188790560471976
1 0.5283185840707965 0.6268436578171092 0.02654867256637168 0.02182890855457227
1 0.6890855457227139 0.6297935103244837 0.027138643067846607 0.023008849557522124
1 0.8457227138643068 0.6333333333333333 0.027728613569321534 0.019469026548672566
1 0.10265486725663717 0.7634218289085546 0.02831858407079646 0.021238938053097345
1 0.24631268436578171 0.7660766961651917 0.024188790560471976 0.019469026548672566
1 0.39469026548672564 0.7678466076696165 0.030678466076696165 0.018289085545722714
1 0.5542772861356932 0.772566371681416 0.03126843657817109 0.02064896755162242
1 0.7002949852507374 0.7749262536873156 0.030678466076696165 0.024188790560471976
1 0.8507374631268436 0.7784660766961652 0.01887905604719764 0.028908554572271386
1 0.1079646017699115 0.8991150442477875 0.027138643067846607 0.017699115044247787
1 0.2654867256637168 0.9008849557522124 0.030678466076696165 0.025958702064896755
1 0.40176991150442476 0.912094395280236 0.029498525073746312 0.025958702064896755
1 0.559882005899705 0.9144542772861357 0.035398230088495575 0.024778761061946902
1 0.7109144542772862 0.9171091445427728 0.035398230088495575 0.028908554572271386
1 0.868141592920354 0.8964601769911504 0.03126843657817109 0.023008849557522124
