1 0.12566371681415928 0.10707964601769912 0.029498525073746312 0.024188790560471976
1 0.29705014749262537 0.11799410029498525 0.02654867256637168 0.020058997050147492
1 0.451622418879056 0.12359882005899706 0.02654867256637168 0.019469026548672566
1 0.6238938053097345 0.14454277286135692 0.02654867256637168 0.021238938053097345
1 0.759882005899705 0.1486725663716814 0.02359882005899705 0.024778761061946902
1 0.9380530973451328 0.14601769911504425 0.02831858407079646 0.01592920353982301
1 0.1215339233038348 0.27551622418879057 0.035398230088495575 0.022418879056047197
1 0.2994100294985251 0.28230088495575223 0.028908554572271386 0.02654867256637168
1 0.45250737463126844 0.29970501474926253 0.03303834808259587 0.024778761061946902
1 0.615929203539823 0.30442477876106194 0.03303834808259587 0.01887905604719764
1 0.7542772861356932 0.296165191740413 0.02654867256637168 0.022418879056047197
1 0.9286135693215339 0.30029498525073745 0.03185840707964602 0.01887905604719764
1 0.12477876106194691 0.4377581120943953 0.028908554572271386 0.01887905604719764
1 0.28348082595870205 0.44041297935103246 0.03480825958702065 0.02064896755162242
1 0.44896755162241886 0.4421828908554572 0.029498525073746312 0.02064896755162242
1 0.6079646017699115 0.4463126843657817 0.028908554572271386 0.02064896755162242
1 0.7572271386430678 0.4463126843657817 0.027728613569321534 0.019469026548672566
1 0.935693215339233 0.45073746312684365 0.025958702064896755 0.021238938053097345
1 0.12566371681415928 0.5817109144542773 0.029498525073746312 0.029498525073746312
1 0.2884955752212389 0.5769911504424778 0.03185840707964602 0.02359882005899705
1 0.44778761061946903 0.5781710914454277 0.025958702064896755 0.01887905604719764
1 0.6044247787610619 0.5778761061946902 0.03008849557522124 0.018289085545722714
1 0.748377581120944 0.5876106194690265 0.0359882005899705 0.017699115044247787
1 0.9351032448377581 0.5941002949852507 0.03185840707964602 0.027138643067846607
1 0.13333333333333333 0.7044247787610619 0.022418879056047197 0.03421828908554572
1 0.2908554572271386 0.6982300884955752 0.029498525073746312 0.018289085545722714
1 0.4492625368731563 0.7041297935103245 0.027728613569321534 0.02064896755162242
1 0.6032448377581121 0.7053097345132743 0.032448377581120944 0.019469026548672566
1 0.756047197640118 0.719174041297935 0.033628318584070796 0.02831858407079646
1 0.9345132743362832 0.7233038348082595 0.035398230088495575 0.02359882005899705
1 0.1303834808259587 0.8663716814159292 0.017699115044247787 0.03126843657817109
1 0.2752212389380531 0.8362831858407079 0.03008849557522124 0.02536873156342183
1 0.44483775811209436 0.8463126843657817 0.030678466076696165 0.02064896755162242
1 0.5935103244837758 0.8315634218289085 0.02359882005899705 0.02064896755162242
1 0.7672566371681416 0.8348082595870207 0.0359882005899705 0.01887905604719764
1 0.9339233038348083 0.8342182890855457 0.03303834808259587 0.021238938053097345
