1 0.06401179941002949 0.1421828908554572 0.027728613569321534 0.02359882005899705
1 0.240117994100295 0.13716814159292035 0.02831858407079646 0.02064896755162242
1 0.37610619469026546 0.14365781710914455 0.03126843657817109 0.02064896755162242
1 0.5504424778761062 0.12448377581120944 0.03185840707964602 0.022418879056047197
1 0.7023598820058997 0.11474926253687315 0.02654867256637168 0.027728613569321534
1 0.8716814159292036 0.10678466076696165 0.027728613569321534 0.02831858407079646
1 0.071976401179941 0.29970501474926253 0.03185840707964602 0.017699115044247787
1 0.243952802359882 0.2952802359882006 0.02654867256637168 0.02064896755162242
1 0.3858407079646018 0.3023598820058997 0.03775811209439528 0.023008849557522124
1 0.5486725663716814 0.29793510324483774 0.03893805309734513 0.022418879056047197
1 0.6997050147492625 0.2820058997050148 0.02831858407079646 0.020058997050147492
1 0.8805309734513275 0.2761061946902655 0.0359882005899705 0.015339233038348082
1 0.06489675516224189 0.44955752212389377 0.027138643067846607 0.020058997050147492
1 0.24129793510324482 0.44483775811209436 0.030678466076696165 0.01887905604719764
1 0.3911504424778761 0.4451327433628319 0.02831858407079646 0.018289085545722714
1 0.5528023598820059 0.4415929203539823 0.024778761061946902 0.01710914454277286
1 0.712094395280236 0.4377581120943953 0.02831858407079646 0.020058997050147492
1 0.8772861356932153 0.4398230088495575 0.03421828908554572 0.01592920353982301
1 0.06460176991150443 0.5979351032448378 0.027728613569321534 0.02182890855457227
1 0.2519174041297935 0.5852507374631268 0.030678466076696165 0.022418879056047197
1 0.3967551622418879 0.5772861356932153 0.033628318584070796 0.018289085545722714
1 0.551622418879056 0.5764011799410029 0.03185840707964602 0.022418879056047197
1 0.7147492625368731 0.5793510324483776 0.0359882005899705 0.020058997050147492
1 0.8761061946902655 0.5834808259587021 0.03185840707964602 0.02359882005899705
1 0.06519174041297934 0.7188790560471976 0.038348082595870206 0.01592920353982301
1 0.24631268436578171 0.719174041297935 0.027728613569321534 0.021238938053097345
1 0.3952802359882006 0.7053097345132743 0.03303834808259587 0.02182890855457227
1 0.5501474926253688 0.7017699115044248 0.03480825958702065 0.023008849557522124
1 0.707669616519174 0.7020648967551623 0.03480825958702065 0.016519174041297935
1 0.8823008849557522 0.7147492625368731 0.032448377581120944 0.01592920353982301
1 0.06460176991150443 0.8371681415929203 0.03126843657817109 0.015339233038348082
1 0.2430678466076696 0.8430678466076696 0.03185840707964602 0.020058997050147492
1 0.3997050147492625 0.848377581120944 0.02654867256637168 0.016519174041297935
1 0.556047197640118 0.8492625368731563 0.03480825958702065 0.019469026548672566
1 0.720353982300885 0.8569321533923304 0.03775811209439528 0.02536873156342183
1 0.8840707964601769 0.875221238938053 0.0359882005899705 0.02536873156342183
