0 0.12448377581120944 0.1303834808259587 0.06607669616519174 0.044837758112094395
0 0.2728613569321534 0.10383480825958702 0.03008849557522124 0.029498525073746312
0 0.35575221238938054 0.16224188790560473 0.025958702064896755 0.030678466076696165
0 0.5097345132743363 0.12330383480825959 0.03657817109144543 0.02359882005899705
0 0.7218289085545723 0.15604719764011798 0.028908554572271386 0.04424778761061947
0 0.8513274336283185 0.1495575221238938 0.04247787610619469 0.03952802359882006
0 0.8227138643067846 0.29233038348082596 0.061946902654867256 0.047787610619469026
0 0.7070796460176991 0.2896755162241888 0.052507374631268436 0.040117994100294985
1 0.5212389380530973 0.25958702064896755 0.04896755162241888 0.03421828908554572
1 0.26843657817109146 0.2663716814159292 0.03657817109144543 0.033628318584070796
0 0.14926253687315633 0.2398230088495575 0.04601769911504425 0.04188790560471976
0 0.16843657817109145 0.38377581120943954 0.07020648967551622 0.0584070796460177
0 0.296165191740413 0.3696165191740413 0.06843657817109144 0.05132743362831858
0 0.3958702064896755 0.3206489675516224 0.06489675516224189 0.05368731563421829
0 0.4772861356932153 0.3702064896755162 0.04247787610619469 0.07374631268436578
0 0.5949852507374631 0.40943952802359884 0.07256637168141593 0.07669616519174041
1 0.7097345132743362 0.41327433628318583 0.0471976401179941 0.04660766961651917
0 0.8528023598820059 0.4424778761061947 0.03126843657817109 0.035398230088495575
0 0.8421828908554572 0.5837758112094396 0.0607669616519174 0.04660766961651917
1 0.6805309734513274 0.5498525073746312 0.047787610619469026 0.03893805309734513
0 0.5601769911504425 0.5377581120943953 0.04896755162241888 0.038348082595870206
0 0.4200589970501475 0.5415929203539823 0.07905604719764012 0.05545722713864307
0 0.29174041297935105 0.5200589970501475 0.04542772861356932 0.043067846607669616
0 0.15663716814159293 0.5 0.04896755162241888 0.04660766961651917
0 0.15575221238938053 0.6581120943952802 0.049557522123893805 0.04896755162241888
0 0.2342182890855457 0.6589970501474927 0.04837758112094395 0.05663716814159292
0 0.45634218289085543 0.6902654867256637 0.05368731563421829 0.0967551622418879
0 0.5581120943952802 0.6982300884955752 0.03893805309734513 0.05368731563421829
1 0.6619469026548672 0.7365781710914454 0.04837758112094395 0.04070796460176991
1 0.7581120943952803 0.7392330383480826 0.05191740412979351 0.0696165191740413
0 0.8643067846607669 0.8312684365781711 0.06371681415929203 0.054277286135693215
0 0.7392330383480826 0.8147492625368732 0.071976401179941 0.03185840707964602
1 0.5908554572271386 0.8678466076696165 0.03952802359882006 0.03303834808259587
0 0.3943952802359882 0.7690265486725664 0.07256637168141593 0.04188790560471976
0 0.3952802359882006 0.8410029498525073 0.044837758112094395 0.0607669616519174
0 0.17935103244837758 0.791740412979351 0.04837758112094395 0.03185840707964602
