1 0.06607669616519174 0.14424778761061946 0.027138643067846607 0.01592920353982301
1 0.23569321533923304 0.14690265486725662 0.03008849557522124 0.01887905604719764
1 0.3775811209439528 0.14365781710914455 0.030678466076696165 0.023008849557522124
1 0.5492625368731563 0.12477876106194691 0.029498525073746312 0.028908554572271386
1 0.7017699115044248 0.11887905604719765 0.03480825958702065 0.023008849557522124
1 0.876401179941003 0.1079646017699115 0.03008849557522124 0.021238938053097345
1 0.0710914454277286 0.2994100294985251 0.03126843657817109 0.01592920353982301
1 0.24188790560471976 0.296165191740413 0.029498525073746312 0.021238938053097345
1 0.3846607669616519 0.3023598820058997 0.03421828908554572 0.02064896755162242
1 0.5433628318584071 0.2982300884955752 0.03893805309734513 0.018289085545722714
1 0.6973451327433628 0.28053097345132744 0.03421828908554572 0.023008849557522124
1 0.879646017699115 0.27728613569321536 0.03185840707964602 0.021238938053097345
1 0.06696165191740414 0.45014749262536874 0.02654867256637168 0.016519174041297935
1 0.2392330383480826 0.4469026548672566 0.032448377581120944 0.02182890855457227
1 0.39233038348082594 0.4463126843657817 0.027138643067846607 0.02064896755162242
1 0.5510324483775811 0.44277286135693217 0.027138643067846607 0.024188790560471976
1 0.7144542772861356 0.4389380530973451 0.02831858407079646 0.021238938053097345
1 0.876401179941003 0.4398230088495575 0.03008849557522124 0.02182890855457227
1 0.06460176991150443 0.5958702064896755 0.02536873156342183 0.025958702064896755
1 0.25162241887905606 0.5870206489675516 0.027728613569321534 0.01887905604719764
1 0.39469026548672564 0.5775811209439528 0.035398230088495575 0.017699115044247787
1 0.5486725663716814 0.5769911504424778 0.029498525073746312 0.020058997050147492
1 0.7123893805309734 0.5787610619469027 0.032448377581120944 0.020058997050147492
1 0.8737463126843658 0.5820058997050147 0.03185840707964602 0.02654867256637168
1 0.06607669616519174 0.723598820058997 0.03421828908554572 0.02182890855457227
1 0.24336283185840707 0.7194690265486725 0.03126843657817109 0.03008849557522124
1 0.39233038348082594 0.707669616519174 0.03303834808259587 0.02064896755162242
1 0.5492625368731563 0.7026548672566372 0.03185840707964602 0.02359882005899705
1 0.7085545722713864 0.6991150442477876 0.027138643067846607 0.02359882005899705
1 0.8660766961651918 0.703834808259587 0.022418879056047197 0.030678466076696165
1 0.06519174041297934 0.8315634218289085 0.032448377581120944 0.019469026548672566
1 0.2327433628318584 0.831858407079646 0.03008849557522124 0.016519174041297935
1 0.403834808259587 0.8306784660766962 0.024188790560471976 0.024778761061946902
1 0.5545722713864307 0.843952802359882 0.03421828908554572 0.018289085545722714
1 0.7233038348082595 0.8353982300884956 0.027138643067846607 0.021238938053097345
1 0.8693215339233038 0.8675516224188791 0.02064896755162242 0.028908554572271386
