1 0.06047197640117994 0.1415929203539823 0.02654867256637168 0.017699115044247787
1 0.24041297935103245 0.1480825958702065 0.02536873156342183 0.029498525073746312
1 0.376401179941003 0.1454277286135693 0.030678466076696165 0.01710914454277286
1 0.5492625368731563 0.12448377581120944 0.029498525073746312 0.024778761061946902
1 0.7 0.11563421828908554 0.03126843657817109 0.024778761061946902
1 0.8775811209439528 0.11150442477876106 0.027728613569321534 0.017699115044247787
1 0.07138643067846608 0.2958702064896755 0.03185840707964602 0.018289085545722714
1 0.24336283185840707 0.29705014749262537 0.027728613569321534 0.024188790560471976
1 0.3817109144542773 0.30117994100294987 0.03657817109144543 0.02182890855457227
1 0.5442477876106194 0.30029498525073745 0.0359882005899705 0.02359882005899705
1 0.7008849557522123 0.28171091445427726 0.030678466076696165 0.024188790560471976
1 0.8787610619469026 0.27551622418879057 0.03126843657817109 0.020058997050147492
1 0.06489675516224189 0.44837758112094395 0.027138643067846607 0.01887905604719764
1 0.2383480825958702 0.4451327433628319 0.030678466076696165 0.019469026548672566
1 0.391740412979351 0.4445427728613569 0.025958702064896755 0.018289085545722714
1 0.5536873156342182 0.4424778761061947 0.02182890855457227 0.020058997050147492
1 0.7126843657817109 0.43864306784660767 0.029498525073746312 0.01592920353982301
1 0.8761061946902655 0.43805309734513276 0.027138643067846607 0.02536873156342183
1 0.8746312684365781 0.5814159292035398 0.03008849557522124 0.024188790560471976
1 0.7147492625368731 0.5761061946902655 0.028908554572271386 0.02182890855457227
1 0.5513274336283186 0.5775811209439528 0.02536873156342183 0.017699115044247787
1 0.39233038348082594 0.5796460176991151 0.03185840707964602 0.02064896755162242
1 0.24808259587020648 0.5864306784660767 0.027728613569321534 0.017699115044247787
1 0.06224188790560472 0.5949852507374631 0.02654867256637168 0.02654867256637168
1 0.06283185840707964 0.720353982300885 0.03008849557522124 0.022418879056047197
1 0.24218289085545722 0.7200589970501475 0.032448377581120944 0.02654867256637168
1 0.3952802359882006 0.7061946902654868 0.03893805309734513 0.021238938053097345
0 0.5507374631268437 0.7044247787610619 0.0359882005899705 0.021238938053097345
1 0.7070796460176991 0.7008849557522123 0.03126843657817109 0.020058997050147492
1 0.8625368731563422 0.7067846607669617 0.020058997050147492 0.03421828908554572
1 0.06283185840707964 0.831858407079646 0.028908554572271386 0.017699115044247787
1 0.231858407079646 0.8312684365781711 0.024778761061946902 0.016519174041297935
1 0.40294985250737464 0.8327433628318583 0.02359882005899705 0.02064896755162242
1 0.5533923303834808 0.8454277286135693 0.030678466076696165 0.021238938053097345
1 0.7215339233038348 0.8342182890855457 0.029498525073746312 0.02359882005899705
1 0.8687315634218289 0.8693215339233038 0.019469026548672566 0.02654867256637168
