1 0.06519174041297934 0.1424778761061947 0.028908554572271386 0.014749262536873156
1 0.23864306784660766 0.1495575221238938 0.023008849557522124 0.02064896755162242
1 0.37728613569321534 0.143952802359882 0.027728613569321534 0.02359882005899705
1 0.5489675516224188 0.12389380530973451 0.023008849557522124 0.025958702064896755
1 0.7017699115044248 0.1182890855457227 0.032448377581120944 0.024188790560471976
1 0.8755162241887906 0.11032448377581121 0.02831858407079646 0.015339233038348082
1 0.07315634218289085 0.2994100294985251 0.030678466076696165 0.014749262536873156
1 0.243952802359882 0.2991150442477876 0.028908554572271386 0.02831858407079646
1 0.38495575221238937 0.3017699115044248 0.03480825958702065 0.02654867256637168
1 0.5466076696165192 0.3005899705014749 0.032448377581120944 0.02064896755162242
1 0.6988200589970501 0.28407079646017697 0.03126843657817109 0.02654867256637168
1 0.8778761061946903 0.27876106194690264 0.035398230088495575 0.019469026548672566
1 0.06460176991150443 0.4504424778761062 0.03126843657817109 0.013569321533923304
1 0.24129793510324482 0.443952802359882 0.02831858407079646 0.024188790560471976
1 0.38997050147492623 0.4445427728613569 0.030678466076696165 0.02536873156342183
1 0.5492625368731563 0.44277286135693217 0.030678466076696165 0.023008849557522124
1 0.7126843657817109 0.4392330383480826 0.029498525073746312 0.014749262536873156
1 0.875221238938053 0.43864306784660767 0.033628318584070796 0.02182890855457227
1 0.06607669616519174 0.595575221238938 0.02831858407079646 0.02536873156342183
1 0.24926253687315633 0.5876106194690265 0.032448377581120944 0.020058997050147492
1 0.3926253687315634 0.5775811209439528 0.032448377581120944 0.02359882005899705
1 0.5528023598820059 0.5761061946902655 0.030678466076696165 0.02064896755162242
1 0.7126843657817109 0.5781710914454277 0.029498525073746312 0.022418879056047197
1 0.8755162241887906 0.5817109144542773 0.03303834808259587 0.021238938053097345
1 0.06489675516224189 0.7224188790560472 0.029498525073746312 0.024188790560471976
1 0.24336283185840707 0.7194690265486725 0.03008849557522124 0.027728613569321534
1 0.39410029498525073 0.7067846607669617 0.035398230088495575 0.017699115044247787
1 0.5510324483775811 0.703834808259587 0.03303834808259587 0.02359882005899705
1 0.7079646017699115 0.6988200589970501 0.030678466076696165 0.018289085545722714
1 0.8660766961651918 0.707669616519174 0.021238938053097345 0.03008849557522124
1 0.06578171091445428 0.831858407079646 0.03008849557522124 0.016519174041297935
1 0.23303834808259588 0.8327433628318583 0.03303834808259587 0.01592920353982301
1 0.4056047197640118 0.8300884955752212 0.027728613569321534 0.027138643067846607
1 0.5533923303834808 0.8454277286135693 0.029498525073746312 0.01887905604719764
1 0.7253687315634219 0.835693215339233 0.038348082595870206 0.023008849557522124
1 0.8693215339233038 0.8693215339233038 0.023008849557522124 0.028908554572271386
