0 0.11710914454277285 0.0808259587020649 0.047787610619469026 0.07905604719764012
0 0.2592920353982301 0.06843657817109144 0.04542772861356932 0.071976401179941
0 0.4026548672566372 0.07905604719764012 0.04188790560471976 0.0696165191740413
0 0.5380530973451327 0.13569321533923304 0.03893805309734513 0.03303834808259587
0 0.6938053097345133 0.07846607669616519 0.06371681415929203 0.05545722713864307
0 0.8548672566371681 0.09292035398230089 0.04247787610619469 0.03126843657817109
0 0.855457227138643 0.2604719764011799 0.05781710914454277 0.05014749262536873
0 0.707669616519174 0.24336283185840707 0.03952802359882006 0.05132743362831858
0 0.5342182890855457 0.26784660766961654 0.032448377581120944 0.05663716814159292
0 0.38908554572271387 0.19616519174041297 0.09026548672566372 0.07964601769911504
0 0.24867256637168142 0.20176991150442478 0.04542772861356932 0.05545722713864307
0 0.12595870206489676 0.2528023598820059 0.0584070796460177 0.06902654867256637
0 0.12949852507374632 0.33303834808259586 0.033628318584070796 0.08200589970501475
0 0.22890855457227138 0.33362831858407077 0.04129793510324484 0.09734513274336283
0 0.3696165191740413 0.34837758112094397 0.047787610619469026 0.05014749262536873
0 0.5463126843657817 0.33952802359882006 0.06607669616519174 0.05368731563421829
0 0.6908554572271386 0.3902654867256637 0.04837758112094395 0.05486725663716814
0 0.8743362831858407 0.39233038348082594 0.05191740412979351 0.04129793510324484
0 0.1359882005899705 0.5365781710914455 0.0584070796460177 0.07256637168141593
0 0.2271386430678466 0.5607669616519174 0.04129793510324484 0.09026548672566372
0 0.3607669616519174 0.479646017699115 0.04542772861356932 0.044837758112094395
0 0.5303834808259587 0.484070796460177 0.05781710914454277 0.06902654867256637
0 0.6929203539823009 0.5306784660766961 0.03008849557522124 0.07256637168141593
0 0.8510324483775811 0.5253687315634218 0.04188790560471976 0.07138643067846608
0 0.6855457227138643 0.6333333333333333 0.04365781710914454 0.05604719764011799
1 0.8539823008849557 0.6622418879056047 0.04660766961651917 0.027728613569321534
0 0.5135693215339233 0.6271386430678466 0.038348082595870206 0.06607669616519174
0 0.3687315634218289 0.6814159292035398 0.04365781710914454 0.06725663716814159
0 0.22241887905604718 0.6952802359882005 0.04129793510324484 0.0831858407079646
0 0.12654867256637167 0.6976401179941003 0.043067846607669616 0.11740412979351032
0 0.1398230088495575 0.8153392330383481 0.0743362831858407 0.03775811209439528
0 0.22920353982300884 0.8336283185840708 0.03952802359882006 0.0967551622418879
0 0.3702064896755162 0.7988200589970501 0.032448377581120944 0.06253687315634218
0 0.5023598820058996 0.7831858407079646 0.06430678466076696 0.047787610619469026
0 0.6884955752212389 0.8306784660766962 0.035398230088495575 0.07669616519174041
0 0.8510324483775811 0.8448377581120944 0.04188790560471976 0.06135693215339233
