1 0.13333333333333333 0.09026548672566372 0.044837758112094395 0.040117994100294985
0 0.2790560471976401 0.08436578171091445 0.03657817109144543 0.03303834808259587
0 0.3392330383480826 0.09321533923303835 0.04365781710914454 0.03657817109144543
0 0.5076696165191741 0.11563421828908554 0.038348082595870206 0.025958702064896755
0 0.7244837758112095 0.09793510324483776 0.03893805309734513 0.035398230088495575
0 0.8657817109144542 0.08407079646017698 0.05132743362831858 0.043067846607669616
0 0.8557522123893805 0.22123893805309736 0.05132743362831858 0.08023598820058997
0 0.7061946902654868 0.240117994100295 0.054277286135693215 0.044837758112094395
1 0.5209439528023598 0.25958702064896755 0.058997050147492625 0.03893805309734513
0 0.39557522123893807 0.25250737463126843 0.05486725663716814 0.05309734513274336
0 0.2646017699115044 0.259882005899705 0.04424778761061947 0.032448377581120944
0 0.14601769911504425 0.2536873156342183 0.0584070796460177 0.03775811209439528
0 0.12330383480825959 0.4200589970501475 0.0696165191740413 0.04247787610619469
0 0.29056047197640117 0.3831858407079646 0.07374631268436578 0.07728613569321534
0 0.4607669616519174 0.40766961651917405 0.035398230088495575 0.07551622418879056
0 0.5657817109144543 0.42684365781710915 0.02831858407079646 0.09616519174041298
0 0.7032448377581121 0.41061946902654867 0.05545722713864307 0.04129793510324484
1 0.8457227138643068 0.4471976401179941 0.03480825958702065 0.03303834808259587
0 0.8528023598820059 0.5772861356932153 0.0607669616519174 0.06784660766961652
1 0.68023598820059 0.5492625368731563 0.0471976401179941 0.03893805309734513
0 0.56047197640118 0.5356932153392331 0.04365781710914454 0.03775811209439528
0 0.40058997050147493 0.5825958702064896 0.03775811209439528 0.07492625368731563
1 0.25722713864306784 0.5716814159292035 0.02831858407079646 0.035398230088495575
1 0.11563421828908554 0.5507374631268437 0.04837758112094395 0.04188790560471976
0 0.1168141592920354 0.6589970501474927 0.035398230088495575 0.049557522123893805
0 0.26135693215339234 0.6483775811209439 0.05309734513274336 0.0743362831858407
0 0.4324483775811209 0.7126843657817109 0.08849557522123894 0.054277286135693215
0 0.5784660766961652 0.6893805309734513 0.038348082595870206 0.043067846607669616
1 0.6705014749262537 0.6914454277286135 0.05132743362831858 0.04601769911504425
0 0.8368731563421828 0.7005899705014749 0.0831858407079646 0.06548672566371681
0 0.8289085545722714 0.8740412979351032 0.05781710914454277 0.043067846607669616
0 0.6982300884955752 0.9035398230088495 0.03952802359882006 0.061946902654867256
1 0.5663716814159292 0.903244837758112 0.03303834808259587 0.03657817109144543
0 0.38849557522123895 0.8351032448377581 0.04188790560471976 0.07728613569321534
0 0.22625368731563422 0.8970501474926253 0.07138643067846608 0.03952802359882006
1 0.10442477876106195 0.8424778761061946 0.03421828908554572 0.040117994100294985
