1 0.10265486725663717 0.12359882005899706 0.030678466076696165 0.027728613569321534
1 0.22389380530973452 0.1430678466076696 0.033628318584070796 0.023008849557522124
1 0.38495575221238937 0.14277286135693215 0.02536873156342183 0.027138643067846607
1 0.5365781710914455 0.1421828908554572 0.032448377581120944 0.01887905604719764
1 0.6938053097345133 0.14277286135693215 0.021238938053097345 0.03421828908554572
1 0.8501474926253687 0.1200589970501475 0.03303834808259587 0.019469026548672566
1 0.09852507374631268 0.33421828908554574 0.025958702064896755 0.02064896755162242
1 0.2144542772861357 0.3262536873156342 0.019469026548672566 0.017699115044247787
1 0.3728613569321534 0.3238938053097345 0.030678466076696165 0.01887905604719764
1 0.5156342182890855 0.35162241887905604 0.03421828908554572 0.022418879056047197
1 0.6811209439528023 0.3454277286135693 0.0359882005899705 0.019469026548672566
1 0.8451327433628318 0.3613569321533923 0.03480825958702065 0.019469026548672566
1 0.08967551622418879 0.47581120943952804 0.02831858407079646 0.019469026548672566
1 0.23569321533923304 0.4713864306784661 0.028908554572271386 0.021238938053097345
1 0.3828908554572271 0.5041297935103245 0.030678466076696165 0.02182890855457227
1 0.5356932153392331 0.5218289085545723 0.029498525073746312 0.023008849557522124
1 0.6870206489675517 0.5129793510324484 0.032448377581120944 0.023008849557522124
1 0.8383480825958702 0.5150442477876106 0.035398230088495575 0.024778761061946902
1 0.09498525073746313 0.6171091445427729 0.022418879056047197 0.020058997050147492
1 0.240117994100295 0.6230088495575221 0.030678466076696165 0.021238938053097345
1 0.3852507374631268 0.6359882005899705 0.03421828908554572 0.024778761061946902
1 0.528023598820059 0.6256637168141593 0.029498525073746312 0.02182890855457227
1 0.6864306784660766 0.6300884955752213 0.032448377581120944 0.02359882005899705
1 0.8469026548672566 0.6315634218289086 0.02182890855457227 0.019469026548672566
1 0.10235988200589971 0.7622418879056048 0.024188790560471976 0.025958702064896755
1 0.24454277286135692 0.763716814159292 0.033628318584070796 0.02182890855457227
1 0.39410029498525073 0.7657817109144542 0.030678466076696165 0.01887905604719764
1 0.5507374631268437 0.7734513274336283 0.0359882005899705 0.01887905604719764
1 0.7041297935103245 0.7707964601769911 0.03716814159292035 0.028908554572271386
1 0.8536873156342183 0.7837758112094395 0.029498525073746312 0.033628318584070796
1 0.10442477876106195 0.9017699115044248 0.03303834808259587 0.019469026548672566
1 0.26607669616519175 0.9020648967551622 0.027138643067846607 0.020058997050147492
1 0.4079646017699115 0.9088495575221239 0.033628318584070796 0.03126843657817109
1 0.5616519174041298 0.9135693215339233 0.030678466076696165 0.019469026548672566
1 0.7109144542772862 0.9165191740412979 0.029498525073746312 0.033628318584070796
1 0.8640117994100295 0.9029498525073746 0.032448377581120944 0.02182890855457227
