0 0.23569321533923304 0.17050147492625367 0.06666666666666667 0.07787610619469026
0 0.3696165191740413 0.1454277286135693 0.11032448377581121 0.06430678466076696
0 0.5194690265486726 0.13716814159292035 0.1351032448377581 0.07728613569321534
0 0.6466076696165192 0.11032448377581121 0.040117994100294985 0.03893805309734513
0 0.796165191740413 0.15958702064896754 0.07138643067846608 0.10442477876106195
0 0.8943952802359882 0.12477876106194691 0.04365781710914454 0.04542772861356932
0 0.2303834808259587 0.243952802359882 0.10088495575221239 0.05014749262536873
0 0.3386430678466077 0.2528023598820059 0.09793510324483776 0.0607669616519174
1 0.5020648967551622 0.28407079646017697 0.0471976401179941 0.03126843657817109
0 0.6622418879056047 0.26253687315634217 0.07610619469026549 0.03657817109144543
1 0.7657817109144542 0.27256637168141595 0.05191740412979351 0.03775811209439528
0 0.8772861356932153 0.279646017699115 0.04247787610619469 0.0743362831858407
0 0.21946902654867256 0.42566371681415927 0.040117994100294985 0.033628318584070796
0 0.3303834808259587 0.46135693215339235 0.10383480825958702 0.05191740412979351
0 0.4970501474926254 0.3967551622418879 0.05368731563421829 0.04542772861356932
0 0.61976401179941 0.4539823008849557 0.0808259587020649 0.1410029498525074
0 0.7345132743362832 0.41415929203539825 0.10855457227138643 0.07079646017699115
0 0.8902654867256637 0.46283185840707963 0.04837758112094395 0.0359882005899705
0 0.4663716814159292 0.515929203539823 0.04070796460176991 0.03480825958702065
0 0.22094395280235987 0.5513274336283186 0.03952802359882006 0.052507374631268436
0 0.3374631268436578 0.5631268436578171 0.10501474926253687 0.1327433628318584
0 0.5764011799410029 0.6044247787610619 0.12389380530973451 0.07374631268436578
0 0.671386430678466 0.6176991150442478 0.0743362831858407 0.143952802359882
0 0.8519174041297934 0.5870206489675516 0.03775811209439528 0.04601769911504425
0 0.22389380530973452 0.6687315634218289 0.12448377581120944 0.09970501474926254
0 0.3135693215339233 0.6781710914454278 0.05014749262536873 0.05132743362831858
0 0.4545722713864307 0.6640117994100295 0.07374631268436578 0.07374631268436578
0 0.5648967551622419 0.7578171091445428 0.12802359882005898 0.11150442477876106
0 0.7271386430678466 0.7247787610619469 0.032448377581120944 0.033628318584070796
1 0.7286135693215339 0.7737463126843658 0.024778761061946902 0.038348082595870206
1 0.8315634218289085 0.6929203539823009 0.04660766961651917 0.04070796460176991
0 0.23480825958702065 0.7814159292035399 0.184070796460177 0.0607669616519174
0 0.34601769911504426 0.7861356932153393 0.05014749262536873 0.07728613569321534
0 0.45073746312684365 0.8404129793510324 0.07079646017699115 0.13156342182890857
0 0.6094395280235988 0.8501474926253687 0.11799410029498525 0.13569321533923304
0 0.8876106194690265 0.8191740412979351 0.05958702064896755 0.0808259587020649
