1 0.13539823008849558 0.0967551622418879 0.03126843657817109 0.015339233038348082
1 0.2902654867256637 0.08584070796460178 0.029498525073746312 0.023008849557522124
1 0.44041297935103246 0.08790560471976401 0.032448377581120944 0.02359882005899705
1 0.5938053097345133 0.09174041297935104 0.033628318584070796 0.027728613569321534
1 0.7333333333333333 0.10088495575221239 0.030678466076696165 0.027138643067846607
1 0.8964601769911504 0.09941002949852507 0.032448377581120944 0.01592920353982301
1 0.8976401179941003 0.2383480825958702 0.03480825958702065 0.020058997050147492
1 0.7551622418879056 0.2351032448377581 0.030678466076696165 0.019469026548672566
1 0.6029498525073747 0.23539823008849559 0.03303834808259587 0.025958702064896755
1 0.4510324483775811 0.23097345132743363 0.02654867256637168 0.01710914454277286
1 0.29410029498525075 0.22566371681415928 0.0359882005899705 0.03008849557522124
1 0.15014749262536872 0.21858407079646017 0.028908554572271386 0.0359882005899705
1 0.15221238938053097 0.368141592920354 0.027138643067846607 0.022418879056047197
1 0.31474926253687313 0.37138643067846605 0.032448377581120944 0.02182890855457227
1 0.4702064896755162 0.37610619469026546 0.025958702064896755 0.02064896755162242
1 0.6147492625368731 0.3613569321533923 0.035398230088495575 0.024188790560471976
1 0.7604719764011799 0.3746312684365782 0.024778761061946902 0.016519174041297935
1 0.9047197640117994 0.3817109144542773 0.027728613569321534 0.017699115044247787
1 0.16224188790560473 0.4837758112094395 0.03303834808259587 0.02359882005899705
1 0.3126843657817109 0.4893805309734513 0.029498525073746312 0.02182890855457227
1 0.4622418879056047 0.4814159292035398 0.032448377581120944 0.020058997050147492
1 0.6194690265486725 0.5002949852507375 0.022418879056047197 0.022418879056047197
1 0.7613569321533923 0.5300884955752212 0.03126843657817109 0.023008849557522124
1 0.9109144542772861 0.5262536873156343 0.02831858407079646 0.024778761061946902
1 0.9035398230088495 0.6648967551622419 0.027728613569321534 0.024778761061946902
1 0.7831858407079646 0.6702064896755162 0.02654867256637168 0.021238938053097345
1 0.628023598820059 0.6784660766961652 0.032448377581120944 0.021238938053097345
1 0.484070796460177 0.6489675516224189 0.024188790560471976 0.020058997050147492
1 0.3221238938053097 0.656047197640118 0.03893805309734513 0.02359882005899705
1 0.15811209439528023 0.6404129793510325 0.030678466076696165 0.024188790560471976
1 0.15103244837758112 0.879646017699115 0.03775811209439528 0.01887905604719764
1 0.308259587020649 0.8584070796460177 0.023008849557522124 0.029498525073746312
1 0.4622418879056047 0.855457227138643 0.033628318584070796 0.02359882005899705
1 0.6144542772861357 0.8536873156342183 0.02536873156342183 0.02831858407079646
1 0.7728613569321534 0.8539823008849557 0.027138643067846607 0.018289085545722714
1 0.9005899705014749 0.8731563421828908 0.032448377581120944 0.022418879056047197
