0 0.231858407079646 0.21946902654867256 0.17699115044247787 0.06371681415929203
0 0.3480825958702065 0.2150442477876106 0.05073746312684366 0.07728613569321534
0 0.4569321533923304 0.15899705014749263 0.0808259587020649 0.13156342182890857
0 0.6106194690265486 0.1486725663716814 0.12271386430678466 0.12979351032448377
0 0.8837758112094395 0.18613569321533924 0.06489675516224189 0.07492625368731563
1 0.728023598820059 0.228023598820059 0.025958702064896755 0.0359882005899705
0 0.7268436578171091 0.271976401179941 0.03303834808259587 0.03775811209439528
0 0.5648967551622419 0.2533923303834808 0.12802359882005898 0.08790560471976401
0 0.45663716814159294 0.33362831858407077 0.07551622418879056 0.07492625368731563
0 0.22418879056047197 0.32831858407079645 0.12743362831858407 0.10442477876106195
0 0.3117994100294985 0.32595870206489674 0.04896755162241888 0.05486725663716814
0 0.21622418879056046 0.44601769911504424 0.0359882005899705 0.049557522123893805
0 0.33628318584070793 0.4430678466076696 0.09793510324483776 0.11799410029498525
0 0.4672566371681416 0.479646017699115 0.044837758112094395 0.04365781710914454
0 0.5755162241887906 0.39646017699115044 0.12448377581120944 0.08377581120943953
0 0.6734513274336283 0.384070796460177 0.07020648967551622 0.1486725663716814
1 0.8300884955752212 0.3106194690265487 0.04129793510324484 0.038348082595870206
0 0.8510324483775811 0.40914454277286133 0.03126843657817109 0.04660766961651917
0 0.2168141592920354 0.5734513274336284 0.038348082595870206 0.040117994100294985
0 0.32949852507374633 0.5380530973451327 0.10678466076696165 0.05781710914454277
0 0.6259587020648968 0.5451327433628319 0.0743362831858407 0.15103244837758112
1 0.49557522123893805 0.6035398230088496 0.05073746312684366 0.040117994100294985
0 0.7286135693215339 0.5825958702064896 0.09085545722713864 0.07374631268436578
0 0.8899705014749263 0.5351032448377581 0.05014749262536873 0.035398230088495575
0 0.23333333333333334 0.7522123893805309 0.10914454277286136 0.03893805309734513
0 0.34601769911504426 0.7421828908554572 0.09498525073746313 0.0696165191740413
1 0.4976401179941003 0.7182890855457227 0.038348082595870206 0.032448377581120944
0 0.6625368731563421 0.7374631268436578 0.08731563421828908 0.03657817109144543
1 0.7651917404129793 0.7289085545722713 0.054277286135693215 0.032448377581120944
0 0.8787610619469026 0.7200589970501475 0.043067846607669616 0.07374631268436578
0 0.8973451327433628 0.8790560471976401 0.03775811209439528 0.03303834808259587
0 0.7964601769911505 0.8427728613569322 0.06843657817109144 0.10678466076696165
0 0.6474926253687315 0.8923303834808259 0.04070796460176991 0.04542772861356932
0 0.51976401179941 0.8622418879056047 0.12743362831858407 0.08436578171091445
0 0.36519174041297936 0.8604719764011799 0.11209439528023599 0.06666666666666667
0 0.2342182890855457 0.8253687315634218 0.06607669616519174 0.07787610619469026
