0 0.2377581120943953 0.17404129793510326 0.08495575221238938 0.08141592920353982
0 0.35575221238938054 0.12684365781710916 0.10501474926253687 0.07669616519174041
0 0.22890855457227138 0.2327433628318584 0.10973451327433628 0.04660766961651917
0 0.3415929203539823 0.25545722713864305 0.08731563421828908 0.06371681415929203
0 0.5244837758112094 0.13716814159292035 0.13097345132743363 0.0808259587020649
0 0.6448377581120944 0.11504424778761062 0.04129793510324484 0.04247787610619469
0 0.7929203539823009 0.15663716814159293 0.06489675516224189 0.09970501474926254
1 0.5047197640117994 0.2837758112094395 0.04424778761061947 0.03657817109144543
0 0.6663716814159292 0.28023598820059 0.08672566371681416 0.04247787610619469
1 0.7799410029498525 0.2640117994100295 0.03893805309734513 0.03952802359882006
0 0.8734513274336283 0.28171091445427726 0.04660766961651917 0.08672566371681416
0 0.7410029498525074 0.4008849557522124 0.09085545722713864 0.08908554572271386
0 0.628023598820059 0.4616519174041298 0.09144542772861357 0.1457227138643068
0 0.49085545722713864 0.39410029498525073 0.058997050147492625 0.04837758112094395
0 0.215929203539823 0.4324483775811209 0.040117994100294985 0.05191740412979351
0 0.3380530973451327 0.46017699115044247 0.12625368731563422 0.058997050147492625
0 0.8911504424778761 0.4646017699115044 0.04424778761061947 0.038348082595870206
0 0.8430678466076696 0.5769911504424778 0.05545722713864307 0.06135693215339233
0 0.2168141592920354 0.5545722713864307 0.038348082595870206 0.05191740412979351
0 0.3345132743362832 0.5513274336283186 0.11445427728613569 0.1079646017699115
0 0.46607669616519176 0.5179941002949853 0.049557522123893805 0.04837758112094395
0 0.45309734513274336 0.6755162241887905 0.0943952802359882 0.0743362831858407
0 0.5737463126843658 0.7557522123893805 0.10678466076696165 0.1191740412979351
0 0.23008849557522124 0.6725663716814159 0.08259587020648967 0.11563421828908554
0 0.3144542772861357 0.6734513274336283 0.049557522123893805 0.05014749262536873
0 0.2351032448377581 0.7867256637168142 0.1882005899705015 0.061946902654867256
0 0.3430678466076696 0.7769911504424779 0.05132743362831858 0.08613569321533923
0 0.4557522123893805 0.8412979351032448 0.06666666666666667 0.13333333333333333
0 0.6067846607669617 0.8469026548672566 0.12330383480825959 0.1433628318584071
0 0.8852507374631269 0.7949852507374631 0.0584070796460177 0.07020648967551622
0 0.6230088495575221 0.591740412979351 0.07315634218289085 0.08731563421828908
0 0.668141592920354 0.6241887905604719 0.07374631268436578 0.1368731563421829
0 0.727433628318584 0.7138643067846607 0.03893805309734513 0.035398230088495575
1 0.8300884955752212 0.6855457227138643 0.03775811209439528 0.035398230088495575
0 0.7209439528023599 0.796165191740413 0.04129793510324484 0.028908554572271386
1 0.9020648967551622 0.10973451327433628 0.044837758112094395 0.04365781710914454
