0 0.12212389380530973 0.05663716814159292 0.05191740412979351 0.10383480825958702
0 0.2407079646017699 0.03303834808259587 0.08259587020648967 0.05663716814159292
0 0.4073746312684366 0.04631268436578171 0.07020648967551622 0.07256637168141593
0 0.6666666666666666 0.05073746312684366 0.12035398230088495 0.044837758112094395
0 0.8480825958702065 0.08141592920353982 0.04424778761061947 0.03421828908554572
0 0.24188790560471976 0.1870206489675516 0.06135693215339233 0.044837758112094395
0 0.3380530973451327 0.16578171091445426 0.0920353982300885 0.08259587020648967
0 0.11504424778761062 0.2359882005899705 0.07079646017699115 0.06725663716814159
0 0.11415929203539824 0.32448377581120946 0.0584070796460177 0.058997050147492625
0 0.19321533923303835 0.2896755162241888 0.09026548672566372 0.12035398230088495
0 0.5353982300884955 0.11858407079646018 0.032448377581120944 0.03303834808259587
0 0.5200589970501475 0.25781710914454276 0.07728613569321534 0.05191740412979351
0 0.6991150442477876 0.2191740412979351 0.06135693215339233 0.05132743362831858
0 0.8622418879056047 0.22890855457227138 0.05958702064896755 0.05309734513274336
1 0.8687315634218289 0.3781710914454277 0.04188790560471976 0.05663716814159292
0 0.6908554572271386 0.3525073746312684 0.05309734513274336 0.057227138643067846
0 0.5463126843657817 0.33893805309734515 0.07079646017699115 0.038348082595870206
0 0.3616519174041298 0.37610619469026546 0.06253687315634218 0.09734513274336283
0 0.3613569321533923 0.4672566371681416 0.052507374631268436 0.054277286135693215
0 0.5306784660766961 0.47286135693215336 0.0607669616519174 0.06548672566371681
0 0.6929203539823009 0.515339233038348 0.04188790560471976 0.07846607669616519
0 0.8457227138643068 0.5070796460176991 0.05368731563421829 0.05368731563421829
0 0.1303834808259587 0.5327433628318584 0.08377581120943953 0.08495575221238938
0 0.20058997050147492 0.5628318584070796 0.08731563421828908 0.08849557522123894
0 0.07699115044247787 0.6569321533923304 0.12448377581120944 0.1480825958702065
0 0.12831858407079647 0.8047197640117993 0.06666666666666667 0.0471976401179941
0 0.22035398230088496 0.6775811209439528 0.05014749262536873 0.09144542772861357
0 0.1958702064896755 0.8262536873156342 0.09321533923303835 0.07256637168141593
0 0.36607669616519173 0.6964601769911505 0.07138643067846608 0.06548672566371681
0 0.3687315634218289 0.784070796460177 0.03775811209439528 0.08259587020648967
0 0.4870206489675516 0.6014749262536873 0.06784660766961652 0.05014749262536873
0 0.5026548672566371 0.784070796460177 0.05309734513274336 0.04837758112094395
0 0.6817109144542772 0.6330383480825958 0.05132743362831858 0.05663716814159292
0 0.7020648967551623 0.8339233038348083 0.08377581120943953 0.047787610619469026
0 0.8442477876106195 0.6241887905604719 0.04247787610619469 0.0471976401179941
0 0.8433628318584071 0.8206489675516224 0.0607669616519174 0.06135693215339233
