1 0.13539823008849558 0.0935103244837758 0.03008849557522124 0.019469026548672566
1 0.287905604719764 0.08790560471976401 0.03657817109144543 0.01887905604719764
1 0.43716814159292033 0.08731563421828908 0.029498525073746312 0.022418879056047197
1 0.592330383480826 0.08672566371681416 0.029498525073746312 0.021238938053097345
1 0.7348082595870207 0.09941002949852507 0.033628318584070796 0.02064896755162242
1 0.8941002949852507 0.09852507374631268 0.032448377581120944 0.020058997050147492
1 0.15014749262536872 0.22064896755162242 0.033628318584070796 0.03303834808259587
1 0.2911504424778761 0.22271386430678466 0.03126843657817109 0.02536873156342183
1 0.44601769911504424 0.22772861356932153 0.03775811209439528 0.021238938053097345
1 0.6023598820058997 0.2312684365781711 0.027138643067846607 0.025958702064896755
1 0.7519174041297935 0.23303834808259588 0.03126843657817109 0.015339233038348082
1 0.8973451327433628 0.23628318584070795 0.025958702064896755 0.019469026548672566
1 0.9035398230088495 0.3823008849557522 0.02536873156342183 0.012979351032448377
1 0.7563421828908554 0.37374631268436576 0.02831858407079646 0.019469026548672566
1 0.6132743362831858 0.36194690265486723 0.03126843657817109 0.018289085545722714
1 0.4731563421828908 0.3746312684365782 0.030678466076696165 0.02359882005899705
1 0.31150442477876106 0.37256637168141593 0.03303834808259587 0.02182890855457227
1 0.1486725663716814 0.36843657817109143 0.02831858407079646 0.02064896755162242
1 0.16017699115044248 0.4849557522123894 0.033628318584070796 0.021238938053097345
1 0.3144542772861357 0.4870206489675516 0.03303834808259587 0.01710914454277286
1 0.4625368731563422 0.4790560471976401 0.030678466076696165 0.021238938053097345
1 0.6176991150442478 0.5 0.03185840707964602 0.018289085545722714
1 0.7646017699115044 0.5300884955752212 0.027138643067846607 0.02182890855457227
1 0.911504424778761 0.5250737463126843 0.024778761061946902 0.025958702064896755
1 0.9011799410029498 0.6660766961651917 0.024188790560471976 0.01887905604719764
1 0.784070796460177 0.6737463126843658 0.02831858407079646 0.024778761061946902
1 0.6265486725663717 0.6778761061946903 0.02831858407079646 0.017699115044247787
1 0.4831858407079646 0.6507374631268437 0.030678466076696165 0.020058997050147492
1 0.31976401179941005 0.6554572271386431 0.029498525073746312 0.022418879056047197
1 0.15752212389380532 0.6398230088495576 0.029498525073746312 0.02064896755162242
1 0.15132743362831858 0.8828908554572271 0.03126843657817109 0.02064896755162242
1 0.3094395280235988 0.8548672566371681 0.014749262536873156 0.035398230088495575
1 0.4648967551622419 0.856637168141593 0.029498525073746312 0.01887905604719764
1 0.6135693215339233 0.8533923303834808 0.02359882005899705 0.02654867256637168
1 0.7728613569321534 0.8530973451327434 0.025958702064896755 0.022418879056047197
1 0.8994100294985251 0.871976401179941 0.027728613569321534 0.027138643067846607
