0 0.09734513274336283 0.07315634218289085 0.03893805309734513 0.05545722713864307
0 0.2592920353982301 0.07168141592920355 0.05486725663716814 0.07020648967551622
0 0.4014749262536873 0.0831858407079646 0.038348082595870206 0.05781710914454277
0 0.532448377581121 0.13008849557522123 0.03480825958702065 0.0359882005899705
0 0.695575221238938 0.07079646017699115 0.040117994100294985 0.05781710914454277
0 0.851622418879056 0.0943952802359882 0.03480825958702065 0.03303834808259587
0 0.12035398230088495 0.243952802359882 0.05545722713864307 0.05368731563421829
0 0.2424778761061947 0.20353982300884954 0.049557522123893805 0.06017699115044248
0 0.3958702064896755 0.19793510324483776 0.07551622418879056 0.06312684365781711
0 0.5309734513274336 0.26489675516224187 0.030678466076696165 0.05191740412979351
1 0.7044247787610619 0.2383480825958702 0.03775811209439528 0.05663716814159292
1 0.8569321533923304 0.2551622418879056 0.0607669616519174 0.04542772861356932
1 0.8651917404129793 0.38082595870206487 0.03952802359882006 0.02654867256637168
0 0.687905604719764 0.39321533923303836 0.05545722713864307 0.05486725663716814
0 0.5442477876106194 0.3383480825958702 0.06312684365781711 0.05486725663716814
0 0.37168141592920356 0.3445427728613569 0.049557522123893805 0.05663716814159292
0 0.2271386430678466 0.3415929203539823 0.044837758112094395 0.07905604719764012
0 0.12861356932153392 0.340117994100295 0.04129793510324484 0.07964601769911504
0 0.140117994100295 0.5348082595870206 0.057227138643067846 0.05368731563421829
0 0.22890855457227138 0.5507374631268437 0.05191740412979351 0.07020648967551622
0 0.3616519174041298 0.47787610619469023 0.035398230088495575 0.0471976401179941
0 0.5336283185840708 0.48053097345132745 0.057227138643067846 0.06312684365781711
0 0.6935103244837758 0.5233038348082596 0.0359882005899705 0.05781710914454277
0 0.8463126843657817 0.5230088495575221 0.033628318584070796 0.061946902654867256
1 0.8539823008849557 0.6604719764011799 0.03716814159292035 0.024188790560471976
0 0.687905604719764 0.636283185840708 0.04365781710914454 0.061946902654867256
0 0.515929203539823 0.6303834808259587 0.03952802359882006 0.06784660766961652
0 0.36666666666666664 0.6808259587020649 0.038348082595870206 0.05663716814159292
0 0.2271386430678466 0.6887905604719764 0.03657817109144543 0.07728613569321534
0 0.115929203539823 0.687905604719764 0.047787610619469026 0.08613569321533923
0 0.13008849557522123 0.8218289085545722 0.06902654867256637 0.03775811209439528
0 0.23539823008849559 0.8368731563421828 0.03893805309734513 0.07492625368731563
0 0.37374631268436576 0.799410029498525 0.043067846607669616 0.05191740412979351
0 0.503834808259587 0.7896755162241887 0.06017699115044248 0.0584070796460177
0 0.6949852507374631 0.8224188790560472 0.04601769911504425 0.06489675516224189
0 0.8545722713864307 0.8365781710914454 0.047787610619469026 0.04837758112094395
