0 0.1182890855457227 0.057227138643067846 0.06666666666666667 0.10501474926253687
0 0.2415929203539823 0.03569321533923304 0.06430678466076696 0.0607669616519174
0 0.40766961651917405 0.051622418879056046 0.05663716814159292 0.06430678466076696
1 0.5312684365781711 0.11799410029498525 0.033628318584070796 0.03775811209439528
0 0.6663716814159292 0.057227138643067846 0.09498525073746313 0.049557522123893805
0 0.8492625368731563 0.10029498525073746 0.043067846607669616 0.03303834808259587
0 0.8595870206489675 0.22359882005899706 0.06017699115044248 0.06371681415929203
0 0.6976401179941003 0.22448377581120943 0.06666666666666667 0.047787610619469026
0 0.3421828908554572 0.17020648967551621 0.1168141592920354 0.07020648967551622
0 0.24749262536873157 0.1873156342182891 0.05604719764011799 0.047787610619469026
0 0.11799410029498525 0.2342182890855457 0.06017699115044248 0.06253687315634218
0 0.12359882005899706 0.32359882005899704 0.047787610619469026 0.05604719764011799
0 0.20471976401179942 0.2958702064896755 0.07079646017699115 0.12212389380530973
0 0.36283185840707965 0.3743362831858407 0.05545722713864307 0.1056047197640118
0 0.5259587020648967 0.2581120943952802 0.08436578171091445 0.05958702064896755
0 0.5460176991150443 0.3339233038348083 0.06784660766961652 0.04129793510324484
0 0.691150442477876 0.3572271386430678 0.05486725663716814 0.0607669616519174
0 0.5300884955752212 0.46814159292035395 0.0607669616519174 0.06666666666666667
0 0.8654867256637168 0.37964601769911505 0.035398230088495575 0.057227138643067846
0 0.8433628318584071 0.515339233038348 0.04070796460176991 0.07020648967551622
0 0.6946902654867256 0.5138643067846608 0.027728613569321534 0.0920353982300885
0 0.359882005899705 0.4646017699115044 0.0471976401179941 0.04660766961651917
0 0.12920353982300886 0.531858407079646 0.07787610619469026 0.07964601769911504
0 0.2168141592920354 0.5545722713864307 0.07256637168141593 0.09321533923303835
0 0.0752212389380531 0.651622418879056 0.12330383480825959 0.13628318584070798
0 0.491740412979351 0.6023598820058997 0.06548672566371681 0.06253687315634218
0 0.6799410029498525 0.6250737463126843 0.052507374631268436 0.05604719764011799
0 0.8530973451327434 0.6327433628318584 0.04129793510324484 0.0607669616519174
0 0.22684365781710913 0.6825958702064897 0.04424778761061947 0.10265486725663717
0 0.3646017699115044 0.6943952802359882 0.06135693215339233 0.06135693215339233
0 0.13657817109144543 0.8035398230088495 0.07728613569321534 0.04601769911504425
0 0.20324483775811208 0.8283185840707965 0.07728613569321534 0.08377581120943953
0 0.3702064896755162 0.784070796460177 0.038348082595870206 0.08377581120943953
0 0.5023598820058996 0.7761061946902654 0.05368731563421829 0.05486725663716814
0 0.7047197640117994 0.8377581120943953 0.0855457227138643 0.06607669616519174
0 0.8457227138643068 0.8209439528023599 0.057227138643067846 0.06312684365781711
