0 0.1607669616519174 0.18495575221238938 0.06902654867256637 0.05958702064896755
0 0.2943952802359882 0.16342182890855456 0.07905604719764012 0.06371681415929203
0 0.4943952802359882 0.22890855457227138 0.058997050147492625 0.06017699115044248
0 0.6309734513274337 0.21622418879056046 0.03716814159292035 0.08436578171091445
0 0.7749262536873156 0.17168141592920355 0.04070796460176991 0.10029498525073746
0 0.8572271386430679 0.1920353982300885 0.08849557522123894 0.05132743362831858
0 0.8619469026548673 0.32949852507374633 0.058997050147492625 0.16578171091445426
0 0.7855457227138642 0.3070796460176991 0.0584070796460177 0.10324483775811209
0 0.6395280235988201 0.307669616519174 0.06371681415929203 0.061946902654867256
0 0.15250737463126843 0.36607669616519173 0.04070796460176991 0.05486725663716814
0 0.32035398230088497 0.3743362831858407 0.04601769911504425 0.04896755162241888
0 0.492330383480826 0.39646017699115044 0.032448377581120944 0.05663716814159292
0 0.15427728613569322 0.48731563421828905 0.038348082595870206 0.08141592920353982
0 0.3106194690265487 0.4846607669616519 0.03480825958702065 0.0855457227138643
0 0.775811209439528 0.45014749262536874 0.05663716814159292 0.11091445427728613
0 0.8666666666666667 0.46578171091445425 0.06489675516224189 0.07374631268436578
0 0.4737463126843658 0.5333333333333333 0.05309734513274336 0.0696165191740413
0 0.6418879056047198 0.5353982300884955 0.05309734513274336 0.052507374631268436
1 0.13569321533923304 0.616519174041298 0.03657817109144543 0.05073746312684366
0 0.31150442477876106 0.6274336283185841 0.0471976401179941 0.05368731563421829
0 0.45368731563421827 0.6746312684365782 0.06607669616519174 0.05958702064896755
0 0.6368731563421829 0.6351032448377582 0.05014749262536873 0.10324483775811209
0 0.7772861356932154 0.6914454277286135 0.05014749262536873 0.1168141592920354
0 0.8731563421828908 0.6861356932153392 0.03657817109144543 0.071976401179941
0 0.8772861356932153 0.7628318584070797 0.06017699115044248 0.07787610619469026
0 0.755457227138643 0.8188790560471977 0.04660766961651917 0.054277286135693215
0 0.46696165191740413 0.7474926253687315 0.05958702064896755 0.06371681415929203
0 0.1415929203539823 0.7731563421828909 0.05781710914454277 0.05368731563421829
0 0.29469026548672567 0.7716814159292036 0.05132743362831858 0.05073746312684366
0 0.1471976401179941 0.9023598820058997 0.0359882005899705 0.03008849557522124
0 0.3268436578171091 0.940117994100295 0.11445427728613569 0.05014749262536873
1 0.4646017699115044 0.8808259587020649 0.03008849557522124 0.029498525073746312
0 0.5932153392330384 0.9238938053097345 0.05132743362831858 0.06135693215339233
0 0.744542772861357 0.9386430678466077 0.06607669616519174 0.04837758112094395
0 0.8817109144542773 0.9404129793510324 0.06312684365781711 0.10501474926253687
0 0.6339233038348082 0.8185840707964601 0.1327433628318584 0.05014749262536873
