0 0.1410029498525074 0.14188790560471976 0.11327433628318584 0.10678466076696165
0 0.3064896755162242 0.10825958702064897 0.1327433628318584 0.10324483775811209
0 0.5088495575221239 0.11946902654867256 0.08672566371681416 0.14454277286135692
0 0.6634218289085546 0.12772861356932153 0.07374631268436578 0.20825958702064895
0 0.875221238938053 0.08112094395280237 0.1410029498525074 0.11150442477876106
0 0.14778761061946902 0.31799410029498526 0.09498525073746313 0.0471976401179941
0 0.3088495575221239 0.28171091445427726 0.03716814159292035 0.04188790560471976
0 0.5271386430678466 0.28230088495575223 0.15988200589970503 0.043067846607669616
0 0.6179941002949852 0.24896755162241888 0.061946902654867256 0.0920353982300885
0 0.7734513274336283 0.21563421828908555 0.17699115044247787 0.1504424778761062
0 0.6050147492625368 0.39321533923303836 0.08790560471976401 0.1976401179941003
1 0.15663716814159293 0.4008849557522124 0.02064896755162242 0.04070796460176991
0 0.328023598820059 0.4176991150442478 0.19233038348082596 0.08731563421828908
0 0.47227138643067845 0.4191740412979351 0.047787610619469026 0.03480825958702065
0 0.768141592920354 0.41474926253687316 0.07905604719764012 0.04601769911504425
0 0.12182890855457226 0.5050147492625369 0.10914454277286136 0.08023598820058997
0 0.41887905604719766 0.5454277286135694 0.0920353982300885 0.13392330383480827
1 0.512684365781711 0.5176991150442478 0.04601769911504425 0.02536873156342183
0 0.24601769911504423 0.5569321533923304 0.030678466076696165 0.035398230088495575
0 0.10088495575221239 0.6557522123893805 0.11209439528023599 0.1882005899705015
0 0.10117994100294986 0.7799410029498525 0.09026548672566372 0.18171091445427728
0 0.2097345132743363 0.823598820058997 0.06784660766961652 0.1368731563421829
1 0.24837758112094394 0.6764011799410029 0.027138643067846607 0.027728613569321534
1 0.3262536873156342 0.8070796460176991 0.03303834808259587 0.030678466076696165
0 0.38348082595870203 0.6607669616519174 0.044837758112094395 0.13097345132743363
0 0.463716814159292 0.8085545722713864 0.03303834808259587 0.0808259587020649
0 0.5035398230088496 0.6398230088495576 0.19882005899705013 0.057227138643067846
1 0.6734513274336283 0.5601769911504425 0.03716814159292035 0.0359882005899705
0 0.7722713864306785 0.5525073746312684 0.09085545722713864 0.04424778761061947
0 0.6312684365781711 0.6887905604719764 0.10265486725663717 0.16932153392330385
0 0.5716814159292035 0.7858407079646017 0.09911504424778761 0.12507374631268436
0 0.7410029498525074 0.744542772861357 0.08141592920353982 0.16755162241887905
0 0.743952802359882 0.7017699115044248 0.04365781710914454 0.03952802359882006
0 0.41297935103244837 0.46519174041297934 0.06017699115044248 0.12448377581120944
