1 0.06371681415929203 0.14424778761061946 0.03185840707964602 0.01592920353982301
1 0.2398230088495575 0.14896755162241887 0.03008849557522124 0.032448377581120944
1 0.37905604719764013 0.1424778761061947 0.03480825958702065 0.024188790560471976
1 0.5507374631268437 0.12448377581120944 0.03126843657817109 0.022418879056047197
1 0.7032448377581121 0.11769911504424779 0.03303834808259587 0.024188790560471976
1 0.8772861356932153 0.10973451327433628 0.030678466076696165 0.024778761061946902
1 0.07168141592920355 0.3008849557522124 0.027728613569321534 0.017699115044247787
1 0.24454277286135692 0.2976401179941003 0.02654867256637168 0.02182890855457227
1 0.384070796460177 0.3029498525073746 0.03421828908554572 0.018289085545722714
1 0.5483775811209439 0.29882005899705016 0.0359882005899705 0.02182890855457227
1 0.6991150442477876 0.2825958702064897 0.03303834808259587 0.025958702064896755
1 0.8793510324483775 0.27404129793510323 0.033628318584070796 0.023008849557522124
1 0.06489675516224189 0.4498525073746313 0.027138643067846607 0.024188790560471976
1 0.24188790560471976 0.4469026548672566 0.029498525073746312 0.023008849557522124
1 0.39321533923303836 0.4451327433628319 0.03008849557522124 0.02182890855457227
1 0.551622418879056 0.4415929203539823 0.027138643067846607 0.02536873156342183
1 0.7132743362831858 0.43716814159292033 0.02831858407079646 0.021238938053097345
1 0.8766961651917404 0.4398230088495575 0.029498525073746312 0.023008849557522124
1 0.875221238938053 0.5811209439528023 0.032448377581120944 0.025958702064896755
1 0.7150442477876107 0.5781710914454277 0.03185840707964602 0.021238938053097345
1 0.5525073746312684 0.5787610619469027 0.028908554572271386 0.021238938053097345
1 0.39557522123893807 0.5805309734513274 0.033628318584070796 0.024778761061946902
1 0.2504424778761062 0.587905604719764 0.027728613569321534 0.024188790560471976
1 0.06578171091445428 0.5970501474926253 0.027728613569321534 0.025958702064896755
1 0.06430678466076696 0.7218289085545723 0.03421828908554572 0.02182890855457227
1 0.24218289085545722 0.7200589970501475 0.032448377581120944 0.028908554572271386
1 0.39410029498525073 0.7058997050147493 0.03421828908554572 0.019469026548672566
1 0.5510324483775811 0.7014749262536873 0.03303834808259587 0.025958702064896755
1 0.7079646017699115 0.7002949852507374 0.03657817109144543 0.021238938053097345
1 0.8640117994100295 0.7061946902654868 0.02064896755162242 0.03185840707964602
1 0.06460176991150443 0.8348082595870207 0.03480825958702065 0.01887905604719764
1 0.23333333333333334 0.8342182890855457 0.033628318584070796 0.021238938053097345
1 0.4088495575221239 0.8315634218289085 0.03185840707964602 0.023008849557522124
1 0.5545722713864307 0.8463126843657817 0.03185840707964602 0.023008849557522124
1 0.7250737463126844 0.835693215339233 0.029498525073746312 0.02536873156342183
1 0.8690265486725663 0.8702064896755162 0.02359882005899705 0.029498525073746312
