0 0.14365781710914455 0.08259587020648967 0.04424778761061947 0.03657817109144543
0 0.3191740412979351 0.06371681415929203 0.10029498525073746 0.054277286135693215
0 0.4631268436578171 0.12418879056047197 0.03303834808259587 0.032448377581120944
0 0.5979351032448378 0.06843657817109144 0.04070796460176991 0.07905604719764012
0 0.7368731563421829 0.05398230088495575 0.054277286135693215 0.07138643067846608
0 0.8855457227138643 0.05752212389380531 0.058997050147492625 0.0855457227138643
1 0.1480825958702065 0.2383480825958702 0.044837758112094395 0.040117994100294985
1 0.2935103244837758 0.22536873156342183 0.04660766961651917 0.06017699115044248
0 0.4666666666666667 0.2545722713864307 0.03657817109144543 0.0584070796460177
0 0.6191740412979351 0.17876106194690267 0.10914454277286136 0.06017699115044248
0 0.13392330383480827 0.3811209439528024 0.03893805309734513 0.05663716814159292
0 0.30855457227138644 0.3746312684365782 0.04837758112094395 0.05781710914454277
0 0.4528023598820059 0.3256637168141593 0.06430678466076696 0.05663716814159292
0 0.6386430678466076 0.3466076696165192 0.0584070796460177 0.05368731563421829
0 0.768141592920354 0.31386430678466076 0.04601769911504425 0.11091445427728613
0 0.7525073746312684 0.18289085545722714 0.047787610619469026 0.05663716814159292
0 0.8758112094395281 0.31504424778761064 0.04896755162241888 0.07787610619469026
0 0.8814159292035398 0.23805309734513275 0.05309734513274336 0.0855457227138643
0 0.14778761061946902 0.5156342182890855 0.04070796460176991 0.08141592920353982
0 0.3047197640117994 0.5165191740412979 0.03952802359882006 0.08672566371681416
0 0.4678466076696165 0.47079646017699117 0.05073746312684366 0.06607669616519174
0 0.6383480825958702 0.46430678466076697 0.054277286135693215 0.05191740412979351
0 0.7731563421828909 0.5530973451327433 0.05014749262536873 0.10088495575221239
0 0.8631268436578171 0.5312684365781711 0.05781710914454277 0.07610619469026549
0 0.8716814159292036 0.684070796460177 0.047787610619469026 0.1433628318584071
0 0.7849557522123893 0.6861356932153392 0.052507374631268436 0.10265486725663717
0 0.8572271386430679 0.800589970501475 0.08495575221238938 0.044837758112094395
0 0.6294985250737463 0.6761061946902654 0.05073746312684366 0.08377581120943953
0 0.7690265486725664 0.827433628318584 0.03952802359882006 0.09380530973451327
0 0.6321533923303835 0.7843657817109144 0.033628318584070796 0.07138643067846608
0 0.48348082595870207 0.6088495575221239 0.04070796460176991 0.05663716814159292
0 0.4935103244837758 0.7722713864306785 0.07138643067846608 0.058997050147492625
0 0.3176991150442478 0.6209439528023599 0.047787610619469026 0.05486725663716814
0 0.3035398230088496 0.8377581120943953 0.06784660766961652 0.06253687315634218
0 0.15014749262536872 0.636283185840708 0.0359882005899705 0.03952802359882006
0 0.15221238938053097 0.8256637168141593 0.058997050147492625 0.0607669616519174
