0 0.10117994100294986 0.115929203539823 0.04188790560471976 0.038348082595870206
0 0.20206489675516223 0.15634218289085544 0.0808259587020649 0.10619469026548672
0 0.34926253687315634 0.10383480825958702 0.03775811209439528 0.05191740412979351
0 0.484070796460177 0.1351032448377581 0.1303834808259587 0.08259587020648967
0 0.6312684365781711 0.14041297935103245 0.07315634218289085 0.0943952802359882
0 0.7666666666666666 0.1687315634218289 0.07256637168141593 0.07787610619469026
0 0.7864306784660767 0.23480825958702065 0.12743362831858407 0.0471976401179941
0 0.6569321533923304 0.25899705014749264 0.08908554572271386 0.058997050147492625
0 0.4970501474926254 0.2799410029498525 0.03716814159292035 0.04070796460176991
0 0.3392330383480826 0.2672566371681416 0.0743362831858407 0.03303834808259587
1 0.23303834808259588 0.268141592920354 0.044837758112094395 0.03480825958702065
0 0.12123893805309735 0.279646017699115 0.05958702064896755 0.07079646017699115
1 0.10412979351032448 0.45870206489675514 0.04896755162241888 0.03952802359882006
0 0.26430678466076696 0.4112094395280236 0.10619469026548672 0.06253687315634218
0 0.37846607669616517 0.45014749262536874 0.07492625368731563 0.1415929203539823
1 0.5079646017699115 0.3958702064896755 0.05781710914454277 0.040117994100294985
0 0.6705014749262537 0.4604719764011799 0.10324483775811209 0.0584070796460177
0 0.7778761061946903 0.42802359882005897 0.043067846607669616 0.04188790560471976
0 0.14660766961651917 0.5964601769911504 0.038348082595870206 0.04365781710914454
0 0.15368731563421828 0.6702064896755162 0.03716814159292035 0.05073746312684366
0 0.11091445427728613 0.8283185840707965 0.04365781710914454 0.08613569321533923
0 0.30442477876106194 0.6156342182890855 0.09085545722713864 0.1528023598820059
0 0.27256637168141595 0.7283185840707964 0.03421828908554572 0.04542772861356932
1 0.2528023598820059 0.8407079646017699 0.03480825958702065 0.027138643067846607
0 0.4097345132743363 0.6017699115044248 0.1079646017699115 0.07315634218289085
0 0.5353982300884955 0.5203539823008849 0.04660766961651917 0.044837758112094395
0 0.6554572271386431 0.5722713864306784 0.11091445427728613 0.10501474926253687
0 0.7808259587020648 0.5539823008849557 0.0359882005899705 0.05073746312684366
0 0.4330383480825959 0.7660766961651917 0.1168141592920354 0.11386430678466077
0 0.3811209439528024 0.8471976401179941 0.12861356932153392 0.09557522123893805
0 0.5581120943952802 0.8386430678466077 0.05663716814159292 0.10324483775811209
0 0.6501474926253688 0.7823008849557522 0.04837758112094395 0.08259587020648967
0 0.7772861356932154 0.8023598820058997 0.16460176991150444 0.06135693215339233
0 0.6831858407079646 0.6784660766961652 0.05663716814159292 0.05663716814159292
0 0.5451327433628319 0.6663716814159292 0.07315634218289085 0.061946902654867256
0 0.7716814159292036 0.6728613569321534 0.11799410029498525 0.1079646017699115
