1 0.1463126843657817 0.09292035398230089 0.03775811209439528 0.0359882005899705
1 0.3053097345132743 0.11858407079646018 0.028908554572271386 0.02831858407079646
1 0.48053097345132745 0.1398230088495575 0.038348082595870206 0.022418879056047197
1 0.6359882005899705 0.16047197640117994 0.029498525073746312 0.03775811209439528
1 0.8182890855457227 0.18584070796460178 0.029498525073746312 0.03421828908554572
1 0.9415929203539823 0.14660766961651917 0.025958702064896755 0.019469026548672566
1 0.12625368731563422 0.307669616519174 0.03421828908554572 0.024188790560471976
0 0.3374631268436578 0.30737463126843656 0.022418879056047197 0.04129793510324484
0 0.45663716814159294 0.2855457227138643 0.03657817109144543 0.029498525073746312
0 0.6277286135693215 0.3424778761061947 0.03303834808259587 0.03008849557522124
0 0.7764011799410029 0.33628318584070793 0.029498525073746312 0.03657817109144543
0 0.9345132743362832 0.31091445427728615 0.02359882005899705 0.021238938053097345
1 0.9386430678466077 0.45663716814159294 0.022418879056047197 0.025958702064896755
0 0.7710914454277286 0.43628318584070797 0.024778761061946902 0.033628318584070796
0 0.6306784660766962 0.4622418879056047 0.021238938053097345 0.04070796460176991
1 0.45073746312684365 0.44188790560471974 0.03185840707964602 0.01887905604719764
1 0.2926253687315634 0.4359882005899705 0.027138643067846607 0.021238938053097345
0 0.13628318584070798 0.4654867256637168 0.02359882005899705 0.035398230088495575
0 0.1424778761061947 0.5610619469026549 0.03008849557522124 0.03657817109144543
0 0.29174041297935105 0.5976401179941003 0.02536873156342183 0.03657817109144543
1 0.4504424778761062 0.5784660766961652 0.023008849557522124 0.02536873156342183
1 0.6097345132743363 0.5793510324483776 0.03126843657817109 0.020058997050147492
1 0.7542772861356932 0.5905604719764012 0.024188790560471976 0.02359882005899705
0 0.9424778761061947 0.5958702064896755 0.03008849557522124 0.03303834808259587
1 0.13569321533923304 0.7064896755162242 0.02359882005899705 0.03126843657817109
1 0.2926253687315634 0.7017699115044248 0.030678466076696165 0.023008849557522124
0 0.4421828908554572 0.6625368731563421 0.03126843657817109 0.03421828908554572
1 0.6029498525073747 0.736283185840708 0.03185840707964602 0.03185840707964602
1 0.7398230088495575 0.6970501474926254 0.030678466076696165 0.02064896755162242
0 0.9233038348082596 0.7085545722713864 0.03303834808259587 0.030678466076696165
0 0.9330383480825959 0.8327433628318583 0.03126843657817109 0.03716814159292035
0 0.7412979351032448 0.8209439528023599 0.03716814159292035 0.032448377581120944
0 0.5882005899705015 0.8094395280235989 0.03185840707964602 0.02831858407079646
0 0.451622418879056 0.8702064896755162 0.032448377581120944 0.035398230088495575
0 0.30619469026548674 0.8616519174041298 0.025958702064896755 0.03716814159292035
1 0.11504424778761062 0.8755162241887906 0.025958702064896755 0.03185840707964602
