1 0.14749262536873156 0.1873156342182891 0.029498525073746312 0.018289085545722714
1 0.30678466076696165 0.1943952802359882 0.03421828908554572 0.019469026548672566
1 0.4846607669616519 0.18289085545722714 0.038348082595870206 0.020058997050147492
1 0.628023598820059 0.18436578171091444 0.03480825958702065 0.023008849557522124
1 0.764306784660767 0.18849557522123894 0.032448377581120944 0.01710914454277286
1 0.8758112094395281 0.1882005899705015 0.033628318584070796 0.020058997050147492
1 0.14778761061946902 0.33539823008849556 0.03716814159292035 0.023008849557522124
1 0.3106194690265487 0.3398230088495575 0.03480825958702065 0.025958702064896755
1 0.46932153392330384 0.3398230088495575 0.03480825958702065 0.016519174041297935
1 0.6336283185840708 0.335693215339233 0.035398230088495575 0.024778761061946902
1 0.7684365781710915 0.33303834808259586 0.033628318584070796 0.01710914454277286
1 0.8837758112094395 0.33628318584070793 0.030678466076696165 0.021238938053097345
1 0.8799410029498524 0.4731563421828908 0.019469026548672566 0.027138643067846607
1 0.7648967551622419 0.47522123893805307 0.033628318584070796 0.02182890855457227
1 0.6292035398230088 0.4941002949852507 0.03008849557522124 0.02182890855457227
1 0.45309734513274336 0.5 0.035398230088495575 0.024188790560471976
1 0.30265486725663715 0.5056047197640118 0.03657817109144543 0.020058997050147492
1 0.14690265486725662 0.5070796460176991 0.03657817109144543 0.02536873156342183
1 0.13303834808259588 0.6200589970501474 0.03716814159292035 0.020058997050147492
1 0.31091445427728615 0.6356932153392331 0.035398230088495575 0.02654867256637168
1 0.4545722713864307 0.6294985250737463 0.032448377581120944 0.01887905604719764
1 0.6289085545722713 0.6303834808259587 0.03421828908554572 0.024188790560471976
1 0.7646017699115044 0.6371681415929203 0.03303834808259587 0.025958702064896755
1 0.8778761061946903 0.6312684365781711 0.03657817109144543 0.025958702064896755
1 0.8761061946902655 0.7734513274336283 0.022418879056047197 0.021238938053097345
1 0.756047197640118 0.771386430678466 0.027728613569321534 0.02182890855457227
1 0.6050147492625368 0.7705014749262536 0.032448377581120944 0.021238938053097345
1 0.45663716814159294 0.768141592920354 0.03421828908554572 0.024778761061946902
1 0.29646017699115046 0.7699115044247787 0.038348082595870206 0.021238938053097345
1 0.1398230088495575 0.7646017699115044 0.029498525073746312 0.020058997050147492
1 0.1433628318584071 0.8743362831858407 0.030678466076696165 0.015339233038348082
1 0.28584070796460176 0.8843657817109144 0.033628318584070796 0.021238938053097345
1 0.45663716814159294 0.8926253687315634 0.03893805309734513 0.016519174041297935
1 0.5997050147492625 0.8905604719764012 0.0359882005899705 0.02064896755162242
1 0.7415929203539823 0.8952802359882006 0.030678466076696165 0.019469026548672566
1 0.8893805309734513 0.8973451327433628 0.033628318584070796 0.017699115044247787
