0 0.13156342182890857 0.07876106194690266 0.11799410029498525 0.10324483775811209
0 0.3415929203539823 0.1359882005899705 0.05545722713864307 0.16814159292035397
0 0.49085545722713864 0.1168141592920354 0.08023598820058997 0.1368731563421829
0 0.7032448377581121 0.11445427728613569 0.1215339233038348 0.07669616519174041
0 0.8778761061946903 0.1430678466076696 0.0696165191740413 0.09970501474926254
0 0.22448377581120943 0.2448377581120944 0.17522123893805308 0.09793510324483776
0 0.37669616519174043 0.24926253687315633 0.047787610619469026 0.09262536873156342
0 0.47640117994100295 0.28820058997050146 0.1504424778761062 0.03716814159292035
0 0.692330383480826 0.2820058997050148 0.03480825958702065 0.040117994100294985
0 0.8501474926253687 0.3174041297935103 0.09793510324483776 0.04247787610619469
0 0.2294985250737463 0.4085545722713864 0.06843657817109144 0.03952802359882006
0 0.3938053097345133 0.39646017699115044 0.09734513274336283 0.18997050147492625
0 0.5250737463126843 0.4200589970501475 0.0471976401179941 0.02831858407079646
0 0.6740412979351033 0.41415929203539825 0.1846607669616519 0.08613569321533923
1 0.8427728613569322 0.3991150442477876 0.02182890855457227 0.04070796460176991
0 0.5896755162241888 0.46696165191740413 0.057227138643067846 0.12330383480825959
0 0.23008849557522124 0.5530973451327433 0.0943952802359882 0.04424778761061947
1 0.3268436578171091 0.5566371681415929 0.03421828908554572 0.024188790560471976
1 0.4861356932153392 0.5165191740412979 0.044837758112094395 0.01710914454277286
0 0.5837758112094396 0.5412979351032449 0.06784660766961652 0.11150442477876106
0 0.744542772861357 0.5595870206489676 0.035398230088495575 0.0359882005899705
0 0.8775811209439528 0.5079646017699115 0.11150442477876106 0.08023598820058997
0 0.8929203539823009 0.6607669616519174 0.0855457227138643 0.1687315634218289
0 0.896165191740413 0.779646017699115 0.08259587020648967 0.17286135693215338
0 0.6188790560471976 0.6616519174041298 0.049557522123893805 0.12212389380530973
1 0.7513274336283186 0.6766961651917404 0.023008849557522124 0.02359882005899705
1 0.6710914454277286 0.8058997050147493 0.02182890855457227 0.024778761061946902
0 0.5377581120943953 0.8088495575221238 0.027728613569321534 0.0743362831858407
0 0.4952802359882006 0.6374631268436578 0.15870206489675515 0.05486725663716814
0 0.4271386430678466 0.7946902654867256 0.10265486725663717 0.12861356932153392
0 0.3672566371681416 0.6855457227138643 0.09144542772861357 0.16283185840707964
0 0.2713864306784661 0.7507374631268436 0.0696165191740413 0.17168141592920355
0 0.2569321533923304 0.6988200589970501 0.04070796460176991 0.033628318584070796
0 0.7873156342182891 0.8191740412979351 0.07728613569321534 0.12212389380530973
