0 0.14365781710914455 0.09616519174041298 0.03126843657817109 0.027138643067846607
0 0.3017699115044248 0.07079646017699115 0.05132743362831858 0.06253687315634218
0 0.459882005899705 0.13451327433628318 0.033628318584070796 0.035398230088495575
0 0.5943952802359882 0.08023598820058997 0.04188790560471976 0.07079646017699115
0 0.7380530973451327 0.06814159292035399 0.04129793510324484 0.07138643067846608
0 0.8831858407079646 0.08023598820058997 0.03657817109144543 0.06607669616519174
0 0.14513274336283186 0.2584070796460177 0.04837758112094395 0.049557522123893805
1 0.2911504424778761 0.2415929203539823 0.038348082595870206 0.04896755162241888
0 0.46342182890855455 0.2654867256637168 0.03008849557522124 0.054277286135693215
0 0.6026548672566372 0.19705014749262537 0.08672566371681416 0.06843657817109144
0 0.7480825958702064 0.20707964601769913 0.058997050147492625 0.058997050147492625
0 0.8740412979351032 0.24778761061946902 0.0607669616519174 0.06607669616519174
0 0.8678466076696165 0.3345132743362832 0.03893805309734513 0.07905604719764012
0 0.7731563421828909 0.3321533923303835 0.043067846607669616 0.09557522123893805
0 0.631858407079646 0.343952802359882 0.049557522123893805 0.05545722713864307
0 0.45191740412979353 0.33952802359882006 0.06253687315634218 0.05014749262536873
0 0.30914454277286135 0.38672566371681416 0.05191740412979351 0.05486725663716814
1 0.13126843657817108 0.391740412979351 0.033628318584070796 0.03303834808259587
0 0.14837758112094396 0.5244837758112094 0.03952802359882006 0.07079646017699115
0 0.3079646017699115 0.528023598820059 0.03185840707964602 0.06253687315634218
0 0.4666666666666667 0.4837758112094395 0.049557522123893805 0.06725663716814159
0 0.6407079646017699 0.48112094395280236 0.04247787610619469 0.043067846607669616
0 0.7707964601769911 0.5551622418879056 0.05014749262536873 0.08023598820058997
0 0.8643067846607669 0.5330383480825959 0.054277286135693215 0.07256637168141593
0 0.8769911504424779 0.6893805309734513 0.04660766961651917 0.11150442477876106
0 0.7766961651917405 0.6884955752212389 0.04070796460176991 0.08495575221238938
0 0.6321533923303835 0.6823008849557523 0.038348082595870206 0.0607669616519174
0 0.4861356932153392 0.6283185840707964 0.03893805309734513 0.058997050147492625
0 0.3144542772861357 0.6330383480825958 0.04837758112094395 0.05663716814159292
1 0.15103244837758112 0.659882005899705 0.03893805309734513 0.02182890855457227
0 0.15398230088495574 0.8398230088495575 0.04247787610619469 0.05486725663716814
0 0.3126843657817109 0.8247787610619469 0.03775811209439528 0.07551622418879056
0 0.49675516224188787 0.7876106194690266 0.06725663716814159 0.054277286135693215
0 0.6330383480825958 0.7970501474926254 0.03657817109144543 0.05781710914454277
0 0.7684365781710915 0.8330383480825958 0.032448377581120944 0.08849557522123894
0 0.8604719764011799 0.8150442477876106 0.07964601769911504 0.028908554572271386
