0 0.1407079646017699 0.1407079646017699 0.1079646017699115 0.10206489675516224
0 0.30442477876106194 0.11415929203539824 0.12979351032448377 0.12330383480825959
0 0.5135693215339233 0.11238938053097344 0.07138643067846608 0.15162241887905603
0 0.6660766961651917 0.12418879056047197 0.07079646017699115 0.21415929203539824
0 0.8755162241887906 0.08495575221238938 0.15221238938053097 0.10029498525073746
0 0.1486725663716814 0.3185840707964602 0.0920353982300885 0.0471976401179941
0 0.30914454277286135 0.28023598820059 0.03421828908554572 0.04365781710914454
0 0.5265486725663717 0.28584070796460176 0.16106194690265485 0.052507374631268436
0 0.6212389380530974 0.24660766961651917 0.06253687315634218 0.0920353982300885
0 0.7876106194690266 0.2533923303834808 0.19823008849557522 0.07374631268436578
1 0.15722713864306784 0.39941002949852505 0.018289085545722714 0.03421828908554572
0 0.3268436578171091 0.4126843657817109 0.19941002949852507 0.08908554572271386
0 0.4135693215339233 0.4648967551622419 0.05663716814159292 0.1168141592920354
0 0.47345132743362833 0.41563421828908553 0.052507374631268436 0.03952802359882006
1 0.5123893805309735 0.5168141592920354 0.04660766961651917 0.025958702064896755
0 0.6050147492625368 0.39646017699115044 0.08908554572271386 0.20058997050147492
0 0.7678466076696165 0.40943952802359884 0.0808259587020649 0.044837758112094395
0 0.11504424778761062 0.5047197640117994 0.12861356932153392 0.08908554572271386
1 0.24277286135693216 0.5569321533923304 0.024188790560471976 0.030678466076696165
0 0.4191740412979351 0.5433628318584071 0.08436578171091445 0.12507374631268436
1 0.6722713864306784 0.5581120943952802 0.038348082595870206 0.027138643067846607
0 0.7728613569321534 0.551622418879056 0.08613569321533923 0.04129793510324484
0 0.10471976401179942 0.6536873156342182 0.09852507374631268 0.17345132743362832
0 0.09911504424778761 0.7784660766961652 0.09557522123893805 0.17876106194690267
0 0.20058997050147492 0.8011799410029499 0.07787610619469026 0.14749262536873156
1 0.24896755162241888 0.6761061946902654 0.029498525073746312 0.03185840707964602
1 0.32831858407079645 0.8064896755162242 0.02654867256637168 0.025958702064896755
0 0.384070796460177 0.6592920353982301 0.0471976401179941 0.12448377581120944
0 0.5026548672566371 0.6383480825958702 0.18761061946902655 0.05663716814159292
0 0.46430678466076697 0.8100294985250738 0.029498525073746312 0.07669616519174041
0 0.6268436578171092 0.6864306784660766 0.09734513274336283 0.16106194690265485
0 0.5728613569321533 0.7932153392330383 0.10029498525073746 0.12684365781710916
0 0.751622418879056 0.7448377581120944 0.071976401179941 0.15752212389380532
0 0.7457227138643068 0.7026548672566372 0.0471976401179941 0.040117994100294985
