1 0.06253687315634218 0.140117994100295 0.02359882005899705 0.02064896755162242
1 0.24218289085545722 0.14277286135693215 0.023008849557522124 0.020058997050147492
1 0.3787610619469026 0.13480825958702064 0.030678466076696165 0.01710914454277286
1 0.5536873156342182 0.12743362831858407 0.032448377581120944 0.025958702064896755
1 0.7026548672566372 0.11858407079646018 0.03421828908554572 0.025958702064896755
1 0.8761061946902655 0.1079646017699115 0.029498525073746312 0.021238938053097345
1 0.8787610619469026 0.2749262536873156 0.033628318584070796 0.027138643067846607
1 0.7020648967551623 0.28289085545722714 0.03303834808259587 0.028908554572271386
1 0.5457227138643068 0.2908554572271386 0.03775811209439528 0.01887905604719764
1 0.3823008849557522 0.30619469026548674 0.030678466076696165 0.021238938053097345
1 0.24542772861356932 0.2982300884955752 0.024778761061946902 0.02536873156342183
1 0.07315634218289085 0.2994100294985251 0.030678466076696165 0.01592920353982301
1 0.06430678466076696 0.44955752212389377 0.024778761061946902 0.020058997050147492
1 0.24041297935103245 0.4457227138643068 0.033628318584070796 0.02536873156342183
1 0.39233038348082594 0.4486725663716814 0.03185840707964602 0.02654867256637168
1 0.5519174041297935 0.4421828908554572 0.02654867256637168 0.02064896755162242
1 0.7153392330383481 0.4377581120943953 0.028908554572271386 0.017699115044247787
1 0.8761061946902655 0.4433628318584071 0.025958702064896755 0.023008849557522124
1 0.8758112094395281 0.5828908554572272 0.027728613569321534 0.022418879056047197
1 0.7106194690265487 0.5781710914454277 0.02536873156342183 0.025958702064896755
1 0.5528023598820059 0.5764011799410029 0.027138643067846607 0.01887905604719764
1 0.3938053097345133 0.5796460176991151 0.03008849557522124 0.018289085545722714
1 0.25073746312684364 0.5876106194690265 0.029498525073746312 0.022418879056047197
1 0.06342182890855458 0.595575221238938 0.02536873156342183 0.02654867256637168
1 0.0687315634218289 0.7064896755162242 0.028908554572271386 0.02064896755162242
1 0.24690265486725663 0.7103244837758111 0.027728613569321534 0.027138643067846607
1 0.3958702064896755 0.7103244837758111 0.02831858407079646 0.024778761061946902
1 0.5566371681415929 0.6896755162241888 0.028908554572271386 0.021238938053097345
1 0.7079646017699115 0.7 0.030678466076696165 0.018289085545722714
1 0.8660766961651918 0.7061946902654868 0.017699115044247787 0.030678466076696165
1 0.07610619469026549 0.8345132743362832 0.030678466076696165 0.02536873156342183
1 0.2336283185840708 0.8336283185840708 0.024778761061946902 0.029498525073746312
1 0.4067846607669616 0.8206489675516224 0.032448377581120944 0.017699115044247787
1 0.552212389380531 0.8448377581120944 0.02831858407079646 0.022418879056047197
1 0.7221238938053097 0.8407079646017699 0.03421828908554572 0.027138643067846607
1 0.8737463126843658 0.8690265486725663 0.020058997050147492 0.03185840707964602
