0 0.115929203539823 0.08436578171091445 0.1457227138643068 0.09557522123893805
0 0.33244837758112095 0.12625368731563422 0.07138643067846608 0.20648967551622419
0 0.487905604719764 0.11002949852507374 0.07787610619469026 0.15162241887905603
0 0.6890855457227139 0.11740412979351032 0.13333333333333333 0.12861356932153392
0 0.8601769911504424 0.1454277286135693 0.10501474926253687 0.09852507374631268
0 0.8525073746312685 0.3135693215339233 0.10265486725663717 0.04542772861356932
0 0.6890855457227139 0.28053097345132744 0.030678466076696165 0.038348082595870206
0 0.47581120943952804 0.2837758112094395 0.15870206489675515 0.044837758112094395
0 0.37846607669616517 0.24896755162241888 0.0584070796460177 0.0943952802359882
0 0.21563421828908555 0.2519174041297935 0.1976401179941003 0.08023598820058997
0 0.23215339233038348 0.40825958702064896 0.07610619469026549 0.0471976401179941
0 0.3952802359882006 0.3967551622418879 0.09085545722713864 0.1952802359882006
0 0.5244837758112094 0.41799410029498524 0.054277286135693215 0.032448377581120944
0 0.5890855457227139 0.4648967551622419 0.05958702064896755 0.1191740412979351
0 0.671976401179941 0.41474926253687316 0.18997050147492625 0.08495575221238938
1 0.8448377581120944 0.3991150442477876 0.01887905604719764 0.04542772861356932
0 0.8893805309734513 0.5058997050147492 0.12330383480825959 0.08200589970501475
0 0.23156342182890854 0.5533923303834808 0.09380530973451327 0.03657817109144543
1 0.3230088495575221 0.56047197640118 0.03952802359882006 0.021238938053097345
1 0.4849557522123894 0.5171091445427729 0.04837758112094395 0.02654867256637168
0 0.5843657817109145 0.5427728613569321 0.08672566371681416 0.13333333333333333
1 0.755457227138643 0.5587020648967551 0.027728613569321534 0.03185840707964602
0 0.25398230088495577 0.696165191740413 0.04542772861356932 0.03657817109144543
0 0.25132743362831855 0.7442477876106195 0.0696165191740413 0.16342182890855456
0 0.36991150442477877 0.6896755162241888 0.09911504424778761 0.16991150442477876
0 0.42802359882005897 0.7952802359882005 0.09616519174041298 0.12271386430678466
0 0.5371681415929204 0.8112094395280236 0.02654867256637168 0.07905604719764012
0 0.4994100294985251 0.6380530973451327 0.18584070796460178 0.05958702064896755
0 0.6185840707964602 0.6566371681415929 0.043067846607669616 0.11563421828908554
1 0.6716814159292035 0.8041297935103244 0.02536873156342183 0.02359882005899705
1 0.7495575221238938 0.6775811209439528 0.024188790560471976 0.028908554572271386
0 0.891740412979351 0.6513274336283186 0.09734513274336283 0.18053097345132743
0 0.9002949852507375 0.7787610619469026 0.0967551622418879 0.16991150442477876
0 0.7991150442477876 0.7970501474926254 0.0808259587020649 0.15575221238938053
