1 0.10176991150442477 0.14749262536873156 0.02536873156342183 0.02831858407079646
1 0.22389380530973452 0.14896755162241887 0.028908554572271386 0.019469026548672566
1 0.3654867256637168 0.1471976401179941 0.02654867256637168 0.023008849557522124
1 0.5265486725663717 0.13893805309734514 0.027728613569321534 0.02182890855457227
1 0.6799410029498525 0.13451327433628318 0.032448377581120944 0.020058997050147492
0 0.8436578171091446 0.12389380530973451 0.03775811209439528 0.02831858407079646
1 0.8430678466076696 0.36106194690265486 0.030678466076696165 0.021238938053097345
1 0.6781710914454278 0.34365781710914456 0.03480825958702065 0.027728613569321534
1 0.5168141592920354 0.34837758112094397 0.029498525073746312 0.02064896755162242
1 0.37492625368731564 0.32536873156342183 0.032448377581120944 0.023008849557522124
1 0.21740412979351031 0.3292035398230089 0.03480825958702065 0.01887905604719764
1 0.09911504424778761 0.3345132743362832 0.02831858407079646 0.024778761061946902
1 0.08643067846607669 0.4725663716814159 0.032448377581120944 0.025958702064896755
1 0.23716814159292035 0.47227138643067845 0.02831858407079646 0.02182890855457227
1 0.3805309734513274 0.4988200589970501 0.027138643067846607 0.02182890855457227
1 0.5365781710914455 0.5182890855457227 0.03126843657817109 0.02064896755162242
1 0.6873156342182891 0.5109144542772861 0.030678466076696165 0.02359882005899705
1 0.8386430678466077 0.5179941002949853 0.03480825958702065 0.027138643067846607
1 0.0952802359882006 0.616519174041298 0.03126843657817109 0.016519174041297935
1 0.2448377581120944 0.6182890855457227 0.02359882005899705 0.020058997050147492
1 0.38141592920353984 0.6359882005899705 0.03480825958702065 0.02359882005899705
1 0.5283185840707965 0.6277286135693215 0.03126843657817109 0.022418879056047197
1 0.687905604719764 0.6294985250737463 0.03657817109144543 0.022418879056047197
1 0.8466076696165191 0.6315634218289086 0.029498525073746312 0.019469026548672566
1 0.10206489675516224 0.7622418879056048 0.029498525073746312 0.01887905604719764
1 0.24572271386430677 0.7675516224188791 0.028908554572271386 0.025958702064896755
1 0.3952802359882006 0.764306784660767 0.03185840707964602 0.02536873156342183
1 0.5510324483775811 0.7707964601769911 0.03303834808259587 0.024188790560471976
0 0.7020648967551623 0.7769911504424779 0.03185840707964602 0.03185840707964602
1 0.8507374631268436 0.7787610619469026 0.02831858407079646 0.030678466076696165
0 0.8710914454277287 0.8896755162241887 0.03126843657817109 0.03303834808259587
1 0.7115044247787611 0.9174041297935103 0.02831858407079646 0.03421828908554572
1 0.5631268436578171 0.9126843657817109 0.03008849557522124 0.030678466076696165
1 0.4050147492625369 0.9097345132743363 0.02182890855457227 0.027138643067846607
1 0.26843657817109146 0.9023598820058997 0.030678466076696165 0.02536873156342183
1 0.10648967551622418 0.9005899705014749 0.03480825958702065 0.02182890855457227
