1 0.1495575221238938 0.1887905604719764 0.03008849557522124 0.025958702064896755
1 0.3053097345132743 0.1935103244837758 0.03126843657817109 0.024778761061946902
1 0.48584070796460177 0.18289085545722714 0.03126843657817109 0.027138643067846607
1 0.6277286135693215 0.184070796460177 0.040117994100294985 0.021238938053097345
1 0.7640117994100295 0.1882005899705015 0.03303834808259587 0.02359882005899705
1 0.8746312684365781 0.1905604719764012 0.032448377581120944 0.016519174041297935
1 0.8867256637168142 0.3380530973451327 0.03303834808259587 0.024778761061946902
1 0.7693215339233038 0.3327433628318584 0.03421828908554572 0.022418879056047197
1 0.6351032448377582 0.3359882005899705 0.03716814159292035 0.02182890855457227
1 0.30855457227138644 0.34100294985250734 0.03303834808259587 0.01887905604719764
1 0.14837758112094396 0.3398230088495575 0.03480825958702065 0.021238938053097345
1 0.14601769911504425 0.5079646017699115 0.0359882005899705 0.021238938053097345
1 0.30324483775811206 0.5050147492625369 0.03893805309734513 0.020058997050147492
1 0.45250737463126844 0.5035398230088496 0.035398230088495575 0.019469026548672566
1 0.631858407079646 0.4952802359882006 0.03775811209439528 0.02182890855457227
1 0.7648967551622419 0.47463126843657816 0.03480825958702065 0.019469026548672566
1 0.8802359882005899 0.47935103244837757 0.02831858407079646 0.028908554572271386
1 0.8772861356932153 0.6321533923303835 0.030678466076696165 0.019469026548672566
1 0.7654867256637168 0.640117994100295 0.032448377581120944 0.016519174041297935
1 0.6286135693215339 0.6300884955752213 0.03480825958702065 0.01887905604719764
1 0.4551622418879056 0.6283185840707964 0.033628318584070796 0.01887905604719764
1 0.3106194690265487 0.6374631268436578 0.03480825958702065 0.02182890855457227
1 0.1359882005899705 0.6259587020648968 0.038348082595870206 0.017699115044247787
1 0.13893805309734514 0.7654867256637168 0.032448377581120944 0.02064896755162242
1 0.2949852507374631 0.7734513274336283 0.03775811209439528 0.017699115044247787
1 0.45870206489675514 0.7696165191740413 0.03480825958702065 0.01710914454277286
1 0.6061946902654867 0.7705014749262536 0.032448377581120944 0.016519174041297935
1 0.7575221238938052 0.7716814159292036 0.025958702064896755 0.017699115044247787
1 0.8784660766961652 0.7734513274336283 0.03657817109144543 0.022418879056047197
1 0.8893805309734513 0.8952802359882006 0.03952802359882006 0.014749262536873156
1 0.7454277286135693 0.8979351032448377 0.032448377581120944 0.020058997050147492
1 0.6017699115044248 0.891740412979351 0.03185840707964602 0.018289085545722714
1 0.45722713864306785 0.8932153392330383 0.03893805309734513 0.022418879056047197
1 0.28820058997050146 0.8831858407079646 0.032448377581120944 0.025958702064896755
1 0.1407079646017699 0.876401179941003 0.04070796460176991 0.019469026548672566
1 0.4702064896755162 0.3392330383480826 0.035398230088495575 0.03303834808259587
