0 0.09587020648967551 0.07079646017699115 0.043067846607669616 0.05545722713864307
0 0.2581120943952802 0.0743362831858407 0.05368731563421829 0.06843657817109144
0 0.40058997050147493 0.07846607669616519 0.040117994100294985 0.06371681415929203
0 0.5342182890855457 0.13126843657817108 0.024188790560471976 0.032448377581120944
0 0.6952802359882005 0.06814159292035399 0.04424778761061947 0.07138643067846608
0 0.8519174041297934 0.0920353982300885 0.040117994100294985 0.049557522123893805
0 0.8525073746312685 0.24542772861356932 0.054277286135693215 0.05073746312684366
0 0.7041297935103245 0.2368731563421829 0.043067846607669616 0.052507374631268436
0 0.532448377581121 0.2651917404129793 0.027728613569321534 0.0607669616519174
0 0.3926253687315634 0.19882005899705013 0.09380530973451327 0.08259587020648967
0 0.24690265486725663 0.20707964601769913 0.057227138643067846 0.05073746312684366
0 0.1191740412979351 0.24837758112094394 0.06371681415929203 0.06843657817109144
0 0.13480825958702064 0.34041297935103243 0.04424778761061947 0.08023598820058997
0 0.23097345132743363 0.340117994100295 0.05604719764011799 0.09144542772861357
0 0.3693215339233038 0.3471976401179941 0.05073746312684366 0.05958702064896755
0 0.5436578171091445 0.3407079646017699 0.06312684365781711 0.05604719764011799
0 0.687905604719764 0.38200589970501475 0.05191740412979351 0.061946902654867256
1 0.8640117994100295 0.3864306784660767 0.03952802359882006 0.03421828908554572
0 0.8504424778761062 0.523598820058997 0.0359882005899705 0.06666666666666667
0 0.6970501474926254 0.51976401179941 0.033628318584070796 0.06843657817109144
0 0.5380530973451327 0.4790560471976401 0.06371681415929203 0.06489675516224189
0 0.36106194690265486 0.4808259587020649 0.04365781710914454 0.04837758112094395
0 0.22861356932153393 0.552212389380531 0.04424778761061947 0.07079646017699115
0 0.14041297935103245 0.5401179941002949 0.05781710914454277 0.0607669616519174
0 0.11858407079646018 0.6952802359882005 0.0471976401179941 0.09262536873156342
0 0.22477876106194689 0.6949852507374631 0.035398230088495575 0.07905604719764012
0 0.368141592920354 0.6811209439528023 0.035398230088495575 0.05958702064896755
0 0.5156342182890855 0.6227138643067847 0.03657817109144543 0.06666666666666667
0 0.6861356932153392 0.6292035398230088 0.040117994100294985 0.047787610619469026
1 0.8530973451327434 0.6610619469026549 0.03893805309734513 0.032448377581120944
0 0.8519174041297934 0.8330383480825958 0.05073746312684366 0.05545722713864307
0 0.6941002949852507 0.824188790560472 0.03716814159292035 0.06135693215339233
0 0.5035398230088496 0.7858407079646017 0.0584070796460177 0.05073746312684366
0 0.371976401179941 0.7970501474926254 0.03716814159292035 0.049557522123893805
0 0.23303834808259588 0.8365781710914454 0.03421828908554572 0.08495575221238938
0 0.12861356932153392 0.8185840707964601 0.08141592920353982 0.04660766961651917
