1 0.058112094395280235 0.1471976401179941 0.03008849557522124 0.02064896755162242
1 0.1743362831858407 0.1887905604719764 0.02536873156342183 0.029498525073746312
0 0.35516224188790557 0.17138643067846607 0.02831858407079646 0.04070796460176991
1 0.5200589970501475 0.1407079646017699 0.03126843657817109 0.024188790560471976
1 0.7008849557522123 0.1191740412979351 0.030678466076696165 0.03303834808259587
1 0.8501474926253687 0.08643067846607669 0.025958702064896755 0.033628318584070796
1 0.8725663716814159 0.3017699115044248 0.03421828908554572 0.02654867256637168
0 0.6648967551622419 0.30678466076696165 0.020058997050147492 0.05073746312684366
0 0.5454277286135694 0.28466076696165193 0.03716814159292035 0.027728613569321534
0 0.37256637168141593 0.3386430678466077 0.033628318584070796 0.02831858407079646
0 0.21710914454277286 0.33539823008849556 0.024778761061946902 0.0359882005899705
0 0.06430678466076696 0.31799410029498526 0.030678466076696165 0.030678466076696165
1 0.0607669616519174 0.4557522123893805 0.027138643067846607 0.02654867256637168
0 0.22477876106194689 0.4345132743362832 0.020058997050147492 0.043067846607669616
0 0.37079646017699114 0.4631268436578171 0.024188790560471976 0.03893805309734513
1 0.5471976401179941 0.4445427728613569 0.027728613569321534 0.02654867256637168
1 0.7097345132743362 0.4365781710914454 0.025958702064896755 0.022418879056047197
0 0.8610619469026548 0.46696165191740413 0.024188790560471976 0.03480825958702065
0 0.8584070796460177 0.5572271386430678 0.029498525073746312 0.0359882005899705
0 0.7094395280235988 0.5976401179941003 0.032448377581120944 0.035398230088495575
1 0.5507374631268437 0.5784660766961652 0.02654867256637168 0.02182890855457227
1 0.3935103244837758 0.5825958702064896 0.030678466076696165 0.02064896755162242
1 0.24985250737463127 0.5946902654867257 0.027728613569321534 0.021238938053097345
0 0.05870206489675516 0.5938053097345133 0.028908554572271386 0.03480825958702065
0 0.07610619469026549 0.7047197640117994 0.03303834808259587 0.03126843657817109
0 0.26017699115044246 0.6997050147492625 0.03303834808259587 0.025958702064896755
0 0.38908554572271387 0.720353982300885 0.032448377581120944 0.027138643067846607
0 0.5436578171091445 0.7123893805309734 0.032448377581120944 0.03716814159292035
0 0.7085545722713864 0.7112094395280236 0.03185840707964602 0.028908554572271386
1 0.8669616519174042 0.7079646017699115 0.02536873156342183 0.03657817109144543
1 0.887905604719764 0.8755162241887906 0.02831858407079646 0.03185840707964602
1 0.6970501474926254 0.8607669616519174 0.02182890855457227 0.04601769911504425
0 0.5466076696165192 0.8716814159292036 0.027728613569321534 0.03952802359882006
0 0.40943952802359884 0.8112094395280236 0.02831858407079646 0.02831858407079646
0 0.25722713864306784 0.8353982300884956 0.02359882005899705 0.04129793510324484
0 0.06755162241887905 0.8327433628318583 0.033628318584070796 0.03008849557522124
