1 0.10206489675516224 0.1480825958702065 0.02831858407079646 0.02831858407079646
1 0.22182890855457227 0.1463126843657817 0.029498525073746312 0.020058997050147492
1 0.3646017699115044 0.1486725663716814 0.02359882005899705 0.024778761061946902
1 0.5256637168141592 0.1392330383480826 0.027138643067846607 0.025958702064896755
1 0.6814159292035398 0.12979351032448377 0.030678466076696165 0.021238938053097345
1 0.8433628318584071 0.12536873156342182 0.038348082595870206 0.03126843657817109
1 0.8433628318584071 0.35929203539823007 0.03008849557522124 0.02359882005899705
1 0.6790560471976401 0.34365781710914456 0.03657817109144543 0.03008849557522124
1 0.5162241887905604 0.3528023598820059 0.029498525073746312 0.029498525073746312
1 0.37168141592920356 0.32359882005899704 0.03185840707964602 0.02536873156342183
1 0.21533923303834807 0.33067846607669615 0.03185840707964602 0.024188790560471976
1 0.09793510324483776 0.3374631268436578 0.03303834808259587 0.025958702064896755
1 0.08849557522123894 0.4755162241887906 0.025958702064896755 0.027138643067846607
1 0.23569321533923304 0.4737463126843658 0.027728613569321534 0.020058997050147492
1 0.38200589970501475 0.5020648967551622 0.02654867256637168 0.022418879056047197
1 0.5371681415929204 0.5218289085545723 0.028908554572271386 0.019469026548672566
1 0.6867256637168142 0.5112094395280236 0.025958702064896755 0.02064896755162242
1 0.8407079646017699 0.5176991150442478 0.03775811209439528 0.02536873156342183
1 0.8469026548672566 0.6324483775811209 0.028908554572271386 0.017699115044247787
1 0.6873156342182891 0.6265486725663717 0.030678466076696165 0.02359882005899705
1 0.5286135693215339 0.6250737463126843 0.03185840707964602 0.023008849557522124
1 0.3864306784660767 0.6374631268436578 0.03185840707964602 0.023008849557522124
1 0.24365781710914453 0.6179941002949852 0.02831858407079646 0.01710914454277286
1 0.09616519174041298 0.6150442477876106 0.030678466076696165 0.018289085545722714
1 0.10294985250737462 0.764306784660767 0.03126843657817109 0.02536873156342183
1 0.24513274336283186 0.7651917404129793 0.032448377581120944 0.024778761061946902
1 0.3935103244837758 0.7657817109144542 0.03775811209439528 0.022418879056047197
1 0.5498525073746312 0.7699115044247787 0.030678466076696165 0.022418879056047197
1 0.7011799410029499 0.779646017699115 0.032448377581120944 0.032448377581120944
1 0.8501474926253687 0.7799410029498525 0.027138643067846607 0.03421828908554572
1 0.8716814159292036 0.8914454277286136 0.03126843657817109 0.024778761061946902
1 0.7097345132743362 0.9070796460176991 0.03185840707964602 0.027728613569321534
1 0.5607669616519174 0.9147492625368732 0.028908554572271386 0.02182890855457227
1 0.4056047197640118 0.9085545722713864 0.023008849557522124 0.029498525073746312
1 0.26312684365781713 0.903244837758112 0.03303834808259587 0.02359882005899705
1 0.10589970501474927 0.9017699115044248 0.03126843657817109 0.024188790560471976
