0 0.23805309734513275 0.21150442477876105 0.1846607669616519 0.0584070796460177
0 0.3466076696165192 0.21769911504424777 0.05132743362831858 0.08023598820058997
0 0.45781710914454277 0.15988200589970503 0.07315634218289085 0.13333333333333333
0 0.6076696165191741 0.15339233038348082 0.12035398230088495 0.13569321533923304
0 0.23716814159292035 0.328023598820059 0.08259587020648967 0.1168141592920354
0 0.31622418879056047 0.32595870206489674 0.05073746312684366 0.047787610619469026
0 0.4539823008849557 0.32890855457227136 0.08790560471976401 0.07492625368731563
0 0.575811209439528 0.24513274336283186 0.10973451327433628 0.11622418879056047
0 0.7244837758112095 0.20029498525073747 0.03893805309734513 0.028908554572271386
0 0.7253687315634219 0.2843657817109144 0.028908554572271386 0.030678466076696165
0 0.8908554572271387 0.20353982300884954 0.054277286135693215 0.071976401179941
1 0.8330383480825958 0.3106194690265487 0.044837758112094395 0.032448377581120944
0 0.8445427728613569 0.42212389380530974 0.052507374631268436 0.061946902654867256
0 0.21710914454277286 0.4451327433628319 0.035398230088495575 0.05132743362831858
0 0.3309734513274336 0.4542772861356932 0.11209439528023599 0.10501474926253687
0 0.4648967551622419 0.4808259587020649 0.040117994100294985 0.04129793510324484
0 0.6206489675516225 0.40914454277286133 0.06371681415929203 0.08908554572271386
0 0.6725663716814159 0.3864306784660767 0.07551622418879056 0.15457227138643068
0 0.21710914454277286 0.5722713864306784 0.04365781710914454 0.04247787610619469
0 0.3392330383480826 0.5386430678466076 0.11799410029498525 0.058997050147492625
0 0.49321533923303834 0.6085545722713864 0.05309734513274336 0.04424778761061947
0 0.6294985250737463 0.5410029498525074 0.08849557522123894 0.143952802359882
0 0.7427728613569321 0.6 0.08495575221238938 0.0920353982300885
0 0.8899705014749263 0.5359882005899705 0.05014749262536873 0.03716814159292035
0 0.8772861356932153 0.7206489675516224 0.05073746312684366 0.07964601769911504
0 0.779646017699115 0.7404129793510325 0.033628318584070796 0.02831858407079646
0 0.6669616519174041 0.7176991150442478 0.07492625368731563 0.04070796460176991
0 0.5070796460176991 0.7156342182890856 0.047787610619469026 0.03421828908554572
0 0.340117994100295 0.743952802359882 0.09616519174041298 0.06607669616519174
0 0.231858407079646 0.7660766961651917 0.11091445427728613 0.05486725663716814
0 0.2398230088495575 0.8244837758112095 0.0808259587020649 0.07846607669616519
0 0.36047197640117995 0.8684365781710914 0.10383480825958702 0.06843657817109144
0 0.5185840707964602 0.8631268436578171 0.12861356932153392 0.09085545722713864
0 0.647787610619469 0.8831858407079646 0.04365781710914454 0.04247787610619469
0 0.7920353982300885 0.8415929203539823 0.06784660766961652 0.10678466076696165
0 0.9029498525073746 0.8873156342182891 0.03952802359882006 0.04129793510324484
