1 0.09911504424778761 0.14778761061946902 0.022418879056047197 0.023008849557522124
1 0.22448377581120943 0.1486725663716814 0.028908554572271386 0.017699115044247787
1 0.3646017699115044 0.1471976401179941 0.02831858407079646 0.024188790560471976
1 0.5238938053097345 0.14513274336283186 0.03657817109144543 0.024778761061946902
1 0.6781710914454278 0.1336283185840708 0.03716814159292035 0.023008849557522124
1 0.8433628318584071 0.11769911504424779 0.0359882005899705 0.02182890855457227
1 0.8427728613569322 0.36106194690265486 0.03008849557522124 0.02359882005899705
1 0.6805309734513274 0.34424778761061947 0.03480825958702065 0.024188790560471976
1 0.5162241887905604 0.35162241887905604 0.030678466076696165 0.022418879056047197
1 0.37374631268436576 0.32536873156342183 0.03126843657817109 0.023008849557522124
1 0.2168141592920354 0.33008849557522124 0.03008849557522124 0.023008849557522124
1 0.09734513274336283 0.3359882005899705 0.030678466076696165 0.02064896755162242
1 0.08879056047197639 0.4737463126843658 0.03008849557522124 0.020058997050147492
1 0.23569321533923304 0.4731563421828908 0.024188790560471976 0.01887905604719764
1 0.3817109144542773 0.5 0.025958702064896755 0.02064896755162242
1 0.5359882005899705 0.5212389380530973 0.03126843657817109 0.01710914454277286
1 0.6852507374631268 0.5112094395280236 0.028908554572271386 0.019469026548672566
1 0.8412979351032448 0.5168141592920354 0.03303834808259587 0.02359882005899705
1 0.8480825958702065 0.6330383480825958 0.03008849557522124 0.020058997050147492
1 0.6870206489675517 0.6289085545722713 0.03126843657817109 0.016519174041297935
1 0.5256637168141592 0.6250737463126843 0.027138643067846607 0.01710914454277286
1 0.38495575221238937 0.6386430678466076 0.033628318584070796 0.01592920353982301
1 0.24188790560471976 0.6182890855457227 0.022418879056047197 0.020058997050147492
1 0.09498525073746313 0.6182890855457227 0.030678466076696165 0.01887905604719764
1 0.10176991150442477 0.7622418879056048 0.02654867256637168 0.01887905604719764
1 0.24336283185840707 0.7654867256637168 0.028908554572271386 0.018289085545722714
1 0.39705014749262535 0.7672566371681416 0.035398230088495575 0.01710914454277286
1 0.5498525073746312 0.7722713864306785 0.029498525073746312 0.017699115044247787
1 0.7026548672566372 0.771386430678466 0.03185840707964602 0.027728613569321534
1 0.8471976401179941 0.7805309734513274 0.025958702064896755 0.03185840707964602
1 0.8663716814159292 0.9011799410029498 0.03126843657817109 0.018289085545722714
1 0.7115044247787611 0.9132743362831859 0.03185840707964602 0.027138643067846607
1 0.5616519174041298 0.9138643067846608 0.030678466076696165 0.021238938053097345
1 0.40825958702064896 0.9132743362831859 0.025958702064896755 0.022418879056047197
1 0.2663716814159292 0.9002949852507375 0.03126843657817109 0.022418879056047197
1 0.10353982300884956 0.903244837758112 0.02536873156342183 0.020058997050147492
