0 0.1463126843657817 0.10501474926253687 0.03657817109144543 0.04129793510324484
0 0.32949852507374633 0.049557522123893805 0.0855457227138643 0.06253687315634218
0 0.4631268436578171 0.1215339233038348 0.025958702064896755 0.035398230088495575
0 0.5902654867256637 0.06932153392330384 0.047787610619469026 0.06666666666666667
0 0.7448377581120944 0.05486725663716814 0.06666666666666667 0.05191740412979351
0 0.8808259587020649 0.061061946902654866 0.05073746312684366 0.10206489675516224
0 0.1433628318584071 0.22507374631268437 0.05073746312684366 0.0607669616519174
0 0.2935103244837758 0.22418879056047197 0.061946902654867256 0.06017699115044248
0 0.47227138643067845 0.2587020648967552 0.06784660766961652 0.0607669616519174
0 0.6430678466076696 0.18436578171091444 0.12625368731563422 0.03716814159292035
0 0.7539823008849558 0.18436578171091444 0.054277286135693215 0.04542772861356932
0 0.8784660766961652 0.2374631268436578 0.06253687315634218 0.08436578171091445
0 0.1336283185840708 0.37787610619469025 0.033628318584070796 0.061946902654867256
0 0.31150442477876106 0.37374631268436576 0.04601769911504425 0.05486725663716814
0 0.45191740412979353 0.3309734513274336 0.06843657817109144 0.05663716814159292
0 0.6353982300884956 0.3646017699115044 0.04601769911504425 0.10265486725663717
0 0.7858407079646017 0.30973451327433627 0.04837758112094395 0.1191740412979351
0 0.8654867256637168 0.3206489675516224 0.044837758112094395 0.07374631268436578
0 0.15014749262536872 0.5109144542772861 0.04070796460176991 0.08023598820058997
0 0.30737463126843656 0.5150442477876106 0.03303834808259587 0.08495575221238938
0 0.4702064896755162 0.46814159292035395 0.054277286135693215 0.06548672566371681
0 0.6407079646017699 0.4648967551622419 0.04365781710914454 0.044837758112094395
0 0.775811209439528 0.5495575221238937 0.06017699115044248 0.11032448377581121
0 0.8631268436578171 0.5339233038348082 0.06253687315634218 0.07787610619469026
0 0.8855457227138643 0.659882005899705 0.04129793510324484 0.16106194690265485
0 0.7861356932153393 0.6943952802359882 0.047787610619469026 0.10619469026548672
0 0.4970501474926254 0.6061946902654867 0.04188790560471976 0.05132743362831858
0 0.3224188790560472 0.6233038348082596 0.04542772861356932 0.04424778761061947
0 0.14837758112094396 0.6309734513274337 0.03952802359882006 0.05014749262536873
0 0.15604719764011798 0.8147492625368732 0.04896755162241888 0.05309734513274336
0 0.29705014749262537 0.8404129793510324 0.07728613569321534 0.06784660766961652
0 0.49498525073746313 0.7716814159292036 0.06253687315634218 0.06253687315634218
0 0.6289085545722713 0.7784660766961652 0.03893805309734513 0.07964601769911504
0 0.6383480825958702 0.6920353982300885 0.06725663716814159 0.06843657817109144
0 0.7849557522123893 0.8353982300884956 0.052507374631268436 0.10501474926253687
0 0.8616519174041298 0.8020648967551622 0.0855457227138643 0.043067846607669616
