1 0.11238938053097344 0.10471976401179942 0.03480825958702065 0.02182890855457227
1 0.25663716814159293 0.10324483775811209 0.03303834808259587 0.021238938053097345
1 0.39882005899705014 0.10737463126843658 0.025958702064896755 0.016519174041297935
1 0.5442477876106194 0.10737463126843658 0.04188790560471976 0.021238938053097345
1 0.7147492625368731 0.11710914454277285 0.03126843657817109 0.014749262536873156
1 0.8572271386430679 0.12448377581120944 0.03421828908554572 0.015339233038348082
1 0.12182890855457226 0.2271386430678466 0.033628318584070796 0.020058997050147492
1 0.2448377581120944 0.22979351032448378 0.027138643067846607 0.014749262536873156
1 0.39469026548672564 0.22979351032448378 0.029498525073746312 0.01710914454277286
1 0.5398230088495575 0.231858407079646 0.035398230088495575 0.015339233038348082
1 0.7002949852507374 0.2271386430678466 0.030678466076696165 0.01887905604719764
1 0.8592920353982301 0.2336283185840708 0.033628318584070796 0.025958702064896755
1 0.12418879056047197 0.3654867256637168 0.03008849557522124 0.024188790560471976
1 0.2368731563421829 0.3607669616519174 0.03480825958702065 0.018289085545722714
1 0.3702064896755162 0.36755162241887906 0.032448377581120944 0.01887905604719764
1 0.5492625368731563 0.3722713864306785 0.04247787610619469 0.02359882005899705
1 0.6926253687315634 0.3648967551622419 0.03775811209439528 0.027728613569321534
1 0.8654867256637168 0.376401179941003 0.040117994100294985 0.024778761061946902
1 0.12271386430678466 0.5259587020648967 0.02359882005899705 0.03126843657817109
1 0.2345132743362832 0.5265486725663717 0.032448377581120944 0.02182890855457227
1 0.37138643067846605 0.5073746312684366 0.03126843657817109 0.020058997050147492
1 0.5471976401179941 0.4976401179941003 0.03126843657817109 0.023008849557522124
1 0.6970501474926254 0.49616519174041296 0.03008849557522124 0.020058997050147492
1 0.8542772861356932 0.49085545722713864 0.035398230088495575 0.020058997050147492
1 0.11386430678466077 0.6634218289085546 0.030678466076696165 0.02064896755162242
1 0.2312684365781711 0.6699115044247788 0.030678466076696165 0.019469026548672566
1 0.36696165191740415 0.6634218289085546 0.03303834808259587 0.023008849557522124
1 0.5289085545722714 0.6619469026548672 0.02654867256637168 0.016519174041297935
1 0.6887905604719764 0.6595870206489676 0.03480825958702065 0.021238938053097345
1 0.8525073746312685 0.6622418879056047 0.03303834808259587 0.018289085545722714
1 0.12330383480825959 0.8100294985250738 0.027138643067846607 0.017699115044247787
1 0.23569321533923304 0.8109144542772861 0.03480825958702065 0.02064896755162242
1 0.3710914454277286 0.8147492625368732 0.030678466076696165 0.01415929203539823
1 0.5132743362831859 0.8141592920353982 0.03893805309734513 0.01887905604719764
1 0.6949852507374631 0.8044247787610619 0.035398230088495575 0.018289085545722714
1 0.848377581120944 0.8115044247787611 0.025958702064896755 0.01592920353982301
