0 0.24985250737463127 0.2533923303834808 0.06430678466076696 0.15516224188790562
0 0.25162241887905606 0.3014749262536873 0.05368731563421829 0.04365781710914454
0 0.4212389380530973 0.19233038348082596 0.10737463126843658 0.10973451327433628
0 0.37256637168141593 0.3126843657817109 0.09616519174041298 0.16991150442477876
0 0.5005899705014749 0.3640117994100295 0.1976401179941003 0.05545722713864307
0 0.6144542772861357 0.35044247787610616 0.047787610619469026 0.10855457227138643
0 0.5371681415929204 0.18908554572271385 0.033628318584070796 0.07728613569321534
1 0.671386430678466 0.18997050147492625 0.02831858407079646 0.02831858407079646
0 0.7902654867256637 0.20943952802359883 0.11268436578171091 0.12861356932153392
0 0.9029498525073746 0.21769911504424777 0.09616519174041298 0.17227138643067846
0 0.8976401179941003 0.34985250737463125 0.10914454277286136 0.184070796460177
1 0.7536873156342183 0.32182890855457225 0.02654867256637168 0.033628318584070796
0 0.7525073746312684 0.43716814159292033 0.03008849557522124 0.035398230088495575
0 0.8884955752212389 0.49793510324483775 0.1168141592920354 0.08023598820058997
0 0.22979351032448378 0.44601769911504424 0.07138643067846608 0.035398230088495575
1 0.3233038348082596 0.431858407079646 0.044837758112094395 0.03657817109144543
0 0.5825958702064896 0.4592920353982301 0.09026548672566372 0.12448377581120944
1 0.487905604719764 0.48112094395280236 0.0471976401179941 0.02536873156342183
0 0.23097345132743363 0.5982300884955752 0.07256637168141593 0.040117994100294985
0 0.39557522123893807 0.6020648967551623 0.09026548672566372 0.1905604719764012
0 0.5250737463126843 0.5799410029498525 0.05309734513274336 0.03421828908554572
0 0.5926253687315635 0.5345132743362832 0.05486725663716814 0.1191740412979351
0 0.6761061946902654 0.5849557522123894 0.18053097345132743 0.09734513274336283
1 0.8448377581120944 0.5997050147492625 0.021238938053097345 0.04188790560471976
0 0.8539823008849557 0.6861356932153392 0.09144542772861357 0.049557522123893805
0 0.2150442477876106 0.7525073746312684 0.20117994100294984 0.07610619469026549
0 0.384070796460177 0.752802359882006 0.06253687315634218 0.08967551622418879
0 0.47817109144542774 0.7212389380530974 0.15398230088495574 0.05604719764011799
0 0.6926253687315634 0.7182890855457227 0.035398230088495575 0.043067846607669616
0 0.13244837758112094 0.9091445427728614 0.1351032448377581 0.0943952802359882
0 0.32831858407079645 0.8784660766961652 0.07374631268436578 0.21238938053097345
0 0.48436578171091443 0.8926253687315634 0.06371681415929203 0.15575221238938053
0 0.6908554572271386 0.8678466076696165 0.12625368731563422 0.14749262536873156
0 0.8619469026548673 0.8525073746312685 0.0943952802359882 0.10383480825958702
