0 0.10176991150442477 0.1191740412979351 0.04188790560471976 0.03421828908554572
0 0.21327433628318584 0.12448377581120944 0.09734513274336283 0.08495575221238938
0 0.3489675516224189 0.10737463126843658 0.04070796460176991 0.04365781710914454
0 0.5053097345132743 0.13952802359882005 0.07020648967551622 0.1327433628318584
0 0.6303834808259587 0.13716814159292035 0.07256637168141593 0.08436578171091445
0 0.771976401179941 0.16755162241887905 0.07610619469026549 0.0920353982300885
0 0.796165191740413 0.28230088495575223 0.04188790560471976 0.1303834808259587
0 0.6929203539823009 0.30973451327433627 0.09852507374631268 0.08023598820058997
1 0.5008849557522124 0.2784660766961652 0.03893805309734513 0.035398230088495575
0 0.37964601769911505 0.22094395280235987 0.0359882005899705 0.06666666666666667
1 0.23244837758112094 0.26489675516224187 0.04365781710914454 0.03303834808259587
0 0.11179941002949853 0.27315634218289087 0.05604719764011799 0.06489675516224189
0 0.10383480825958702 0.43333333333333335 0.044837758112094395 0.057227138643067846
0 0.2622418879056047 0.41061946902654867 0.09144542772861357 0.06371681415929203
0 0.3811209439528024 0.45014749262536874 0.06135693215339233 0.13333333333333333
1 0.5050147492625369 0.3991150442477876 0.05073746312684366 0.047787610619469026
0 0.6946902654867256 0.43716814159292033 0.10088495575221239 0.0943952802359882
0 0.792330383480826 0.4253687315634218 0.04365781710914454 0.044837758112094395
0 0.11887905604719765 0.6064896755162241 0.03952802359882006 0.03421828908554572
0 0.2737463126843658 0.6206489675516225 0.09911504424778761 0.15103244837758112
0 0.4109144542772861 0.6011799410029498 0.1056047197640118 0.07669616519174041
0 0.5342182890855457 0.5176991150442478 0.04424778761061947 0.04660766961651917
0 0.6646017699115044 0.5581120943952802 0.11268436578171091 0.07315634218289085
0 0.7766961651917405 0.5545722713864307 0.0359882005899705 0.05191740412979351
0 0.7696165191740413 0.6702064896755162 0.10914454277286136 0.0967551622418879
0 0.6858407079646017 0.6778761061946903 0.052507374631268436 0.04837758112094395
0 0.5442477876106194 0.6660766961651917 0.07020648967551622 0.06371681415929203
1 0.10029498525073746 0.7200589970501475 0.0471976401179941 0.033628318584070796
0 0.2616519174041298 0.7392330383480826 0.028908554572271386 0.04129793510324484
0 0.43067846607669613 0.7616519174041297 0.11563421828908554 0.10737463126843658
0 0.1079646017699115 0.8424778761061946 0.04247787610619469 0.1168141592920354
1 0.25663716814159293 0.8368731563421828 0.03303834808259587 0.024188790560471976
0 0.3811209439528024 0.851622418879056 0.12271386430678466 0.11740412979351032
0 0.5545722713864307 0.8345132743362832 0.06017699115044248 0.09970501474926254
0 0.6551622418879056 0.7876106194690266 0.043067846607669616 0.06843657817109144
0 0.775811209439528 0.800589970501475 0.15811209439528023 0.06135693215339233
