0 0.10235988200589971 0.06696165191740414 0.03716814159292035 0.03126843657817109
0 0.20265486725663717 0.1168141592920354 0.023008849557522124 0.05191740412979351
0 0.3513274336283186 0.11297935103244838 0.03952802359882006 0.05604719764011799
1 0.7168141592920354 0.0752212389380531 0.04601769911504425 0.05604719764011799
1 0.5212389380530973 0.07463126843657816 0.03480825958702065 0.033628318584070796
0 0.876401179941003 0.07640117994100296 0.04070796460176991 0.04070796460176991
1 0.8707964601769911 0.23156342182890854 0.040117994100294985 0.03952802359882006
0 0.7454277286135693 0.21327433628318584 0.032448377581120944 0.04070796460176991
0 0.5808259587020649 0.2536873156342183 0.04188790560471976 0.044837758112094395
0 0.3870206489675516 0.2336283185840708 0.035398230088495575 0.07315634218289085
0 0.25545722713864305 0.23215339233038348 0.035398230088495575 0.0359882005899705
1 0.0831858407079646 0.22979351032448378 0.025958702064896755 0.0359882005899705
0 0.029793510324483775 0.42330383480825956 0.038348082595870206 0.06666666666666667
1 0.21651917404129795 0.4088495575221239 0.035398230088495575 0.03303834808259587
1 0.3578171091445428 0.39882005899705014 0.04424778761061947 0.044837758112094395
0 0.5353982300884955 0.44837758112094395 0.0584070796460177 0.04601769911504425
1 0.7386430678466076 0.3905604719764012 0.04129793510324484 0.044837758112094395
0 0.8790560471976401 0.44277286135693217 0.0696165191740413 0.038348082595870206
1 0.8952802359882006 0.5796460176991151 0.03126843657817109 0.038348082595870206
1 0.7427728613569321 0.5820058997050147 0.024778761061946902 0.033628318584070796
1 0.5418879056047198 0.6386430678466076 0.04660766961651917 0.03126843657817109
0 0.387905604719764 0.5775811209439528 0.03480825958702065 0.029498525073746312
0 0.22094395280235987 0.5867256637168141 0.04424778761061947 0.028908554572271386
1 0.06725663716814159 0.5837758112094396 0.029498525073746312 0.03008849557522124
0 0.03569321533923304 0.7035398230088495 0.04542772861356932 0.04070796460176991
0 0.2616519174041298 0.7442477876106195 0.04188790560471976 0.04070796460176991
1 0.3991150442477876 0.7539823008849558 0.027728613569321534 0.03185840707964602
0 0.5749262536873156 0.7911504424778761 0.04542772861356932 0.049557522123893805
1 0.7457227138643068 0.7404129793510325 0.04247787610619469 0.05191740412979351
1 0.8958702064896755 0.7182890855457227 0.04188790560471976 0.03008849557522124
1 0.9126843657817109 0.9082595870206489 0.025958702064896755 0.04896755162241888
0 0.7442477876106195 0.9168141592920354 0.03480825958702065 0.05309734513274336
0 0.5436578171091445 0.9289085545722714 0.04070796460176991 0.028908554572271386
0 0.38348082595870203 0.8896755162241887 0.04601769911504425 0.040117994100294985
0 0.20589970501474925 0.8920353982300885 0.03185840707964602 0.04365781710914454
0 0.05014749262536873 0.8460176991150442 0.03775811209439528 0.035398230088495575
