1 0.06607669616519174 0.14188790560471976 0.02831858407079646 0.01710914454277286
1 0.23893805309734512 0.14926253687315633 0.027138643067846607 0.025958702064896755
1 0.37964601769911505 0.1433628318584071 0.03008849557522124 0.021238938053097345
1 0.5519174041297935 0.12123893805309735 0.03008849557522124 0.02064896755162242
1 0.7014749262536873 0.11504424778761062 0.024778761061946902 0.029498525073746312
1 0.8758112094395281 0.10884955752212389 0.032448377581120944 0.02654867256637168
1 0.0710914454277286 0.3023598820058997 0.033628318584070796 0.024188790560471976
1 0.24572271386430677 0.29793510324483774 0.03008849557522124 0.01887905604719764
1 0.38672566371681416 0.3014749262536873 0.038348082595870206 0.01887905604719764
1 0.5471976401179941 0.3005899705014749 0.038348082595870206 0.02536873156342183
1 0.6988200589970501 0.28230088495575223 0.033628318584070796 0.018289085545722714
1 0.8758112094395281 0.2766961651917404 0.033628318584070796 0.020058997050147492
1 0.06283185840707964 0.4492625368731563 0.033628318584070796 0.023008849557522124
1 0.24100294985250736 0.4463126843657817 0.033628318584070796 0.027728613569321534
1 0.3935103244837758 0.4445427728613569 0.030678466076696165 0.019469026548672566
1 0.5495575221238937 0.44188790560471974 0.03126843657817109 0.02359882005899705
1 0.7147492625368731 0.4398230088495575 0.03008849557522124 0.02182890855457227
1 0.8755162241887906 0.4398230088495575 0.03185840707964602 0.02536873156342183
1 0.06224188790560472 0.5964601769911504 0.02654867256637168 0.022418879056047197
1 0.25073746312684364 0.588495575221239 0.03657817109144543 0.024188790560471976
1 0.39646017699115044 0.5787610619469027 0.029498525073746312 0.01415929203539823
1 0.5492625368731563 0.5761061946902655 0.029498525073746312 0.02182890855457227
1 0.7144542772861356 0.5781710914454277 0.03303834808259587 0.017699115044247787
1 0.8734513274336283 0.584070796460177 0.032448377581120944 0.024778761061946902
1 0.06401179941002949 0.71976401179941 0.03126843657817109 0.02359882005899705
1 0.24454277286135692 0.7174041297935103 0.03480825958702065 0.03303834808259587
1 0.3938053097345133 0.7067846607669617 0.03480825958702065 0.022418879056047197
1 0.5536873156342182 0.6985250737463127 0.02654867256637168 0.01887905604719764
1 0.708259587020649 0.6985250737463127 0.033628318584070796 0.024778761061946902
1 0.8690265486725663 0.7061946902654868 0.022418879056047197 0.030678466076696165
1 0.8707964601769911 0.8699115044247787 0.01887905604719764 0.03008849557522124
1 0.723598820058997 0.8351032448377581 0.027728613569321534 0.027728613569321534
1 0.5545722713864307 0.8460176991150442 0.03185840707964602 0.020058997050147492
1 0.40914454277286133 0.831858407079646 0.03008849557522124 0.020058997050147492
1 0.23156342182890854 0.8330383480825958 0.028908554572271386 0.016519174041297935
1 0.06607669616519174 0.8351032448377581 0.030678466076696165 0.01710914454277286
