1 0.061946902654867256 0.1433628318584071 0.030678466076696165 0.016519174041297935
1 0.2383480825958702 0.1504424778761062 0.029498525073746312 0.024778761061946902
1 0.3787610619469026 0.1415929203539823 0.03657817109144543 0.01887905604719764
1 0.5504424778761062 0.12418879056047197 0.03185840707964602 0.02654867256637168
1 0.7020648967551623 0.11740412979351032 0.030678466076696165 0.022418879056047197
1 0.8772861356932153 0.1079646017699115 0.02359882005899705 0.022418879056047197
1 0.0705014749262537 0.29882005899705016 0.028908554572271386 0.014749262536873156
1 0.24454277286135692 0.2976401179941003 0.02654867256637168 0.02182890855457227
1 0.38377581120943954 0.30206489675516224 0.0359882005899705 0.016519174041297935
1 0.5463126843657817 0.29852507374631265 0.03775811209439528 0.027138643067846607
1 0.6982300884955752 0.28348082595870205 0.03480825958702065 0.02182890855457227
1 0.8784660766961652 0.2743362831858407 0.03421828908554572 0.024778761061946902
1 0.875221238938053 0.43805309734513276 0.03126843657817109 0.018289085545722714
1 0.7132743362831858 0.4374631268436578 0.030678466076696165 0.019469026548672566
1 0.5510324483775811 0.44188790560471974 0.027138643067846607 0.01887905604719764
1 0.3893805309734513 0.4457227138643068 0.03421828908554572 0.023008849557522124
1 0.240117994100295 0.4457227138643068 0.030678466076696165 0.02064896755162242
1 0.06489675516224189 0.45014749262536874 0.027138643067846607 0.020058997050147492
1 0.06371681415929203 0.5979351032448378 0.029498525073746312 0.02182890855457227
1 0.24955752212389382 0.587905604719764 0.029498525073746312 0.019469026548672566
1 0.39144542772861357 0.5769911504424778 0.03008849557522124 0.020058997050147492
1 0.5495575221238937 0.5766961651917404 0.03126843657817109 0.018289085545722714
1 0.712094395280236 0.5790560471976401 0.030678466076696165 0.019469026548672566
1 0.8758112094395281 0.5849557522123894 0.03480825958702065 0.02536873156342183
1 0.8660766961651918 0.7061946902654868 0.021238938053097345 0.03185840707964602
1 0.7064896755162242 0.699410029498525 0.03008849557522124 0.02182890855457227
1 0.5501474926253688 0.6997050147492625 0.03008849557522124 0.022418879056047197
1 0.39292035398230085 0.7067846607669617 0.027138643067846607 0.020058997050147492
1 0.2424778761061947 0.7185840707964601 0.029498525073746312 0.030678466076696165
1 0.06224188790560472 0.7194690265486725 0.032448377581120944 0.02064896755162242
1 0.06519174041297934 0.8348082595870207 0.032448377581120944 0.016519174041297935
1 0.23244837758112094 0.8327433628318583 0.030678466076696165 0.014749262536873156
1 0.40648967551622417 0.8297935103244838 0.03303834808259587 0.02064896755162242
1 0.5513274336283186 0.8466076696165191 0.03716814159292035 0.01887905604719764
1 0.7224188790560472 0.835693215339233 0.027728613569321534 0.02654867256637168
1 0.8669616519174042 0.8705014749262536 0.019469026548672566 0.03008849557522124
