1 0.09882005899705015 0.14837758112094396 0.028908554572271386 0.02536873156342183
1 0.22271386430678466 0.14837758112094396 0.03480825958702065 0.02182890855457227
1 0.36283185840707965 0.1480825958702065 0.02359882005899705 0.021238938053097345
1 0.5283185840707965 0.14188790560471976 0.03952802359882006 0.027728613569321534
1 0.6799410029498525 0.13480825958702064 0.032448377581120944 0.02536873156342183
1 0.8404129793510324 0.11946902654867256 0.03716814159292035 0.027728613569321534
1 0.8427728613569322 0.35870206489675516 0.03008849557522124 0.021238938053097345
1 0.6805309734513274 0.343952802359882 0.032448377581120944 0.021238938053097345
1 0.5165191740412979 0.3501474926253687 0.02654867256637168 0.023008849557522124
1 0.3722713864306785 0.3256637168141593 0.03185840707964602 0.024778761061946902
1 0.21622418879056046 0.3292035398230089 0.02654867256637168 0.017699115044247787
1 0.09823008849557521 0.33421828908554574 0.02536873156342183 0.02064896755162242
1 0.08790560471976401 0.4731563421828908 0.027138643067846607 0.01887905604719764
1 0.2345132743362832 0.4737463126843658 0.02654867256637168 0.017699115044247787
1 0.3799410029498525 0.5005899705014749 0.030678466076696165 0.02536873156342183
1 0.5383480825958702 0.5212389380530973 0.027728613569321534 0.01710914454277286
1 0.6861356932153392 0.512684365781711 0.030678466076696165 0.02359882005899705
1 0.8380530973451328 0.5162241887905604 0.03126843657817109 0.022418879056047197
1 0.09557522123893805 0.615929203539823 0.029498525073746312 0.016519174041297935
1 0.24100294985250736 0.6174041297935103 0.024188790560471976 0.01710914454277286
1 0.38849557522123895 0.6365781710914454 0.03480825958702065 0.020058997050147492
1 0.528023598820059 0.6244837758112094 0.03303834808259587 0.018289085545722714
1 0.6873156342182891 0.6277286135693215 0.035398230088495575 0.022418879056047197
1 0.8492625368731563 0.6330383480825958 0.032448377581120944 0.017699115044247787
1 0.848377581120944 0.7820058997050148 0.030678466076696165 0.028908554572271386
1 0.7029498525073746 0.7764011799410029 0.03716814159292035 0.03303834808259587
1 0.5519174041297935 0.7722713864306785 0.03716814159292035 0.01887905604719764
1 0.39823008849557523 0.7666666666666666 0.035398230088495575 0.024188790560471976
1 0.24336283185840707 0.7657817109144542 0.03126843657817109 0.024778761061946902
1 0.10176991150442477 0.7619469026548672 0.02654867256637168 0.02064896755162242
1 0.1079646017699115 0.9023598820058997 0.029498525073746312 0.01710914454277286
1 0.2669616519174041 0.9017699115044248 0.027728613569321534 0.023008849557522124
1 0.4061946902654867 0.9106194690265487 0.028908554572271386 0.028908554572271386
1 0.5640117994100295 0.9147492625368732 0.029498525073746312 0.024188790560471976
1 0.7097345132743362 0.9132743362831859 0.027138643067846607 0.03303834808259587
1 0.8678466076696165 0.8970501474926253 0.020058997050147492 0.019469026548672566
