0 0.11740412979351032 0.07315634218289085 0.05073746312684366 0.08259587020648967
0 0.26430678466076696 0.0705014749262537 0.044837758112094395 0.07374631268436578
0 0.4044247787610619 0.07492625368731563 0.038348082595870206 0.0743362831858407
0 0.5404129793510324 0.13303834808259588 0.027138643067846607 0.04542772861356932
0 0.6890855457227139 0.07492625368731563 0.08259587020648967 0.06371681415929203
0 0.8560471976401179 0.09233038348082595 0.040117994100294985 0.04542772861356932
0 0.12182890855457226 0.2528023598820059 0.06312684365781711 0.07020648967551622
0 0.2504424778761062 0.19911504424778761 0.05014749262536873 0.05132743362831858
0 0.387905604719764 0.1926253687315634 0.09144542772861357 0.07964601769911504
0 0.12684365781710916 0.32772861356932154 0.03421828908554572 0.08672566371681416
0 0.2271386430678466 0.33185840707964603 0.04365781710914454 0.10088495575221239
0 0.3722713864306785 0.3495575221238938 0.05309734513274336 0.047787610619469026
0 0.5333333333333333 0.2657817109144543 0.03303834808259587 0.052507374631268436
0 0.5454277286135694 0.3383480825958702 0.06548672566371681 0.052507374631268436
1 0.7085545722713864 0.23952802359882006 0.04365781710914454 0.05073746312684366
0 0.855457227138643 0.25722713864306784 0.05191740412979351 0.044837758112094395
0 0.6908554572271386 0.3887905604719764 0.05073746312684366 0.05663716814159292
1 0.8737463126843658 0.39469026548672564 0.05191740412979351 0.04247787610619469
0 0.1368731563421829 0.5371681415929204 0.05545722713864307 0.07374631268436578
0 0.2294985250737463 0.55929203539823 0.04247787610619469 0.08377581120943953
0 0.3601769911504425 0.4799410029498525 0.04542772861356932 0.04542772861356932
0 0.532448377581121 0.48259587020648964 0.05014749262536873 0.06489675516224189
0 0.6938053097345133 0.5312684365781711 0.029498525073746312 0.07610619469026549
0 0.8489675516224189 0.5268436578171092 0.03657817109144543 0.08023598820058997
0 0.12743362831858407 0.696165191740413 0.04365781710914454 0.11445427728613569
0 0.21710914454277286 0.6967551622418879 0.04601769911504425 0.08967551622418879
0 0.37138643067846605 0.6817109144542772 0.04070796460176991 0.07492625368731563
0 0.5135693215339233 0.6253687315634218 0.04070796460176991 0.05781710914454277
0 0.6852507374631268 0.6359882005899705 0.04188790560471976 0.05781710914454277
0 0.8560471976401179 0.6578171091445427 0.04837758112094395 0.027138643067846607
0 0.8530973451327434 0.8418879056047197 0.05781710914454277 0.058997050147492625
0 0.6852507374631268 0.8327433628318583 0.038348082595870206 0.07964601769911504
0 0.5061946902654867 0.7867256637168142 0.06843657817109144 0.0584070796460177
0 0.3672566371681416 0.800589970501475 0.0359882005899705 0.06135693215339233
0 0.2294985250737463 0.8353982300884956 0.03421828908554572 0.09085545722713864
0 0.1410029498525074 0.8115044247787611 0.08377581120943953 0.0359882005899705
