0 0.12359882005899706 0.12743362831858407 0.06430678466076696 0.04129793510324484
0 0.2778761061946903 0.10265486725663717 0.03775811209439528 0.03775811209439528
0 0.35457227138643066 0.1616519174041298 0.03657817109144543 0.035398230088495575
0 0.5135693215339233 0.12389380530973451 0.033628318584070796 0.027138643067846607
0 0.7194690265486725 0.15398230088495574 0.03952802359882006 0.0471976401179941
0 0.8501474926253687 0.14513274336283186 0.0471976401179941 0.03893805309734513
0 0.8227138643067846 0.28584070796460176 0.06902654867256637 0.0359882005899705
0 0.7056047197640118 0.2914454277286136 0.049557522123893805 0.03893805309734513
1 0.5191740412979351 0.2584070796460177 0.058997050147492625 0.03421828908554572
0 0.15073746312684366 0.2374631268436578 0.04542772861356932 0.047787610619469026
0 0.2663716814159292 0.26371681415929205 0.032448377581120944 0.03185840707964602
0 0.3943952802359882 0.3206489675516224 0.07138643067846608 0.05368731563421829
0 0.2896755162241888 0.37168141592920356 0.07787610619469026 0.0471976401179941
0 0.17404129793510326 0.38436578171091446 0.07079646017699115 0.05014749262536873
0 0.4784660766961652 0.3743362831858407 0.04365781710914454 0.07610619469026549
0 0.5952802359882006 0.40766961651917405 0.08377581120943953 0.08377581120943953
1 0.7135693215339233 0.41386430678466074 0.05604719764011799 0.05014749262536873
0 0.8525073746312685 0.4415929203539823 0.040117994100294985 0.033628318584070796
0 0.8445427728613569 0.5823008849557522 0.06666666666666667 0.05191740412979351
1 0.6820058997050147 0.5501474926253688 0.05309734513274336 0.04424778761061947
0 0.5616519174041298 0.5353982300884955 0.04247787610619469 0.038348082595870206
0 0.4194690265486726 0.5430678466076696 0.06725663716814159 0.05958702064896755
0 0.29321533923303833 0.5212389380530973 0.04837758112094395 0.03716814159292035
0 0.15899705014749263 0.4958702064896755 0.047787610619469026 0.04660766961651917
0 0.15516224188790562 0.6575221238938053 0.044837758112094395 0.05486725663716814
0 0.23539823008849559 0.6578171091445427 0.049557522123893805 0.054277286135693215
0 0.18112094395280237 0.7882005899705015 0.04129793510324484 0.03303834808259587
0 0.39764011799410026 0.7734513274336283 0.0743362831858407 0.04365781710914454
0 0.4528023598820059 0.6893805309734513 0.05014749262536873 0.09616519174041298
0 0.3973451327433628 0.8424778761061946 0.05014749262536873 0.06489675516224189
0 0.5575221238938053 0.695575221238938 0.044837758112094395 0.05545722713864307
1 0.6619469026548672 0.7351032448377581 0.05191740412979351 0.040117994100294985
1 0.7616519174041297 0.735693215339233 0.049557522123893805 0.06725663716814159
0 0.7386430678466076 0.8115044247787611 0.06253687315634218 0.0359882005899705
0 0.8619469026548673 0.8221238938053097 0.058997050147492625 0.05014749262536873
1 0.5905604719764012 0.8631268436578171 0.03775811209439528 0.030678466076696165
