0 0.11032448377581121 0.06312684365781711 0.05781710914454277 0.09085545722713864
0 0.2616519174041298 0.052507374631268436 0.04542772861356932 0.06725663716814159
0 0.40530973451327434 0.06784660766961652 0.03657817109144543 0.06843657817109144
0 0.5368731563421829 0.12389380530973451 0.03185840707964602 0.035398230088495575
0 0.684070796460177 0.06342182890855458 0.09380530973451327 0.05132743362831858
0 0.8545722713864307 0.08259587020648967 0.04070796460176991 0.03303834808259587
0 0.8466076696165191 0.2407079646017699 0.03657817109144543 0.03657817109144543
1 0.7073746312684366 0.2294985250737463 0.04601769911504425 0.04837758112094395
0 0.5365781710914455 0.2563421828908555 0.03716814159292035 0.05014749262536873
0 0.3811209439528024 0.17846607669616518 0.10973451327433628 0.07728613569321534
0 0.24985250737463127 0.1855457227138643 0.05132743362831858 0.05486725663716814
0 0.12271386430678466 0.24188790560471976 0.05545722713864307 0.07905604719764012
0 0.12890855457227138 0.3206489675516224 0.028908554572271386 0.09026548672566372
0 0.23008849557522124 0.3182890855457227 0.049557522123893805 0.1056047197640118
0 0.36666666666666664 0.34041297935103243 0.0607669616519174 0.05073746312684366
0 0.5460176991150443 0.32654867256637166 0.061946902654867256 0.057227138643067846
0 0.6882005899705015 0.3746312684365782 0.047787610619469026 0.05663716814159292
1 0.8663716814159292 0.3852507374631268 0.03716814159292035 0.0471976401179941
0 0.1368731563421829 0.5292035398230088 0.06371681415929203 0.07669616519174041
0 0.22418879056047197 0.5513274336283186 0.058997050147492625 0.09734513274336283
0 0.3607669616519174 0.46283185840707963 0.04542772861356932 0.05486725663716814
0 0.5286135693215339 0.4666666666666667 0.054277286135693215 0.06017699115044248
0 0.6964601769911505 0.51976401179941 0.032448377581120944 0.07905604719764012
0 0.8504424778761062 0.5132743362831859 0.03952802359882006 0.08141592920353982
0 0.13333333333333333 0.6884955752212389 0.04837758112094395 0.12743362831858407
0 0.2126843657817109 0.6882005899705015 0.05132743362831858 0.09144542772861357
0 0.37551622418879055 0.671976401179941 0.04424778761061947 0.08141592920353982
0 0.512684365781711 0.6097345132743363 0.04247787610619469 0.05486725663716814
0 0.6852507374631268 0.6238938053097345 0.04188790560471976 0.05958702064896755
0 0.8489675516224189 0.6380530973451327 0.03657817109144543 0.0359882005899705
0 0.1398230088495575 0.8067846607669616 0.08141592920353982 0.0359882005899705
0 0.22772861356932153 0.8224188790560472 0.03657817109144543 0.0943952802359882
0 0.36607669616519173 0.784070796460177 0.033628318584070796 0.06843657817109144
0 0.5050147492625369 0.7749262536873156 0.05309734513274336 0.0584070796460177
0 0.684070796460177 0.8253687315634218 0.04070796460176991 0.0920353982300885
0 0.8460176991150442 0.8256637168141593 0.054277286135693215 0.06548672566371681
