0 0.22300884955752212 0.19793510324483776 0.15693215339233038 0.06666666666666667
0 0.3415929203539823 0.2135693215339233 0.05781710914454277 0.0743362831858407
0 0.4421828908554572 0.1607669616519174 0.06548672566371681 0.1056047197640118
0 0.6182890855457227 0.15162241887905603 0.12625368731563422 0.10383480825958702
1 0.7436578171091446 0.16047197640117994 0.038348082595870206 0.021238938053097345
0 0.891740412979351 0.17256637168141592 0.04188790560471976 0.0855457227138643
1 0.7259587020648968 0.27168141592920353 0.038348082595870206 0.05132743362831858
0 0.5669616519174041 0.2345132743362832 0.11799410029498525 0.11622418879056047
0 0.45486725663716815 0.33480825958702065 0.07787610619469026 0.06548672566371681
0 0.3144542772861357 0.3238938053097345 0.054277286135693215 0.05191740412979351
0 0.23008849557522124 0.32949852507374633 0.11209439528023599 0.09852507374631268
0 0.21769911504424777 0.4498525073746313 0.03657817109144543 0.052507374631268436
0 0.34572271386430675 0.42920353982300885 0.1191740412979351 0.10324483775811209
0 0.46430678466076697 0.48023598820059 0.05073746312684366 0.03775811209439528
0 0.5861356932153392 0.3973451327433628 0.11150442477876106 0.07138643067846608
0 0.6967551622418879 0.3855457227138643 0.08259587020648967 0.14926253687315633
1 0.8457227138643068 0.33303834808259586 0.038348082595870206 0.04896755162241888
1 0.8510324483775811 0.40471976401179943 0.03008849557522124 0.040117994100294985
1 0.22035398230088496 0.5737463126843658 0.038348082595870206 0.038348082595870206
0 0.33067846607669615 0.5401179941002949 0.09734513274336283 0.05604719764011799
1 0.49380530973451325 0.6053097345132743 0.05309734513274336 0.044837758112094395
0 0.6221238938053097 0.551622418879056 0.07020648967551622 0.143952802359882
0 0.7368731563421829 0.5896755162241888 0.09793510324483776 0.06430678466076696
1 0.8941002949852507 0.5418879056047198 0.047787610619469026 0.04188790560471976
0 0.212094395280236 0.7646017699115044 0.12802359882005898 0.04129793510324484
0 0.3433628318584071 0.7377581120943952 0.0920353982300885 0.06548672566371681
1 0.5008849557522124 0.7218289085545723 0.03657817109144543 0.04188790560471976
0 0.6610619469026549 0.7324483775811209 0.07020648967551622 0.038348082595870206
1 0.768141592920354 0.7306784660766962 0.0471976401179941 0.038348082595870206
0 0.8899705014749263 0.7268436578171091 0.05014749262536873 0.071976401179941
0 0.8988200589970501 0.8820058997050148 0.047787610619469026 0.030678466076696165
0 0.7976401179941003 0.8427728613569322 0.07905604719764012 0.09380530973451327
0 0.6489675516224189 0.8923303834808259 0.03775811209439528 0.04424778761061947
0 0.5162241887905604 0.8625368731563422 0.12389380530973451 0.08141592920353982
0 0.3705014749262537 0.8584070796460177 0.071976401179941 0.09557522123893805
0 0.231858407079646 0.831858407079646 0.06843657817109144 0.071976401179941
