0 0.14454277286135692 0.140117994100295 0.05191740412979351 0.03480825958702065
0 0.2784660766961652 0.15575221238938053 0.03421828908554572 0.04837758112094395
0 0.4958702064896755 0.13215339233038348 0.032448377581120944 0.030678466076696165
0 0.7147492625368731 0.09587020648967551 0.03008849557522124 0.03716814159292035
0 0.6522123893805309 0.1631268436578171 0.03716814159292035 0.04424778761061947
0 0.8743362831858407 0.12831858407079647 0.06725663716814159 0.04070796460176991
0 0.8463126843657817 0.2392330383480826 0.05132743362831858 0.04542772861356932
0 0.7312684365781711 0.26666666666666666 0.04188790560471976 0.03421828908554572
1 0.48112094395280236 0.25899705014749264 0.06430678466076696 0.035398230088495575
0 0.6041297935103245 0.32182890855457225 0.06489675516224189 0.05132743362831858
0 0.20206489675516223 0.2737463126843658 0.07374631268436578 0.04365781710914454
0 0.2943952802359882 0.2935103244837758 0.05309734513274336 0.03480825958702065
0 0.40117994100294985 0.4044247787610619 0.08023598820058997 0.08436578171091445
0 0.5274336283185841 0.375811209439528 0.040117994100294985 0.07551622418879056
1 0.28908554572271383 0.41297935103244837 0.049557522123893805 0.049557522123893805
0 0.14129793510324484 0.431858407079646 0.038348082595870206 0.03893805309734513
0 0.703834808259587 0.36991150442477877 0.07315634218289085 0.044837758112094395
0 0.8283185840707965 0.38348082595870203 0.058997050147492625 0.054277286135693215
1 0.8643067846607669 0.4976401179941003 0.040117994100294985 0.05014749262536873
0 0.7058997050147493 0.5244837758112094 0.047787610619469026 0.04365781710914454
0 0.5932153392330384 0.5513274336283186 0.05604719764011799 0.061946902654867256
0 0.4368731563421829 0.53952802359882 0.05486725663716814 0.03952802359882006
1 0.3182890855457227 0.5471976401179941 0.05604719764011799 0.04424778761061947
0 0.15368731563421828 0.5820058997050147 0.0584070796460177 0.0584070796460177
1 0.2737463126843658 0.7247787610619469 0.05191740412979351 0.06548672566371681
0 0.3368731563421829 0.7380530973451327 0.0471976401179941 0.03775811209439528
0 0.25604719764011796 0.8135693215339233 0.06489675516224189 0.0471976401179941
0 0.1392330383480826 0.8589970501474926 0.06843657817109144 0.03775811209439528
0 0.4424778761061947 0.6943952802359882 0.04247787610619469 0.04837758112094395
1 0.4191740412979351 0.8958702064896755 0.03716814159292035 0.038348082595870206
1 0.5710914454277286 0.7035398230088495 0.03775811209439528 0.10324483775811209
0 0.6188790560471976 0.7616519174041297 0.06017699115044248 0.05545722713864307
0 0.6035398230088496 0.8389380530973451 0.04837758112094395 0.07079646017699115
0 0.7722713864306785 0.6873156342182891 0.04247787610619469 0.07551622418879056
0 0.8433628318584071 0.656047197640118 0.04542772861356932 0.05191740412979351
0 0.820353982300885 0.7896755162241887 0.03952802359882006 0.03126843657817109
