0 0.15103244837758112 0.17374631268436577 0.05663716814159292 0.0607669616519174
0 0.3141592920353982 0.17286135693215338 0.04070796460176991 0.0920353982300885
0 0.4970501474926254 0.22507374631268437 0.05958702064896755 0.05604719764011799
0 0.6300884955752213 0.215929203539823 0.029498525073746312 0.06843657817109144
0 0.7702064896755162 0.17787610619469027 0.03480825958702065 0.10442477876106195
0 0.8519174041297934 0.19911504424778761 0.0967551622418879 0.03716814159292035
0 0.8740412979351032 0.31563421828908556 0.04070796460176991 0.13569321533923304
0 0.7867256637168142 0.3144542772861357 0.04896755162241888 0.10383480825958702
0 0.6262536873156342 0.32654867256637166 0.052507374631268436 0.07846607669616519
0 0.4846607669616519 0.38849557522123895 0.03952802359882006 0.05958702064896755
0 0.3135693215339233 0.37728613569321534 0.043067846607669616 0.06312684365781711
0 0.1454277286135693 0.3607669616519174 0.04070796460176991 0.04660766961651917
0 0.1480825958702065 0.4864306784660767 0.044837758112094395 0.0831858407079646
0 0.3058997050147493 0.484070796460177 0.04188790560471976 0.0855457227138643
0 0.4702064896755162 0.5306784660766961 0.05663716814159292 0.07256637168141593
0 0.6380530973451327 0.5327433628318584 0.04424778761061947 0.049557522123893805
0 0.7755162241887905 0.4498525073746313 0.057227138643067846 0.09026548672566372
0 0.8613569321533923 0.47050147492625366 0.054277286135693215 0.07728613569321534
1 0.1359882005899705 0.6156342182890855 0.03716814159292035 0.04660766961651917
0 0.3088495575221239 0.6247787610619469 0.04542772861356932 0.05663716814159292
0 0.45250737463126844 0.671386430678466 0.06017699115044248 0.054277286135693215
0 0.6345132743362831 0.6566371681415929 0.05604719764011799 0.05781710914454277
0 0.7702064896755162 0.6825958702064897 0.04424778761061947 0.10265486725663717
0 0.8713864306784661 0.68023598820059 0.03421828908554572 0.08259587020648967
0 0.1457227138643068 0.7581120943952803 0.05191740412979351 0.04601769911504425
0 0.29174041297935105 0.7693215339233038 0.043067846607669616 0.05663716814159292
0 0.46578171091445425 0.7492625368731564 0.038348082595870206 0.058997050147492625
0 0.616519174041298 0.8182890855457227 0.11091445427728613 0.08023598820058997
0 0.752802359882006 0.8126843657817109 0.04837758112094395 0.05486725663716814
0 0.8775811209439528 0.7592920353982301 0.057227138643067846 0.08023598820058997
0 0.8893805309734513 0.93952802359882 0.05486725663716814 0.09144542772861357
0 0.7342182890855458 0.9448377581120944 0.052507374631268436 0.07492625368731563
0 0.5973451327433629 0.9330383480825959 0.03716814159292035 0.07374631268436578
0 0.459882005899705 0.8775811209439528 0.03126843657817109 0.03716814159292035
0 0.3185840707964602 0.9365781710914454 0.09321533923303835 0.05132743362831858
0 0.14188790560471976 0.9150442477876106 0.04188790560471976 0.03775811209439528
