0 0.2327433628318584 0.21710914454277286 0.17758112094395279 0.06017699115044248
0 0.3466076696165192 0.22094395280235987 0.043067846607669616 0.07964601769911504
0 0.456047197640118 0.15958702064896754 0.08023598820058997 0.13156342182890857
0 0.6100294985250737 0.15014749262536872 0.1191740412979351 0.12802359882005898
0 0.8817109144542773 0.1967551622418879 0.06666666666666667 0.05486725663716814
0 0.22418879056047197 0.3274336283185841 0.12625368731563422 0.09557522123893805
0 0.3129793510324484 0.3262536873156342 0.052507374631268436 0.049557522123893805
0 0.45722713864306785 0.33067846607669615 0.06607669616519174 0.07846607669616519
0 0.5663716814159292 0.240117994100295 0.11563421828908554 0.11799410029498525
1 0.7286135693215339 0.23067846607669618 0.025958702064896755 0.040117994100294985
0 0.7268436578171091 0.275811209439528 0.03657817109144543 0.02654867256637168
0 0.21474926253687315 0.4463126843657817 0.029498525073746312 0.05132743362831858
0 0.3368731563421829 0.4471976401179941 0.10501474926253687 0.10737463126843658
0 0.4622418879056047 0.47935103244837757 0.04896755162241888 0.043067846607669616
0 0.6091445427728613 0.40353982300884955 0.06430678466076696 0.06843657817109144
0 0.6766961651917404 0.37256637168141593 0.071976401179941 0.12684365781710916
1 0.8321533923303834 0.3056047197640118 0.04070796460176991 0.044837758112094395
0 0.8492625368731563 0.4109144542772861 0.03952802359882006 0.04070796460176991
0 0.21887905604719765 0.5728613569321533 0.03775811209439528 0.044837758112094395
0 0.32271386430678467 0.5386430678466076 0.10029498525073746 0.054277286135693215
0 0.49203539823008846 0.6044247787610619 0.06135693215339233 0.038348082595870206
0 0.6265486725663717 0.5433628318584071 0.0743362831858407 0.15221238938053097
0 0.7286135693215339 0.5882005899705015 0.0967551622418879 0.0696165191740413
0 0.8887905604719764 0.5356932153392331 0.047787610619469026 0.03421828908554572
0 0.8766961651917404 0.7209439528023599 0.044837758112094395 0.08023598820058997
1 0.7678466076696165 0.7303834808259587 0.04660766961651917 0.03421828908554572
0 0.667551622418879 0.7371681415929203 0.07256637168141593 0.0359882005899705
1 0.5023598820058996 0.7162241887905605 0.04070796460176991 0.03657817109144543
0 0.343952802359882 0.740117994100295 0.09085545722713864 0.06666666666666667
0 0.23008849557522124 0.756047197640118 0.10737463126843658 0.05368731563421829
0 0.2359882005899705 0.8256637168141593 0.06725663716814159 0.07374631268436578
0 0.3607669616519174 0.8619469026548673 0.10914454277286136 0.05545722713864307
0 0.5165191740412979 0.8651917404129793 0.12684365781710916 0.08672566371681416
0 0.6486725663716814 0.8932153392330383 0.043067846607669616 0.03775811209439528
0 0.7952802359882005 0.8365781710914454 0.06725663716814159 0.10265486725663717
1 0.8982300884955752 0.8769911504424779 0.03716814159292035 0.04070796460176991
