1 0.06401179941002949 0.1424778761061947 0.02536873156342183 0.018289085545722714
1 0.23716814159292035 0.14778761061946902 0.02831858407079646 0.023008849557522124
1 0.3787610619469026 0.143952802359882 0.03303834808259587 0.02359882005899705
1 0.5498525073746312 0.1224188790560472 0.025958702064896755 0.02536873156342183
1 0.7020648967551623 0.11622418879056047 0.03185840707964602 0.024778761061946902
1 0.8784660766961652 0.11061946902654868 0.03185840707964602 0.02182890855457227
1 0.07138643067846608 0.29852507374631265 0.03421828908554572 0.016519174041297935
1 0.24601769911504423 0.29557522123893804 0.022418879056047197 0.022418879056047197
1 0.3864306784660767 0.3008849557522124 0.03657817109144543 0.020058997050147492
1 0.5460176991150443 0.2994100294985251 0.0359882005899705 0.023008849557522124
1 0.6985250737463127 0.27876106194690264 0.035398230088495575 0.02654867256637168
1 0.8784660766961652 0.2752212389380531 0.03185840707964602 0.02064896755162242
1 0.0663716814159292 0.4498525073746313 0.027728613569321534 0.01710914454277286
1 0.23864306784660766 0.44424778761061945 0.03716814159292035 0.020058997050147492
1 0.39233038348082594 0.4451327433628319 0.02831858407079646 0.02182890855457227
1 0.5525073746312684 0.4415929203539823 0.027728613569321534 0.02182890855457227
1 0.7132743362831858 0.4365781710914454 0.030678466076696165 0.017699115044247787
1 0.8734513274336283 0.4389380530973451 0.032448377581120944 0.020058997050147492
1 0.06371681415929203 0.595575221238938 0.029498525073746312 0.024188790560471976
1 0.252212389380531 0.5864306784660767 0.02654867256637168 0.022418879056047197
1 0.3920353982300885 0.5793510324483776 0.03126843657817109 0.015339233038348082
1 0.5480825958702065 0.5755162241887906 0.03303834808259587 0.02182890855457227
1 0.7147492625368731 0.5764011799410029 0.03126843657817109 0.022418879056047197
1 0.8728613569321534 0.5823008849557522 0.03008849557522124 0.021238938053097345
1 0.06283185840707964 0.7206489675516224 0.03716814159292035 0.024188790560471976
1 0.2448377581120944 0.7194690265486725 0.027138643067846607 0.027728613569321534
1 0.3943952802359882 0.7070796460176991 0.03008849557522124 0.01710914454277286
0 0.5495575221238937 0.7032448377581121 0.03126843657817109 0.017699115044247787
1 0.7094395280235988 0.6982300884955752 0.033628318584070796 0.024188790560471976
1 0.8648967551622418 0.7053097345132743 0.020058997050147492 0.032448377581120944
1 0.8678466076696165 0.8699115044247787 0.020058997050147492 0.0359882005899705
1 0.7244837758112095 0.8345132743362832 0.027138643067846607 0.028908554572271386
1 0.5528023598820059 0.843952802359882 0.035398230088495575 0.023008849557522124
1 0.4026548672566372 0.8309734513274336 0.03008849557522124 0.03008849557522124
1 0.23480825958702065 0.8336283185840708 0.03657817109144543 0.021238938053097345
1 0.06607669616519174 0.8333333333333334 0.035398230088495575 0.01710914454277286
