0 0.15693215339233038 0.1846607669616519 0.06371681415929203 0.05309734513274336
0 0.29174041297935105 0.1625368731563422 0.08908554572271386 0.07610619469026549
0 0.5073746312684366 0.228023598820059 0.08495575221238938 0.06784660766961652
0 0.6359882005899705 0.2182890855457227 0.07551622418879056 0.08495575221238938
0 0.7749262536873156 0.1696165191740413 0.03952802359882006 0.1079646017699115
0 0.8616519174041298 0.19174041297935102 0.08436578171091445 0.05309734513274336
0 0.875221238938053 0.32182890855457225 0.043067846607669616 0.16224188790560473
0 0.6410029498525074 0.3215339233038348 0.07964601769911504 0.11799410029498525
0 0.4864306784660767 0.3935103244837758 0.04896755162241888 0.06371681415929203
0 0.3233038348082596 0.37551622418879055 0.05781710914454277 0.0584070796460177
0 0.15014749262536872 0.36578171091445427 0.0359882005899705 0.05073746312684366
0 0.15162241887905603 0.4905604719764012 0.044837758112094395 0.0855457227138643
0 0.30737463126843656 0.48436578171091443 0.03893805309734513 0.08849557522123894
0 0.4743362831858407 0.5336283185840708 0.06017699115044248 0.07374631268436578
0 0.6410029498525074 0.5353982300884955 0.052507374631268436 0.05132743362831858
0 0.7746312684365781 0.4469026548672566 0.05545722713864307 0.09970501474926254
0 0.7876106194690266 0.30737463126843656 0.05545722713864307 0.10855457227138643
0 0.8657817109144542 0.4646017699115044 0.06548672566371681 0.07610619469026549
1 0.13244837758112094 0.6176991150442478 0.043067846607669616 0.05545722713864307
0 0.31327433628318585 0.6256637168141593 0.04247787610619469 0.05368731563421829
0 0.4539823008849557 0.6746312684365782 0.06902654867256637 0.057227138643067846
0 0.6324483775811209 0.6327433628318584 0.04837758112094395 0.09852507374631268
0 0.7784660766961652 0.695575221238938 0.04542772861356932 0.12035398230088495
0 0.8734513274336283 0.6887905604719764 0.03716814159292035 0.07256637168141593
0 0.8793510324483775 0.7654867256637168 0.0607669616519174 0.07846607669616519
0 0.7569321533923303 0.8191740412979351 0.05309734513274336 0.05368731563421829
0 0.6289085545722713 0.8253687315634218 0.12743362831858407 0.05191740412979351
0 0.4672566371681416 0.7489675516224189 0.05309734513274336 0.06666666666666667
1 0.29321533923303833 0.7728613569321534 0.040117994100294985 0.05545722713864307
0 0.14129793510324484 0.7702064896755162 0.05014749262536873 0.047787610619469026
0 0.14129793510324484 0.904424778761062 0.047787610619469026 0.03657817109144543
0 0.3221238938053097 0.9368731563421828 0.1215339233038348 0.05073746312684366
1 0.46342182890855455 0.8823008849557522 0.0359882005899705 0.033628318584070796
0 0.5961651917404129 0.9233038348082596 0.052507374631268436 0.06135693215339233
0 0.7418879056047197 0.9407079646017699 0.061946902654867256 0.057227138643067846
0 0.8802359882005899 0.93952802359882 0.05073746312684366 0.09498525073746313
