1 0.06371681415929203 0.14513274336283186 0.03421828908554572 0.022418879056047197
1 0.243952802359882 0.13657817109144543 0.032448377581120944 0.01710914454277286
1 0.37610619469026546 0.1430678466076696 0.0359882005899705 0.02182890855457227
1 0.5492625368731563 0.1215339233038348 0.035398230088495575 0.027138643067846607
1 0.7011799410029499 0.11504424778761062 0.02654867256637168 0.02359882005899705
1 0.8710914454277287 0.10501474926253687 0.027728613569321534 0.027138643067846607
1 0.07345132743362831 0.2967551622418879 0.03126843657817109 0.017699115044247787
1 0.24513274336283186 0.29882005899705016 0.027728613569321534 0.01710914454277286
1 0.38348082595870203 0.3014749262536873 0.030678466076696165 0.017699115044247787
1 0.5498525073746312 0.2982300884955752 0.03303834808259587 0.023008849557522124
1 0.6985250737463127 0.2825958702064897 0.03421828908554572 0.017699115044247787
1 0.8784660766961652 0.27551622418879057 0.03303834808259587 0.022418879056047197
1 0.06519174041297934 0.4498525073746313 0.02536873156342183 0.02182890855457227
1 0.23952802359882006 0.4469026548672566 0.03657817109144543 0.02536873156342183
1 0.39144542772861357 0.44277286135693217 0.028908554572271386 0.023008849557522124
1 0.5510324483775811 0.4407079646017699 0.027138643067846607 0.01887905604719764
1 0.7132743362831858 0.4377581120943953 0.02831858407079646 0.024778761061946902
1 0.8758112094395281 0.4377581120943953 0.033628318584070796 0.024778761061946902
1 0.06430678466076696 0.5970501474926253 0.027138643067846607 0.02359882005899705
1 0.25132743362831855 0.5867256637168141 0.03421828908554572 0.02064896755162242
1 0.3943952802359882 0.5793510324483776 0.03480825958702065 0.022418879056047197
1 0.5513274336283186 0.5772861356932153 0.03126843657817109 0.019469026548672566
1 0.7132743362831858 0.5764011799410029 0.035398230088495575 0.022418879056047197
1 0.8737463126843658 0.58023598820059 0.02831858407079646 0.024188790560471976
1 0.8811209439528024 0.7126843657817109 0.03716814159292035 0.024778761061946902
1 0.7091445427728613 0.6988200589970501 0.035398230088495575 0.023008849557522124
1 0.552212389380531 0.6982300884955752 0.029498525073746312 0.02182890855457227
1 0.39410029498525073 0.7053097345132743 0.035398230088495575 0.02182890855457227
1 0.24100294985250736 0.7171091445427729 0.03480825958702065 0.02654867256637168
1 0.06342182890855458 0.719174041297935 0.033628318584070796 0.022418879056047197
1 0.0663716814159292 0.8342182890855457 0.03126843657817109 0.01887905604719764
1 0.24100294985250736 0.840117994100295 0.0359882005899705 0.021238938053097345
1 0.39764011799410026 0.8454277286135693 0.03185840707964602 0.022418879056047197
1 0.5542772861356932 0.8454277286135693 0.03126843657817109 0.01887905604719764
1 0.7227138643067846 0.8542772861356932 0.03303834808259587 0.020058997050147492
1 0.8799410029498524 0.8746312684365781 0.03008849557522124 0.03008849557522124
