1 0.10619469026548672 0.11769911504424779 0.04601769911504425 0.03480825958702065
0 0.2088495575221239 0.16017699115044248 0.0743362831858407 0.11268436578171091
0 0.3525073746312684 0.10825958702064897 0.047787610619469026 0.03952802359882006
0 0.48200589970501473 0.1359882005899705 0.12861356932153392 0.08672566371681416
0 0.6383480825958702 0.1410029498525074 0.10973451327433628 0.06489675516224189
0 0.7660766961651917 0.17787610619469027 0.06548672566371681 0.0808259587020649
0 0.7710914454277286 0.24218289085545722 0.10619469026548672 0.0607669616519174
0 0.656047197640118 0.2592920353982301 0.0943952802359882 0.06548672566371681
1 0.5020648967551622 0.2808259587020649 0.040117994100294985 0.030678466076696165
1 0.3359882005899705 0.26135693215339234 0.07846607669616519 0.03303834808259587
1 0.23215339233038348 0.2693215339233038 0.052507374631268436 0.032448377581120944
0 0.1215339233038348 0.2784660766961652 0.049557522123893805 0.07551622418879056
0 0.10973451327433628 0.46607669616519176 0.05309734513274336 0.040117994100294985
0 0.2646017699115044 0.41061946902654867 0.11032448377581121 0.0743362831858407
0 0.3769911504424779 0.456047197640118 0.07669616519174041 0.15457227138643068
1 0.5094395280235988 0.3985250737463127 0.05486725663716814 0.04424778761061947
0 0.7823008849557522 0.4253687315634218 0.040117994100294985 0.04129793510324484
0 0.6699115044247788 0.46106194690265484 0.12094395280235988 0.052507374631268436
0 0.5336283185840708 0.5182890855457227 0.04542772861356932 0.0359882005899705
0 0.6640117994100295 0.5651917404129794 0.10442477876106195 0.12861356932153392
0 0.779646017699115 0.556047197640118 0.04188790560471976 0.052507374631268436
0 0.14896755162241887 0.5914454277286135 0.04070796460176991 0.04070796460176991
0 0.32772861356932154 0.6150442477876106 0.06902654867256637 0.14690265486725662
0 0.42035398230088494 0.6050147492625368 0.10914454277286136 0.07610619469026549
1 0.16843657817109145 0.691150442477876 0.043067846607669616 0.04188790560471976
0 0.271976401179941 0.7250737463126844 0.03657817109144543 0.03303834808259587
1 0.26843657817109146 0.771976401179941 0.03185840707964602 0.04424778761061947
0 0.11179941002949853 0.8179941002949852 0.05604719764011799 0.08200589970501475
0 0.43392330383480826 0.7613569321533923 0.12920353982300886 0.12094395280235988
0 0.3873156342182891 0.8519174041297934 0.12212389380530973 0.12625368731563422
0 0.5427728613569321 0.6684365781710915 0.0696165191740413 0.0696165191740413
0 0.5451327433628319 0.8395280235988201 0.07905604719764012 0.12979351032448377
0 0.6530973451327433 0.7873156342182891 0.044837758112094395 0.07728613569321534
0 0.7651917404129793 0.7805309734513274 0.16991150442477876 0.0696165191740413
0 0.6870206489675517 0.6764011799410029 0.057227138643067846 0.05368731563421829
0 0.7740412979351032 0.668141592920354 0.11563421828908554 0.09970501474926254
