0 0.1383480825958702 0.140117994100295 0.10678466076696165 0.11268436578171091
0 0.3129793510324484 0.12920353982300886 0.1374631268436578 0.15339233038348082
0 0.5120943952802359 0.11091445427728613 0.0743362831858407 0.15339233038348082
0 0.6672566371681415 0.12595870206489676 0.08023598820058997 0.20825958702064895
0 0.8725663716814159 0.09144542772861357 0.14749262536873156 0.0967551622418879
0 0.14749262536873156 0.3168141592920354 0.09557522123893805 0.049557522123893805
0 0.3079646017699115 0.27876106194690264 0.04129793510324484 0.04896755162241888
0 0.5265486725663717 0.28525073746312685 0.15634218289085544 0.05368731563421829
0 0.6206489675516225 0.24808259587020648 0.06017699115044248 0.08908554572271386
0 0.7855457227138642 0.2519174041297935 0.2 0.08495575221238938
1 0.15368731563421828 0.403834808259587 0.02064896755162242 0.043067846607669616
0 0.3271386430678466 0.4174041297935103 0.19174041297935102 0.09262536873156342
0 0.41061946902654867 0.46342182890855455 0.05663716814159292 0.11976401179941003
0 0.4713864306784661 0.41858407079646015 0.05663716814159292 0.04188790560471976
0 0.6044247787610619 0.3958702064896755 0.09026548672566372 0.19705014749262537
0 0.7660766961651917 0.4085545722713864 0.07492625368731563 0.04424778761061947
0 0.7707964601769911 0.5548672566371682 0.08200589970501475 0.043067846607669616
1 0.6725663716814159 0.5634218289085545 0.035398230088495575 0.025958702064896755
1 0.512684365781711 0.5182890855457227 0.04601769911504425 0.024188790560471976
0 0.4176991150442478 0.5460176991150443 0.08849557522123894 0.12802359882005898
0 0.11268436578171091 0.5023598820058996 0.1215339233038348 0.08436578171091445
1 0.24513274336283186 0.5572271386430678 0.024188790560471976 0.03716814159292035
0 0.10619469026548672 0.6548672566371682 0.0943952802359882 0.18053097345132743
0 0.09705014749262536 0.7817109144542773 0.09734513274336283 0.1687315634218289
0 0.20589970501474925 0.7982300884955752 0.09085545722713864 0.1463126843657817
1 0.24955752212389382 0.6766961651917404 0.025958702064896755 0.030678466076696165
1 0.33067846607669615 0.8079646017699115 0.03008849557522124 0.024188790560471976
0 0.3864306784660767 0.6510324483775811 0.05073746312684366 0.11504424778761062
0 0.5053097345132743 0.6392330383480825 0.1882005899705015 0.05486725663716814
0 0.46342182890855455 0.8109144542772861 0.028908554572271386 0.0808259587020649
0 0.5737463126843658 0.8029498525073746 0.10324483775811209 0.11563421828908554
0 0.6289085545722713 0.6917404129793511 0.10029498525073746 0.17404129793510326
0 0.7584070796460177 0.7469026548672566 0.07964601769911504 0.1592920353982301
0 0.7495575221238938 0.6976401179941003 0.047787610619469026 0.03716814159292035
