0 0.2533923303834808 0.252212389380531 0.0584070796460177 0.16224188790560473
0 0.24985250737463127 0.3017699115044248 0.04542772861356932 0.04070796460176991
0 0.3752212389380531 0.3123893805309734 0.10265486725663717 0.17404129793510326
0 0.4014749262536873 0.184070796460177 0.14454277286135692 0.10265486725663717
0 0.536283185840708 0.19380530973451326 0.03185840707964602 0.07964601769911504
1 0.6740412979351033 0.1929203539823009 0.03008849557522124 0.03303834808259587
0 0.7905604719764012 0.2150442477876106 0.10501474926253687 0.12212389380530973
0 0.9002949852507375 0.2168141592920354 0.0920353982300885 0.16578171091445426
0 0.896165191740413 0.3471976401179941 0.09557522123893805 0.17876106194690267
1 0.7545722713864307 0.3209439528023599 0.02831858407079646 0.03185840707964602
0 0.6185840707964602 0.34749262536873154 0.05368731563421829 0.1168141592920354
0 0.5 0.3578171091445428 0.1870206489675516 0.0607669616519174
0 0.22684365781710913 0.44601769911504424 0.07610619469026549 0.03893805309734513
0 0.32654867256637166 0.42271386430678465 0.03716814159292035 0.057227138643067846
1 0.4861356932153392 0.4808259587020649 0.04247787610619469 0.025958702064896755
0 0.587315634218289 0.456047197640118 0.08672566371681416 0.1368731563421829
0 0.7495575221238938 0.4330383480825959 0.027728613569321534 0.04247787610619469
0 0.8873156342182891 0.49852507374631266 0.10973451327433628 0.08259587020648967
0 0.23097345132743363 0.5952802359882006 0.07020648967551622 0.03185840707964602
0 0.39292035398230085 0.6017699115044248 0.08849557522123894 0.18997050147492625
0 0.5268436578171092 0.5808259587020649 0.05663716814159292 0.038348082595870206
0 0.5905604719764012 0.5365781710914455 0.05545722713864307 0.11622418879056047
0 0.675811209439528 0.5849557522123894 0.1799410029498525 0.09734513274336283
1 0.8460176991150442 0.5991150442477876 0.017699115044247787 0.03480825958702065
0 0.8519174041297934 0.6873156342182891 0.08141592920353982 0.04247787610619469
0 0.6941002949852507 0.7194690265486725 0.033628318584070796 0.03716814159292035
0 0.4784660766961652 0.7185840707964601 0.15103244837758112 0.05545722713864307
0 0.3799410029498525 0.7519174041297935 0.058997050147492625 0.08790560471976401
0 0.2168141592920354 0.7613569321533923 0.19174041297935102 0.09144542772861357
0 0.13008849557522123 0.9050147492625369 0.1374631268436578 0.0920353982300885
0 0.33067846607669615 0.8828908554572271 0.05486725663716814 0.20943952802359883
0 0.48672566371681414 0.8943952802359882 0.0743362831858407 0.15693215339233038
0 0.6884955752212389 0.863716814159292 0.12389380530973451 0.1415929203539823
0 0.8628318584070797 0.851622418879056 0.09498525073746313 0.10914454277286136
