1 0.14985250737463127 0.1893805309734513 0.03303834808259587 0.020058997050147492
1 0.3058997050147493 0.19469026548672566 0.03480825958702065 0.021238938053097345
1 0.48348082595870207 0.18495575221238938 0.0359882005899705 0.023008849557522124
1 0.6297935103244837 0.18348082595870208 0.03716814159292035 0.022418879056047197
1 0.7631268436578171 0.18761061946902655 0.027728613569321534 0.022418879056047197
1 0.8755162241887906 0.18761061946902655 0.024778761061946902 0.022418879056047197
1 0.8867256637168142 0.3351032448377581 0.03303834808259587 0.02359882005899705
1 0.764306784660767 0.3303834808259587 0.03126843657817109 0.01887905604719764
1 0.6330383480825958 0.33480825958702065 0.03303834808259587 0.02654867256637168
1 0.4687315634218289 0.33893805309734515 0.028908554572271386 0.018289085545722714
1 0.30737463126843656 0.33893805309734515 0.03421828908554572 0.01592920353982301
1 0.1463126843657817 0.3351032448377581 0.03303834808259587 0.021238938053097345
1 0.14365781710914455 0.5073746312684366 0.0359882005899705 0.01887905604719764
1 0.30206489675516224 0.5035398230088496 0.03421828908554572 0.01592920353982301
1 0.45014749262536874 0.5011799410029498 0.02831858407079646 0.02182890855457227
1 0.6265486725663717 0.4946902654867257 0.029498525073746312 0.023008849557522124
1 0.7613569321533923 0.4737463126843658 0.02654867256637168 0.017699115044247787
1 0.8778761061946903 0.47227138643067845 0.02831858407079646 0.027728613569321534
1 0.1336283185840708 0.6209439528023599 0.033628318584070796 0.01710914454277286
1 0.307669616519174 0.6330383480825958 0.033628318584070796 0.020058997050147492
1 0.45191740412979353 0.6283185840707964 0.03185840707964602 0.022418879056047197
1 0.6265486725663717 0.6297935103244837 0.035398230088495575 0.019469026548672566
1 0.7646017699115044 0.6359882005899705 0.03303834808259587 0.020058997050147492
1 0.8740412979351032 0.631858407079646 0.028908554572271386 0.024778761061946902
1 0.45545722713864306 0.891740412979351 0.03303834808259587 0.01592920353982301
1 0.1410029498525074 0.7622418879056048 0.03303834808259587 0.01887905604719764
1 0.296165191740413 0.7702064896755162 0.03303834808259587 0.018289085545722714
1 0.45486725663716815 0.768141592920354 0.03775811209439528 0.021238938053097345
1 0.6026548672566372 0.7699115044247787 0.032448377581120944 0.017699115044247787
1 0.7533923303834809 0.7710914454277286 0.02831858407079646 0.021238938053097345
1 0.8766961651917404 0.7705014749262536 0.025958702064896755 0.02831858407079646
1 0.1410029498525074 0.875221238938053 0.03303834808259587 0.02536873156342183
1 0.2831858407079646 0.8828908554572271 0.03185840707964602 0.018289085545722714
1 0.6002949852507374 0.8920353982300885 0.0359882005899705 0.02359882005899705
1 0.7436578171091446 0.896165191740413 0.03716814159292035 0.020058997050147492
1 0.8908554572271387 0.8949852507374632 0.04129793510324484 0.022418879056047197
