0 0.12182890855457226 0.0584070796460177 0.05014749262536873 0.10265486725663717
0 0.2430678466076696 0.033628318584070796 0.0743362831858407 0.05663716814159292
0 0.40648967551622417 0.04129793510324484 0.06371681415929203 0.0743362831858407
0 0.6678466076696166 0.04926253687315634 0.11091445427728613 0.03716814159292035
0 0.8460176991150442 0.08289085545722713 0.040117994100294985 0.03480825958702065
0 0.8589970501474926 0.2327433628318584 0.05191740412979351 0.05132743362831858
0 0.696165191740413 0.22359882005899706 0.06135693215339233 0.0471976401179941
0 0.5162241887905604 0.2616519174041298 0.071976401179941 0.05014749262536873
0 0.3359882005899705 0.1631268436578171 0.09616519174041298 0.08790560471976401
0 0.24424778761061947 0.1855457227138643 0.054277286135693215 0.04660766961651917
0 0.11386430678466077 0.2351032448377581 0.06489675516224189 0.061946902654867256
0 0.11651917404129794 0.32448377581120946 0.05486725663716814 0.05309734513274336
0 0.19380530973451326 0.2896755162241888 0.09380530973451327 0.1191740412979351
0 0.3616519174041298 0.37669616519174043 0.06017699115044248 0.09380530973451327
0 0.5483775811209439 0.3380530973451327 0.06784660766961652 0.03657817109144543
0 0.6890855457227139 0.35339233038348083 0.04601769911504425 0.05073746312684366
0 0.3616519174041298 0.4666666666666667 0.044837758112094395 0.04247787610619469
0 0.5297935103244837 0.46932153392330384 0.05191740412979351 0.06312684365781711
0 0.6935103244837758 0.5150442477876106 0.033628318584070796 0.08613569321533923
0 0.8643067846607669 0.3817109144542773 0.03185840707964602 0.05309734513274336
0 0.8436578171091446 0.5097345132743363 0.04247787610619469 0.05781710914454277
0 0.12890855457227138 0.532448377581121 0.0831858407079646 0.0808259587020649
0 0.19793510324483776 0.56047197640118 0.0855457227138643 0.08731563421828908
0 0.07581120943952802 0.6539823008849558 0.12212389380530973 0.1433628318584071
0 0.4864306784660767 0.6014749262536873 0.06548672566371681 0.052507374631268436
0 0.6799410029498525 0.6309734513274337 0.052507374631268436 0.05368731563421829
0 0.8477876106194691 0.6268436578171092 0.03775811209439528 0.04542772861356932
0 0.22123893805309736 0.6784660766961652 0.04601769911504425 0.08849557522123894
0 0.3640117994100295 0.6970501474926254 0.06489675516224189 0.0607669616519174
0 0.13392330383480827 0.8029498525073746 0.07079646017699115 0.03775811209439528
0 0.19793510324483776 0.8283185840707965 0.08790560471976401 0.07669616519174041
0 0.36666666666666664 0.783480825958702 0.03480825958702065 0.08377581120943953
0 0.5029498525073747 0.784070796460177 0.05604719764011799 0.04247787610619469
0 0.703834808259587 0.8362831858407079 0.08023598820058997 0.052507374631268436
0 0.8463126843657817 0.815929203539823 0.05486725663716814 0.05073746312684366
1 0.5327433628318584 0.11710914454277285 0.03775811209439528 0.04424778761061947
