1 0.1415929203539823 0.12477876106194691 0.040117994100294985 0.02182890855457227
1 0.28348082595870205 0.115929203539823 0.03480825958702065 0.02654867256637168
1 0.4539823008849557 0.10825958702064897 0.028908554572271386 0.019469026548672566
1 0.5997050147492625 0.11091445427728613 0.032448377581120944 0.020058997050147492
1 0.7427728613569321 0.10501474926253687 0.030678466076696165 0.01887905604719764
1 0.8864306784660767 0.10294985250737462 0.03126843657817109 0.018289085545722714
1 0.1383480825958702 0.23480825958702065 0.03126843657817109 0.01887905604719764
1 0.29321533923303833 0.22743362831858407 0.03303834808259587 0.01710914454277286
1 0.45309734513274336 0.23097345132743363 0.03657817109144543 0.019469026548672566
1 0.603834808259587 0.2271386430678466 0.03126843657817109 0.020058997050147492
1 0.755457227138643 0.23097345132743363 0.03008849557522124 0.02536873156342183
1 0.8755162241887906 0.22890855457227138 0.03421828908554572 0.02359882005899705
1 0.13392330383480827 0.37728613569321534 0.03303834808259587 0.01710914454277286
1 0.30619469026548674 0.3631268436578171 0.03303834808259587 0.02064896755162242
1 0.45250737463126844 0.36902654867256635 0.03657817109144543 0.02064896755162242
1 0.6274336283185841 0.3687315634218289 0.03008849557522124 0.020058997050147492
1 0.7616519174041297 0.3607669616519174 0.03303834808259587 0.02182890855457227
1 0.8746312684365781 0.36666666666666664 0.028908554572271386 0.018289085545722714
1 0.14129793510324484 0.4911504424778761 0.03126843657817109 0.01592920353982301
1 0.3014749262536873 0.49616519174041296 0.03775811209439528 0.025958702064896755
1 0.45132743362831856 0.4994100294985251 0.03303834808259587 0.02536873156342183
1 0.6274336283185841 0.5073746312684366 0.033628318584070796 0.025958702064896755
1 0.7616519174041297 0.5256637168141592 0.03421828908554572 0.020058997050147492
1 0.8793510324483775 0.5262536873156343 0.02654867256637168 0.022418879056047197
1 0.8852507374631269 0.6637168141592921 0.03008849557522124 0.020058997050147492
1 0.7660766961651917 0.6690265486725664 0.028908554572271386 0.020058997050147492
1 0.6336283185840708 0.6625368731563421 0.03421828908554572 0.016519174041297935
1 0.4696165191740413 0.6604719764011799 0.030678466076696165 0.01710914454277286
1 0.3056047197640118 0.6569321533923304 0.030678466076696165 0.02182890855457227
1 0.1454277286135693 0.6613569321533923 0.032448377581120944 0.01887905604719764
1 0.14660766961651917 0.8094395280235989 0.028908554572271386 0.01887905604719764
1 0.3047197640117994 0.8032448377581121 0.028908554572271386 0.02064896755162242
1 0.48731563421828905 0.8132743362831858 0.03303834808259587 0.023008849557522124
1 0.6256637168141593 0.8132743362831858 0.033628318584070796 0.01710914454277286
1 0.7610619469026548 0.8100294985250738 0.030678466076696165 0.017699115044247787
1 0.8755162241887906 0.8088495575221238 0.03185840707964602 0.01415929203539823
