1 0.059882005899705014 0.1463126843657817 0.032448377581120944 0.024778761061946902
1 0.17374631268436577 0.18584070796460178 0.032448377581120944 0.03303834808259587
0 0.35516224188790557 0.16843657817109145 0.024778761061946902 0.04188790560471976
1 0.5224188790560472 0.1392330383480826 0.032448377581120944 0.01887905604719764
1 0.7002949852507374 0.11887905604719765 0.02831858407079646 0.032448377581120944
1 0.8536873156342183 0.08200589970501475 0.029498525073746312 0.030678466076696165
1 0.8743362831858407 0.3005899705014749 0.03657817109144543 0.03126843657817109
0 0.6646017699115044 0.3070796460176991 0.02536873156342183 0.047787610619469026
0 0.543952802359882 0.28348082595870205 0.04129793510324484 0.0359882005899705
1 0.3728613569321534 0.33893805309734515 0.03303834808259587 0.03480825958702065
1 0.21799410029498525 0.3333333333333333 0.02654867256637168 0.03657817109144543
1 0.06696165191740414 0.3182890855457227 0.033628318584070796 0.028908554572271386
1 0.05929203539823009 0.45545722713864306 0.023008849557522124 0.02359882005899705
1 0.22595870206489677 0.43392330383480826 0.020058997050147492 0.04896755162241888
1 0.37138643067846605 0.46135693215339235 0.02536873156342183 0.03657817109144543
1 0.547787610619469 0.44424778761061945 0.02654867256637168 0.027138643067846607
1 0.7097345132743362 0.4368731563421829 0.024778761061946902 0.024188790560471976
0 0.8607669616519174 0.46578171091445425 0.03893805309734513 0.03716814159292035
0 0.855457227138643 0.5581120943952802 0.02831858407079646 0.03657817109144543
0 0.7029498525073746 0.5976401179941003 0.03008849557522124 0.03657817109144543
1 0.5474926253687316 0.5784660766961652 0.027138643067846607 0.02536873156342183
1 0.39410029498525073 0.5796460176991151 0.03185840707964602 0.02182890855457227
1 0.24778761061946902 0.5932153392330384 0.027138643067846607 0.02182890855457227
1 0.06017699115044248 0.591740412979351 0.03185840707964602 0.030678466076696165
0 0.07817109144542772 0.7014749262536873 0.03480825958702065 0.035398230088495575
1 0.2581120943952802 0.6979351032448378 0.03716814159292035 0.030678466076696165
1 0.3887905604719764 0.7141592920353982 0.04247787610619469 0.03480825958702065
1 0.5424778761061947 0.712094395280236 0.0359882005899705 0.03775811209439528
0 0.7088495575221239 0.7091445427728613 0.03716814159292035 0.03303834808259587
1 0.8660766961651918 0.7058997050147493 0.022418879056047197 0.03126843657817109
1 0.8855457227138643 0.876401179941003 0.029498525073746312 0.032448377581120944
1 0.6967551622418879 0.8557522123893805 0.021238938053097345 0.04660766961651917
0 0.5492625368731563 0.8663716814159292 0.035398230088495575 0.04424778761061947
1 0.40914454277286133 0.8117994100294985 0.03480825958702065 0.03893805309734513
1 0.2584070796460177 0.8300884955752212 0.029498525073746312 0.04601769911504425
1 0.06725663716814159 0.8333333333333334 0.04247787610619469 0.03716814159292035
