0 0.12035398230088495 0.05545722713864307 0.05191740412979351 0.10029498525073746
0 0.24985250737463127 0.05368731563421829 0.07256637168141593 0.0471976401179941
0 0.4056047197640118 0.05752212389380531 0.05014749262536873 0.07256637168141593
0 0.5345132743362832 0.11651917404129794 0.03657817109144543 0.043067846607669616
0 0.6572271386430678 0.06283185840707964 0.12743362831858407 0.05958702064896755
0 0.8533923303834808 0.10353982300884956 0.04070796460176991 0.04188790560471976
0 0.8628318584070797 0.22536873156342183 0.06548672566371681 0.071976401179941
0 0.6970501474926254 0.22418879056047197 0.06312684365781711 0.04129793510324484
0 0.3454277286135693 0.17050147492625367 0.11150442477876106 0.06725663716814159
0 0.24749262536873157 0.187905604719764 0.0584070796460177 0.043067846607669616
0 0.11769911504424779 0.2345132743362832 0.06666666666666667 0.06430678466076696
0 0.12625368731563422 0.3215339233038348 0.04837758112094395 0.05545722713864307
0 0.2088495575221239 0.30117994100294987 0.058997050147492625 0.12330383480825959
0 0.363716814159292 0.368141592920354 0.05604719764011799 0.10265486725663717
0 0.5271386430678466 0.2592920353982301 0.07964601769911504 0.05604719764011799
0 0.543952802359882 0.3351032448377581 0.07079646017699115 0.04247787610619469
0 0.6902654867256637 0.36902654867256635 0.054277286135693215 0.04660766961651917
1 0.8669616519174042 0.3811209439528024 0.03952802359882006 0.05545722713864307
0 0.8466076696165191 0.5132743362831859 0.03775811209439528 0.071976401179941
0 0.691150442477876 0.5144542772861357 0.027728613569321534 0.09085545722713864
0 0.5300884955752212 0.4696165191740413 0.05368731563421829 0.06607669616519174
0 0.35811209439528024 0.463716814159292 0.05191740412979351 0.044837758112094395
0 0.13008849557522123 0.5321533923303835 0.07846607669616519 0.08023598820058997
0 0.215929203539823 0.5483775811209439 0.06843657817109144 0.10678466076696165
0 0.10648967551622418 0.6528023598820059 0.052507374631268436 0.1457227138643068
0 0.22684365781710913 0.684070796460177 0.04070796460176991 0.10088495575221239
0 0.3631268436578171 0.6935103244837758 0.06312684365781711 0.057227138643067846
0 0.49498525073746313 0.6005899705014749 0.05545722713864307 0.05545722713864307
0 0.679646017699115 0.6200589970501474 0.054277286135693215 0.05073746312684366
0 0.8477876106194691 0.6327433628318584 0.03657817109144543 0.05486725663716814
0 0.13539823008849558 0.8061946902654867 0.07728613569321534 0.04660766961651917
0 0.20412979351032448 0.8339233038348083 0.07079646017699115 0.09380530973451327
0 0.36902654867256635 0.7831858407079646 0.038348082595870206 0.0831858407079646
0 0.5076696165191741 0.7755162241887905 0.0584070796460177 0.05486725663716814
0 0.7023598820058997 0.8362831858407079 0.07728613569321534 0.06902654867256637
0 0.8457227138643068 0.8185840707964601 0.05368731563421829 0.05368731563421829
