0 0.18849557522123894 0.20147492625368732 0.13392330383480827 0.0831858407079646
0 0.32595870206489674 0.17227138643067846 0.09144542772861357 0.10855457227138643
0 0.5463126843657817 0.16047197640117994 0.15103244837758112 0.07905604719764012
0 0.6938053097345133 0.1887905604719764 0.13333333333333333 0.06253687315634218
0 0.7126843657817109 0.11179941002949853 0.09321533923303835 0.1303834808259587
0 0.7079646017699115 0.240117994100295 0.19233038348082596 0.08613569321533923
0 0.5952802359882006 0.30029498525073745 0.04247787610619469 0.08259587020648967
0 0.5501474926253688 0.307669616519174 0.21179941002949854 0.10914454277286136
0 0.7353982300884956 0.35162241887905604 0.09262536873156342 0.044837758112094395
0 0.15575221238938053 0.3415929203539823 0.07079646017699115 0.0696165191740413
0 0.20471976401179942 0.2702064896755162 0.05545722713864307 0.13215339233038348
0 0.30206489675516224 0.29882005899705016 0.10147492625368731 0.1893805309734513
0 0.4061946902654867 0.3949852507374631 0.07138643067846608 0.11622418879056047
0 0.5672566371681416 0.4271386430678466 0.21297935103244836 0.04837758112094395
0 0.4790560471976401 0.4374631268436578 0.05191740412979351 0.02654867256637168
1 0.07699115044247787 0.4943952802359882 0.028908554572271386 0.022418879056047197
0 0.17020648967551621 0.5342182890855457 0.0855457227138643 0.10442477876106195
0 0.2628318584070796 0.5513274336283186 0.11386430678466077 0.1823008849557522
0 0.33539823008849556 0.43864306784660767 0.10088495575221239 0.11740412979351032
0 0.46755162241887904 0.5035398230088496 0.16814159292035397 0.05604719764011799
0 0.6938053097345133 0.5094395280235988 0.04837758112094395 0.07256637168141593
0 0.6421828908554572 0.5404129793510324 0.02654867256637168 0.06843657817109144
0 0.5286135693215339 0.5905604719764012 0.15103244837758112 0.10265486725663717
0 0.1480825958702065 0.6374631268436578 0.14277286135693215 0.1410029498525074
0 0.26253687315634217 0.6914454277286135 0.08141592920353982 0.10147492625368731
0 0.3855457227138643 0.667551622418879 0.05132743362831858 0.13864306784660768
0 0.5932153392330384 0.6368731563421829 0.16814159292035397 0.07020648967551622
0 0.7321533923303835 0.6513274336283186 0.09085545722713864 0.11327433628318584
0 0.6775811209439528 0.7873156342182891 0.08908554572271386 0.15634218289085544
0 0.5805309734513274 0.7501474926253687 0.16519174041297935 0.14926253687315633
0 0.459882005899705 0.8044247787610619 0.0359882005899705 0.07374631268436578
0 0.2831858407079646 0.831858407079646 0.07905604719764012 0.09321533923303835
1 0.32772861356932154 0.8023598820058997 0.024188790560471976 0.025958702064896755
0 0.09056047197640119 0.7837758112094395 0.06902654867256637 0.17522123893805308
