0 0.12064896755162241 0.05545722713864307 0.05132743362831858 0.08613569321533923
0 0.2604719764011799 0.05221238938053097 0.05604719764011799 0.057227138643067846
0 0.4008849557522124 0.0743362831858407 0.043067846607669616 0.06253687315634218
0 0.5368731563421829 0.11976401179941003 0.029498525073746312 0.035398230088495575
0 0.6769911504424778 0.06135693215339233 0.11386430678466077 0.04247787610619469
1 0.8533923303834808 0.09233038348082595 0.038348082595870206 0.027728613569321534
0 0.8551622418879056 0.2345132743362832 0.052507374631268436 0.05014749262536873
0 0.7070796460176991 0.22920353982300884 0.047787610619469026 0.047787610619469026
0 0.5327433628318584 0.25722713864306784 0.049557522123893805 0.05191740412979351
0 0.3743362831858407 0.18259587020648968 0.12566371681415928 0.04542772861356932
0 0.24660766961651917 0.17876106194690267 0.05073746312684366 0.05545722713864307
0 0.11799410029498525 0.24100294985250736 0.05073746312684366 0.07610619469026549
0 0.12595870206489676 0.3153392330383481 0.033628318584070796 0.07256637168141593
0 0.22890855457227138 0.3153392330383481 0.05073746312684366 0.13156342182890857
0 0.3654867256637168 0.3648967551622419 0.05132743362831858 0.09380530973451327
0 0.5466076696165192 0.32536873156342183 0.06902654867256637 0.05486725663716814
0 0.6861356932153392 0.3752212389380531 0.040117994100294985 0.054277286135693215
0 0.8660766961651918 0.38200589970501475 0.03657817109144543 0.047787610619469026
0 0.8469026548672566 0.5112094395280236 0.03716814159292035 0.07846607669616519
0 0.6943952802359882 0.5162241887905604 0.02831858407079646 0.08377581120943953
0 0.5277286135693215 0.4607669616519174 0.05604719764011799 0.0743362831858407
0 0.36047197640117995 0.46755162241887904 0.05309734513274336 0.052507374631268436
0 0.22772861356932153 0.5513274336283186 0.058997050147492625 0.10206489675516224
0 0.1351032448377581 0.5365781710914455 0.06371681415929203 0.07138643067846608
0 0.12330383480825959 0.6820058997050147 0.0471976401179941 0.15457227138643068
0 0.21327433628318584 0.6920353982300885 0.057227138643067846 0.10029498525073746
0 0.3705014749262537 0.6784660766961652 0.04601769911504425 0.08731563421828908
0 0.5141592920353982 0.6053097345132743 0.04188790560471976 0.05781710914454277
0 0.6837758112094395 0.6212389380530974 0.04601769911504425 0.05545722713864307
0 0.8486725663716814 0.6327433628318584 0.04070796460176991 0.04896755162241888
0 0.13864306784660768 0.8064896755162242 0.08377581120943953 0.04365781710914454
0 0.22359882005899706 0.8292035398230089 0.025958702064896755 0.10206489675516224
0 0.3687315634218289 0.7864306784660767 0.03657817109144543 0.07315634218289085
0 0.4964601769911504 0.7705014749262536 0.07846607669616519 0.06489675516224189
0 0.7017699115044248 0.8445427728613569 0.07728613569321534 0.07374631268436578
0 0.8407079646017699 0.8309734513274336 0.044837758112094395 0.06666666666666667
