1 0.11002949852507374 0.10235988200589971 0.04188790560471976 0.023008849557522124
1 0.2519174041297935 0.10176991150442477 0.035398230088495575 0.02064896755162242
1 0.3997050147492625 0.1056047197640118 0.033628318584070796 0.02359882005899705
1 0.5412979351032449 0.10589970501474927 0.0359882005899705 0.01710914454277286
1 0.7135693215339233 0.11563421828908554 0.03126843657817109 0.027138643067846607
1 0.8613569321533923 0.12212389380530973 0.03775811209439528 0.020058997050147492
1 0.8607669616519174 0.2345132743362832 0.03893805309734513 0.027728613569321534
1 0.7050147492625368 0.22684365781710913 0.03893805309734513 0.019469026548672566
1 0.5451327433628319 0.22772861356932153 0.03657817109144543 0.024778761061946902
1 0.3949852507374631 0.22920353982300884 0.032448377581120944 0.023008849557522124
1 0.2430678466076696 0.22772861356932153 0.02831858407079646 0.015339233038348082
1 0.12123893805309735 0.22625368731563422 0.027728613569321534 0.028908554572271386
1 0.12418879056047197 0.3663716814159292 0.028908554572271386 0.022418879056047197
1 0.2365781710914454 0.36047197640117995 0.03421828908554572 0.017699115044247787
1 0.3722713864306785 0.3696165191740413 0.030678466076696165 0.018289085545722714
1 0.547787610619469 0.36843657817109143 0.033628318584070796 0.02182890855457227
1 0.6884955752212389 0.36666666666666664 0.03303834808259587 0.019469026548672566
1 0.8643067846607669 0.3752212389380531 0.03303834808259587 0.015339233038348082
1 0.8545722713864307 0.4896755162241888 0.03716814159292035 0.021238938053097345
1 0.699410029498525 0.4935103244837758 0.03716814159292035 0.014749262536873156
1 0.5474926253687316 0.49557522123893805 0.03421828908554572 0.024778761061946902
1 0.3702064896755162 0.5050147492625369 0.0359882005899705 0.021238938053097345
1 0.23628318584070795 0.5262536873156343 0.03008849557522124 0.022418879056047197
1 0.12094395280235988 0.5218289085545723 0.02359882005899705 0.027728613569321534
1 0.115929203539823 0.6587020648967552 0.02654867256637168 0.02536873156342183
1 0.231858407079646 0.6657817109144543 0.03421828908554572 0.019469026548672566
1 0.36607669616519173 0.6634218289085546 0.03126843657817109 0.027728613569321534
1 0.5265486725663717 0.6589970501474927 0.03008849557522124 0.01887905604719764
1 0.6908554572271386 0.6613569321533923 0.03185840707964602 0.022418879056047197
1 0.8575221238938053 0.6637168141592921 0.03952802359882006 0.020058997050147492
1 0.8474926253687316 0.8082595870206489 0.03480825958702065 0.021238938053097345
1 0.6914454277286135 0.8041297935103244 0.03657817109144543 0.020058997050147492
1 0.5144542772861357 0.8132743362831858 0.03893805309734513 0.02064896755162242
1 0.3740412979351032 0.8141592920353982 0.03421828908554572 0.024778761061946902
1 0.23805309734513275 0.8082595870206489 0.03952802359882006 0.022418879056047197
1 0.12212389380530973 0.8100294985250738 0.029498525073746312 0.017699115044247787
