0 0.115929203539823 0.055162241887905604 0.05368731563421829 0.08672566371681416
0 0.25958702064896755 0.054277286135693215 0.054277286135693215 0.058997050147492625
0 0.40471976401179943 0.071976401179941 0.035398230088495575 0.07079646017699115
1 0.5342182890855457 0.11976401179941003 0.0359882005899705 0.035398230088495575
0 0.6799410029498525 0.06047197640117994 0.10914454277286136 0.047787610619469026
1 0.852212389380531 0.0911504424778761 0.03952802359882006 0.028908554572271386
0 0.8569321533923304 0.22654867256637168 0.05486725663716814 0.04601769911504425
1 0.707669616519174 0.22772861356932153 0.04542772861356932 0.05073746312684366
0 0.5309734513274336 0.25663716814159293 0.044837758112094395 0.05309734513274336
0 0.37315634218289084 0.18023598820058997 0.11504424778761062 0.04542772861356932
0 0.24188790560471976 0.1808259587020649 0.04837758112094395 0.05368731563421829
0 0.11799410029498525 0.2351032448377581 0.04247787610619469 0.06666666666666667
0 0.12743362831858407 0.3126843657817109 0.03421828908554572 0.07315634218289085
0 0.22743362831858407 0.3056047197640118 0.04424778761061947 0.1168141592920354
0 0.3710914454277286 0.363716814159292 0.05191740412979351 0.1056047197640118
0 0.5348082595870206 0.3297935103244838 0.08200589970501475 0.0696165191740413
0 0.6908554572271386 0.3746312684365782 0.04601769911504425 0.06017699115044248
1 0.8746312684365781 0.37905604719764013 0.04660766961651917 0.061946902654867256
0 0.347787610619469 0.471976401179941 0.07964601769911504 0.05781710914454277
0 0.5253687315634218 0.46814159292035395 0.06430678466076696 0.07138643067846608
0 0.6970501474926254 0.5171091445427729 0.0359882005899705 0.08790560471976401
0 0.8530973451327434 0.5132743362831859 0.04247787610619469 0.08259587020648967
0 0.22241887905604718 0.5533923303834808 0.049557522123893805 0.10147492625368731
0 0.13451327433628318 0.5377581120943953 0.06489675516224189 0.06784660766961652
0 0.13008849557522123 0.6799410029498525 0.05368731563421829 0.1528023598820059
0 0.2103244837758112 0.6908554572271386 0.0584070796460177 0.10029498525073746
0 0.36843657817109143 0.6764011799410029 0.04424778761061947 0.09026548672566372
0 0.5117994100294985 0.6076696165191741 0.05958702064896755 0.06607669616519174
0 0.6828908554572272 0.6212389380530974 0.032448377581120944 0.049557522123893805
0 0.8545722713864307 0.6339233038348082 0.05014749262536873 0.052507374631268436
0 0.8362831858407079 0.8256637168141593 0.03716814159292035 0.05958702064896755
0 0.7032448377581121 0.8392330383480826 0.08023598820058997 0.07492625368731563
0 0.5002949852507375 0.7657817109144542 0.06017699115044248 0.05545722713864307
0 0.37079646017699114 0.7817109144542773 0.03716814159292035 0.07315634218289085
0 0.22743362831858407 0.8247787610619469 0.032448377581120944 0.10147492625368731
0 0.13569321533923304 0.800589970501475 0.08259587020648967 0.04601769911504425
