1 0.06578171091445428 0.143952802359882 0.03008849557522124 0.017699115044247787
1 0.2368731563421829 0.14690265486725662 0.032448377581120944 0.021238938053097345
1 0.3769911504424779 0.14188790560471976 0.03303834808259587 0.019469026548672566
1 0.5501474926253688 0.12300884955752212 0.028908554572271386 0.02654867256637168
1 0.7035398230088495 0.11769911504424779 0.03008849557522124 0.02182890855457227
1 0.8772861356932153 0.1079646017699115 0.030678466076696165 0.021238938053097345
1 0.8802359882005899 0.275811209439528 0.03775811209439528 0.02182890855457227
1 0.7002949852507374 0.2820058997050148 0.030678466076696165 0.02359882005899705
1 0.5480825958702065 0.30029498525073745 0.03303834808259587 0.01887905604719764
1 0.38495575221238937 0.30324483775811206 0.033628318584070796 0.021238938053097345
1 0.24660766961651917 0.2967551622418879 0.022418879056047197 0.024778761061946902
1 0.07138643067846608 0.3 0.03185840707964602 0.018289085545722714
1 0.06312684365781711 0.45073746312684365 0.024778761061946902 0.011799410029498525
1 0.2415929203539823 0.443952802359882 0.032448377581120944 0.02182890855457227
1 0.3911504424778761 0.4421828908554572 0.025958702064896755 0.024188790560471976
1 0.552212389380531 0.4424778761061947 0.029498525073746312 0.022418879056047197
1 0.7144542772861356 0.43716814159292033 0.02831858407079646 0.021238938053097345
1 0.8769911504424779 0.4374631268436578 0.03008849557522124 0.024188790560471976
1 0.8725663716814159 0.5811209439528023 0.02831858407079646 0.025958702064896755
1 0.7138643067846607 0.5775811209439528 0.029498525073746312 0.024778761061946902
1 0.5501474926253688 0.5772861356932153 0.03008849557522124 0.023008849557522124
1 0.39469026548672564 0.5787610619469027 0.035398230088495575 0.020058997050147492
1 0.25014749262536873 0.5855457227138643 0.029498525073746312 0.018289085545722714
1 0.06165191740412979 0.5946902654867257 0.033628318584070796 0.029498525073746312
1 0.06489675516224189 0.7209439528023599 0.03303834808259587 0.024778761061946902
1 0.24542772861356932 0.7179941002949852 0.029498525073746312 0.025958702064896755
1 0.396165191740413 0.7079646017699115 0.03126843657817109 0.022418879056047197
1 0.5507374631268437 0.7029498525073746 0.023008849557522124 0.01710914454277286
1 0.7061946902654868 0.6991150442477876 0.03185840707964602 0.020058997050147492
1 0.8643067846607669 0.7064896755162242 0.01887905604719764 0.033628318584070796
1 0.8660766961651918 0.8684365781710914 0.021238938053097345 0.02831858407079646
1 0.7253687315634219 0.8321533923303834 0.02536873156342183 0.02654867256637168
1 0.5530973451327433 0.8442477876106195 0.03126843657817109 0.020058997050147492
1 0.40530973451327434 0.8300884955752212 0.029498525073746312 0.022418879056047197
1 0.2327433628318584 0.8342182890855457 0.03008849557522124 0.01887905604719764
1 0.06312684365781711 0.8312684365781711 0.03657817109144543 0.01887905604719764
