0 0.13303834808259588 0.14424778761061946 0.10206489675516224 0.10442477876106195
0 0.30855457227138644 0.13480825958702064 0.12979351032448377 0.15162241887905603
0 0.5123893805309735 0.10117994100294986 0.07256637168141593 0.1528023598820059
0 0.6731563421828909 0.11651917404129794 0.054277286135693215 0.21061946902654866
0 0.8648967551622418 0.10058997050147492 0.13569321533923304 0.09852507374631268
0 0.14690265486725662 0.32271386430678467 0.07315634218289085 0.06371681415929203
0 0.30737463126843656 0.2799410029498525 0.030678466076696165 0.04070796460176991
0 0.5262536873156343 0.28171091445427726 0.1463126843657817 0.061946902654867256
0 0.6209439528023599 0.2374631268436578 0.05014749262536873 0.07020648967551622
0 0.7858407079646017 0.22566371681415928 0.1911504424778761 0.07728613569321534
0 0.7678466076696165 0.39941002949852505 0.07374631268436578 0.03185840707964602
0 0.6041297935103245 0.4 0.08731563421828908 0.1935103244837758
0 0.47581120943952804 0.4191740412979351 0.05132743362831858 0.033628318584070796
1 0.5094395280235988 0.5168141592920354 0.04660766961651917 0.02359882005899705
1 0.15221238938053097 0.40176991150442476 0.01887905604719764 0.035398230088495575
0 0.1135693215339233 0.5011799410029498 0.11032448377581121 0.08672566371681416
0 0.32123893805309733 0.4135693215339233 0.18348082595870208 0.09557522123893805
0 0.41327433628318583 0.46106194690265484 0.06312684365781711 0.11858407079646018
0 0.25250737463126843 0.563716814159292 0.040117994100294985 0.04424778761061947
0 0.4176991150442478 0.5401179941002949 0.08613569321533923 0.1303834808259587
0 0.5020648967551622 0.6356932153392331 0.19233038348082596 0.05132743362831858
0 0.6743362831858407 0.5734513274336284 0.03185840707964602 0.0471976401179941
0 0.7761061946902654 0.5536873156342182 0.07610619469026549 0.04070796460176991
0 0.10206489675516224 0.6619469026548672 0.10265486725663717 0.1887905604719764
1 0.24631268436578171 0.6752212389380531 0.024188790560471976 0.03008849557522124
0 0.3817109144542773 0.6575221238938053 0.03893805309734513 0.11150442477876106
0 0.09970501474926254 0.7849557522123893 0.0967551622418879 0.16932153392330385
0 0.20943952802359883 0.7837758112094395 0.10265486725663717 0.11976401179941003
1 0.32654867256637166 0.8023598820058997 0.02654867256637168 0.02831858407079646
0 0.4607669616519174 0.8073746312684366 0.022418879056047197 0.08200589970501475
0 0.6017699115044248 0.8162241887905605 0.15221238938053097 0.09380530973451327
0 0.6303834808259587 0.6890855457227139 0.09026548672566372 0.15811209439528023
0 0.7380530973451327 0.747197640117994 0.09085545722713864 0.15634218289085544
0 0.7498525073746313 0.6997050147492625 0.04601769911504425 0.0471976401179941
