1 0.11061946902654868 0.10324483775811209 0.04542772861356932 0.020058997050147492
1 0.2581120943952802 0.1056047197640118 0.0359882005899705 0.025958702064896755
1 0.39705014749262535 0.10914454277286136 0.03303834808259587 0.027138643067846607
1 0.5433628318584071 0.10766961651917403 0.03303834808259587 0.02182890855457227
1 0.7117994100294985 0.11740412979351032 0.03716814159292035 0.022418879056047197
1 0.8607669616519174 0.12595870206489676 0.03421828908554572 0.02064896755162242
1 0.8607669616519174 0.2342182890855457 0.03185840707964602 0.024778761061946902
1 0.703834808259587 0.22890855457227138 0.03775811209439528 0.024778761061946902
1 0.5424778761061947 0.2294985250737463 0.0359882005899705 0.02359882005899705
1 0.3935103244837758 0.2303834808259587 0.035398230088495575 0.02536873156342183
1 0.24513274336283186 0.22979351032448378 0.02654867256637168 0.019469026548672566
1 0.12300884955752212 0.22890855457227138 0.03480825958702065 0.021238938053097345
1 0.12212389380530973 0.3663716814159292 0.030678466076696165 0.020058997050147492
1 0.2336283185840708 0.35811209439528024 0.03185840707964602 0.021238938053097345
1 0.3722713864306785 0.36666666666666664 0.035398230088495575 0.02064896755162242
1 0.5474926253687316 0.3702064896755162 0.03893805309734513 0.02182890855457227
1 0.692330383480826 0.3607669616519174 0.03480825958702065 0.02182890855457227
1 0.8678466076696165 0.375811209439528 0.03421828908554572 0.015339233038348082
1 0.8551622418879056 0.49085545722713864 0.038348082595870206 0.022418879056047197
1 0.6982300884955752 0.4941002949852507 0.033628318584070796 0.02182890855457227
1 0.5471976401179941 0.4976401179941003 0.0359882005899705 0.023008849557522124
1 0.368141592920354 0.5053097345132743 0.03421828908554572 0.019469026548672566
1 0.23628318584070795 0.523598820058997 0.032448377581120944 0.024188790560471976
1 0.11976401179941003 0.5247787610619469 0.03185840707964602 0.028908554572271386
1 0.11445427728613569 0.6610619469026549 0.03303834808259587 0.019469026548672566
1 0.2342182890855457 0.6654867256637168 0.03303834808259587 0.02359882005899705
1 0.36696165191740415 0.6613569321533923 0.03303834808259587 0.029498525073746312
1 0.5300884955752212 0.659882005899705 0.03126843657817109 0.02064896755162242
1 0.6935103244837758 0.6587020648967552 0.03716814159292035 0.02064896755162242
1 0.8551622418879056 0.6613569321533923 0.03952802359882006 0.022418879056047197
1 0.8492625368731563 0.8094395280235989 0.032448377581120944 0.01887905604719764
1 0.6926253687315634 0.8047197640117993 0.035398230088495575 0.01415929203539823
1 0.5168141592920354 0.8141592920353982 0.04129793510324484 0.021238938053097345
1 0.3740412979351032 0.8138643067846607 0.040117994100294985 0.02182890855457227
1 0.23893805309734512 0.8088495575221238 0.03185840707964602 0.022418879056047197
1 0.1224188790560472 0.807669616519174 0.03008849557522124 0.021238938053097345
