1 0.10943952802359883 0.10412979351032448 0.033628318584070796 0.02182890855457227
1 0.2587020648967552 0.10206489675516224 0.0359882005899705 0.020058997050147492
1 0.39941002949852505 0.10678466076696165 0.03185840707964602 0.01415929203539823
1 0.5427728613569321 0.10648967551622418 0.03185840707964602 0.023008849557522124
1 0.7153392330383481 0.11327433628318584 0.028908554572271386 0.024778761061946902
1 0.8592920353982301 0.12536873156342182 0.0359882005899705 0.019469026548672566
1 0.8589970501474926 0.2312684365781711 0.035398230088495575 0.024778761061946902
1 0.7064896755162242 0.22861356932153393 0.0359882005899705 0.02182890855457227
1 0.5427728613569321 0.22920353982300884 0.029498525073746312 0.02182890855457227
1 0.39410029498525073 0.22595870206489677 0.03185840707964602 0.024778761061946902
1 0.2448377581120944 0.22566371681415928 0.027138643067846607 0.02182890855457227
1 0.1215339233038348 0.22743362831858407 0.03657817109144543 0.02536873156342183
1 0.12330383480825959 0.368141592920354 0.03303834808259587 0.025958702064896755
1 0.23392330383480825 0.35811209439528024 0.03126843657817109 0.02359882005899705
1 0.3705014749262537 0.3648967551622419 0.03303834808259587 0.024188790560471976
1 0.5448377581120943 0.3710914454277286 0.03126843657817109 0.024778761061946902
1 0.6917404129793511 0.363716814159292 0.032448377581120944 0.02064896755162242
1 0.8672566371681416 0.37728613569321534 0.03893805309734513 0.019469026548672566
1 0.8557522123893805 0.4911504424778761 0.0359882005899705 0.02182890855457227
1 0.6982300884955752 0.49734513274336284 0.033628318584070796 0.016519174041297935
1 0.5480825958702065 0.49793510324483775 0.03421828908554572 0.02831858407079646
1 0.3687315634218289 0.5035398230088496 0.035398230088495575 0.024188790560471976
1 0.23864306784660766 0.5250737463126843 0.033628318584070796 0.022418879056047197
1 0.11769911504424779 0.5250737463126843 0.023008849557522124 0.024778761061946902
1 0.11504424778761062 0.6628318584070796 0.027138643067846607 0.01710914454277286
1 0.231858407079646 0.667551622418879 0.03185840707964602 0.019469026548672566
1 0.36607669616519173 0.6651917404129793 0.033628318584070796 0.02182890855457227
1 0.5306784660766961 0.6613569321533923 0.0359882005899705 0.020058997050147492
1 0.6920353982300885 0.6616519174041298 0.035398230088495575 0.027728613569321534
1 0.8525073746312685 0.6619469026548672 0.03893805309734513 0.01887905604719764
1 0.12123893805309735 0.807669616519174 0.03008849557522124 0.017699115044247787
1 0.2365781710914454 0.8100294985250738 0.029498525073746312 0.016519174041297935
1 0.37168141592920356 0.8141592920353982 0.029498525073746312 0.01415929203539823
1 0.5103244837758112 0.8141592920353982 0.03775811209439528 0.017699115044247787
1 0.6941002949852507 0.8044247787610619 0.033628318584070796 0.014749262536873156
1 0.8498525073746312 0.8100294985250738 0.02654867256637168 0.020058997050147492
