0 0.1200589970501475 0.05870206489675516 0.05604719764011799 0.08672566371681416
0 0.26253687315634217 0.05693215339233038 0.054277286135693215 0.07138643067846608
0 0.4020648967551622 0.07020648967551622 0.038348082595870206 0.07315634218289085
0 0.5336283185840708 0.11474926253687315 0.0359882005899705 0.05014749262536873
0 0.6766961651917404 0.05457227138643068 0.10855457227138643 0.06902654867256637
0 0.8572271386430679 0.08112094395280237 0.03303834808259587 0.03480825958702065
0 0.8510324483775811 0.2383480825958702 0.04660766961651917 0.040117994100294985
0 0.7064896755162242 0.23008849557522124 0.04070796460176991 0.04837758112094395
0 0.532448377581121 0.2542772861356932 0.04070796460176991 0.05309734513274336
0 0.37846607669616517 0.18200589970501474 0.12212389380530973 0.06312684365781711
0 0.2448377581120944 0.18023598820058997 0.05781710914454277 0.05958702064896755
0 0.12212389380530973 0.240117994100295 0.054277286135693215 0.07551622418879056
0 0.13185840707964602 0.31150442477876106 0.04424778761061947 0.07905604719764012
0 0.22684365781710913 0.3165191740412979 0.04070796460176991 0.12684365781710916
0 0.36106194690265486 0.3448377581120944 0.06489675516224189 0.06784660766961652
0 0.5380530973451327 0.32772861356932154 0.08023598820058997 0.06666666666666667
0 0.6896755162241888 0.3746312684365782 0.04837758112094395 0.06135693215339233
1 0.8734513274336283 0.3823008849557522 0.05014749262536873 0.058997050147492625
0 0.5268436578171092 0.46696165191740413 0.06017699115044248 0.06430678466076696
0 0.3501474926253687 0.4684365781710914 0.07138643067846608 0.05663716814159292
0 0.22507374631268437 0.5525073746312684 0.05486725663716814 0.09734513274336283
0 0.13569321533923304 0.531858407079646 0.06135693215339233 0.07374631268436578
0 0.13864306784660768 0.6808259587020649 0.06607669616519174 0.15693215339233038
0 0.2088495575221239 0.6905604719764011 0.05191740412979351 0.09852507374631268
0 0.35870206489675516 0.6728613569321534 0.07079646017699115 0.0831858407079646
0 0.5079646017699115 0.6079646017699115 0.049557522123893805 0.0607669616519174
0 0.6823008849557523 0.6215339233038348 0.04070796460176991 0.05368731563421829
0 0.852212389380531 0.6348082595870206 0.04896755162241888 0.04247787610619469
0 0.1359882005899705 0.8026548672566372 0.08672566371681416 0.04188790560471976
0 0.22625368731563422 0.8256637168141593 0.032448377581120944 0.10914454277286136
0 0.36666666666666664 0.7805309734513274 0.033628318584070796 0.07787610619469026
0 0.5032448377581121 0.7716814159292036 0.06253687315634218 0.06607669616519174
0 0.7035398230088495 0.8374631268436578 0.07492625368731563 0.06430678466076696
0 0.8466076696165191 0.827433628318584 0.05663716814159292 0.06430678466076696
