0 0.12625368731563422 0.05929203539823009 0.054277286135693215 0.10324483775811209
0 0.24277286135693216 0.035398230088495575 0.07256637168141593 0.06253687315634218
0 0.40294985250737464 0.04808259587020649 0.058997050147492625 0.06548672566371681
0 0.531858407079646 0.1168141592920354 0.033628318584070796 0.04247787610619469
0 0.6716814159292035 0.05486725663716814 0.09262536873156342 0.03657817109144543
0 0.8492625368731563 0.09469026548672566 0.04896755162241888 0.04424778761061947
0 0.2504424778761062 0.1864306784660767 0.057227138643067846 0.04601769911504425
0 0.11858407079646018 0.22831858407079647 0.06725663716814159 0.05781710914454277
0 0.34100294985250734 0.1710914454277286 0.10501474926253687 0.07669616519174041
0 0.12094395280235988 0.3224188790560472 0.05309734513274336 0.057227138643067846
0 0.19970501474926253 0.29233038348082596 0.07728613569321534 0.11858407079646018
0 0.3631268436578171 0.3743362831858407 0.057227138643067846 0.09970501474926254
0 0.5271386430678466 0.2584070796460177 0.07610619469026549 0.058997050147492625
0 0.6952802359882005 0.21976401179941002 0.06666666666666667 0.05014749262536873
0 0.8604719764011799 0.22654867256637168 0.0607669616519174 0.058997050147492625
0 0.8666666666666667 0.38141592920353984 0.04247787610619469 0.057227138643067846
0 0.6899705014749262 0.356047197640118 0.05132743362831858 0.05014749262536873
1 0.5480825958702065 0.3386430678466077 0.06607669616519174 0.03775811209439528
0 0.36224188790560474 0.4640117994100295 0.054277286135693215 0.05132743362831858
0 0.5283185840707965 0.46578171091445425 0.04896755162241888 0.06312684365781711
0 0.6929203539823009 0.5168141592920354 0.03716814159292035 0.09557522123893805
0 0.8466076696165191 0.5132743362831859 0.040117994100294985 0.06607669616519174
0 0.20619469026548673 0.5530973451327433 0.07374631268436578 0.09026548672566372
0 0.13244837758112094 0.5309734513274336 0.08200589970501475 0.08731563421828908
0 0.07315634218289085 0.6528023598820059 0.1168141592920354 0.1421828908554572
0 0.1351032448377581 0.8035398230088495 0.0743362831858407 0.04365781710914454
0 0.1943952802359882 0.8268436578171091 0.07964601769911504 0.08200589970501475
0 0.22359882005899706 0.684070796460177 0.04129793510324484 0.10206489675516224
0 0.36666666666666664 0.691150442477876 0.057227138643067846 0.0607669616519174
0 0.36902654867256635 0.7805309734513274 0.0359882005899705 0.08613569321533923
0 0.5020648967551622 0.7761061946902654 0.058997050147492625 0.04660766961651917
0 0.7035398230088495 0.835693215339233 0.07964601769911504 0.0607669616519174
1 0.8418879056047197 0.8185840707964601 0.06017699115044248 0.0584070796460177
0 0.8507374631268436 0.6241887905604719 0.040117994100294985 0.04837758112094395
0 0.6775811209439528 0.6259587020648968 0.052507374631268436 0.054277286135693215
0 0.4943952802359882 0.603834808259587 0.05191740412979351 0.05132743362831858
