0 0.10176991150442477 0.1168141592920354 0.033628318584070796 0.029498525073746312
0 0.20353982300884954 0.15752212389380532 0.0696165191740413 0.09911504424778761
0 0.3519174041297935 0.10589970501474927 0.04188790560471976 0.04188790560471976
0 0.48584070796460177 0.1359882005899705 0.12920353982300886 0.0808259587020649
0 0.6327433628318584 0.14365781710914455 0.0808259587020649 0.09734513274336283
0 0.7634218289085546 0.1710914454277286 0.06253687315634218 0.07551622418879056
0 0.7899705014749262 0.2345132743362832 0.12743362831858407 0.047787610619469026
0 0.6548672566371682 0.2592920353982301 0.09085545722713864 0.06548672566371681
0 0.4994100294985251 0.2778761061946903 0.03480825958702065 0.03421828908554572
0 0.3392330383480826 0.2651917404129793 0.07315634218289085 0.03716814159292035
0 0.23215339233038348 0.2669616519174041 0.05132743362831858 0.032448377581120944
0 0.1224188790560472 0.2743362831858407 0.03952802359882006 0.06607669616519174
0 0.10825958702064897 0.46342182890855455 0.057227138643067846 0.03952802359882006
0 0.2687315634218289 0.40943952802359884 0.10088495575221239 0.06843657817109144
0 0.3775811209439528 0.4492625368731563 0.07079646017699115 0.14454277286135692
1 0.5050147492625369 0.39705014749262535 0.05663716814159292 0.049557522123893805
0 0.6696165191740413 0.45958702064896756 0.10619469026548672 0.05663716814159292
0 0.7775811209439528 0.4259587020648967 0.04247787610619469 0.04247787610619469
0 0.5353982300884955 0.5209439528023598 0.047787610619469026 0.04365781710914454
0 0.14660766961651917 0.6 0.03716814159292035 0.04365781710914454
1 0.15132743362831858 0.6654867256637168 0.0359882005899705 0.0471976401179941
0 0.3053097345132743 0.6135693215339233 0.0831858407079646 0.15103244837758112
0 0.4135693215339233 0.6032448377581121 0.11091445427728613 0.07728613569321534
0 0.6578171091445427 0.5731563421828908 0.12743362831858407 0.11268436578171091
0 0.7799410029498525 0.5551622418879056 0.03185840707964602 0.05663716814159292
0 0.7678466076696165 0.671386430678466 0.11268436578171091 0.10147492625368731
0 0.6855457227138643 0.6737463126843658 0.049557522123893805 0.0471976401179941
0 0.543952802359882 0.6702064896755162 0.07551622418879056 0.06253687315634218
0 0.2713864306784661 0.7271386430678466 0.03421828908554572 0.043067846607669616
0 0.11061946902654868 0.8224188790560472 0.043067846607669616 0.08731563421828908
1 0.2542772861356932 0.8398230088495575 0.03657817109144543 0.023008849557522124
0 0.3864306784660767 0.8480825958702065 0.13333333333333333 0.11150442477876106
0 0.4336283185840708 0.7651917404129793 0.11445427728613569 0.1168141592920354
0 0.5569321533923304 0.8454277286135693 0.05781710914454277 0.10383480825958702
0 0.6519174041297935 0.7882005899705015 0.05073746312684366 0.07079646017699115
0 0.7734513274336283 0.8011799410029499 0.16047197640117994 0.05545722713864307
