0 0.10501474926253687 0.11504424778761062 0.04129793510324484 0.03657817109144543
0 0.20235988200589972 0.15899705014749263 0.07315634218289085 0.10324483775811209
0 0.3519174041297935 0.10678466076696165 0.04070796460176991 0.04601769911504425
0 0.4837758112094395 0.13421828908554573 0.13215339233038348 0.0831858407079646
0 0.6321533923303835 0.14424778761061946 0.07256637168141593 0.09616519174041298
0 0.7628318584070797 0.17079646017699116 0.06725663716814159 0.07374631268436578
0 0.7870206489675516 0.23333333333333334 0.12979351032448377 0.04424778761061947
0 0.6563421828908554 0.25958702064896755 0.08908554572271386 0.06371681415929203
1 0.4994100294985251 0.279646017699115 0.03480825958702065 0.03775811209439528
0 0.3374631268436578 0.2672566371681416 0.07669616519174041 0.03421828908554572
0 0.11710914454277285 0.2743362831858407 0.04070796460176991 0.06371681415929203
1 0.2327433628318584 0.26784660766961654 0.052507374631268436 0.04247787610619469
0 0.11120943952802359 0.459882005899705 0.052507374631268436 0.04660766961651917
0 0.2663716814159292 0.4103244837758112 0.10088495575221239 0.06312684365781711
0 0.38200589970501475 0.4474926253687316 0.06666666666666667 0.1351032448377581
0 0.6684365781710915 0.4607669616519174 0.09793510324483776 0.05663716814159292
0 0.5058997050147492 0.3967551622418879 0.05132743362831858 0.05486725663716814
0 0.7805309734513274 0.42979351032448376 0.04365781710914454 0.03952802359882006
0 0.7805309734513274 0.5525073746312684 0.035398230088495575 0.052507374631268436
0 0.659882005899705 0.5722713864306784 0.11740412979351032 0.11091445427728613
0 0.5356932153392331 0.5221238938053098 0.05309734513274336 0.04837758112094395
0 0.40648967551622417 0.6011799410029498 0.11445427728613569 0.071976401179941
0 0.3014749262536873 0.6168141592920354 0.06725663716814159 0.1504424778761062
0 0.1486725663716814 0.5997050147492625 0.03893805309734513 0.047787610619469026
1 0.1528023598820059 0.6690265486725664 0.03893805309734513 0.049557522123893805
0 0.275811209439528 0.7241887905604719 0.03480825958702065 0.04070796460176991
0 0.11297935103244838 0.8303834808259587 0.04660766961651917 0.09852507374631268
1 0.2519174041297935 0.8368731563421828 0.03185840707964602 0.03126843657817109
0 0.38436578171091446 0.8477876106194691 0.13628318584070798 0.11209439528023599
0 0.43097345132743364 0.7707964601769911 0.11032448377581121 0.11150442477876106
0 0.5480825958702065 0.6663716814159292 0.07315634218289085 0.061946902654867256
0 0.5581120943952802 0.843952802359882 0.05309734513274336 0.10324483775811209
0 0.6557522123893805 0.7867256637168142 0.052507374631268436 0.07020648967551622
0 0.7743362831858407 0.7964601769911505 0.16106194690265485 0.06017699115044248
0 0.6858407079646017 0.6778761061946903 0.05014749262536873 0.06017699115044248
0 0.7660766961651917 0.6663716814159292 0.10206489675516224 0.09262536873156342
