1 0.06430678466076696 0.14277286135693215 0.02831858407079646 0.020058997050147492
1 0.2392330383480826 0.13657817109144543 0.03126843657817109 0.02064896755162242
1 0.3775811209439528 0.1410029498525074 0.02831858407079646 0.021238938053097345
1 0.5492625368731563 0.1215339233038348 0.03185840707964602 0.027138643067846607
1 0.7002949852507374 0.115929203539823 0.03185840707964602 0.027728613569321534
1 0.871976401179941 0.10619469026548672 0.027138643067846607 0.024778761061946902
1 0.8778761061946903 0.27640117994100294 0.03657817109144543 0.023008849557522124
1 0.6991150442477876 0.2831858407079646 0.03303834808259587 0.01887905604719764
1 0.547787610619469 0.2967551622418879 0.03716814159292035 0.01887905604719764
1 0.38436578171091446 0.3005899705014749 0.033628318584070796 0.019469026548672566
1 0.24631268436578171 0.2991150442477876 0.024188790560471976 0.016519174041297935
1 0.071976401179941 0.2994100294985251 0.03421828908554572 0.014749262536873156
1 0.06460176991150443 0.4498525073746313 0.027728613569321534 0.013569321533923304
1 0.2424778761061947 0.4457227138643068 0.029498525073746312 0.018289085545722714
1 0.391740412979351 0.44424778761061945 0.029498525073746312 0.020058997050147492
1 0.5501474926253688 0.4415929203539823 0.03008849557522124 0.01710914454277286
1 0.7132743362831858 0.43805309734513276 0.030678466076696165 0.018289085545722714
1 0.8749262536873156 0.4392330383480826 0.03303834808259587 0.02064896755162242
1 0.875221238938053 0.5823008849557522 0.027728613569321534 0.021238938053097345
1 0.7132743362831858 0.5766961651917404 0.030678466076696165 0.014749262536873156
1 0.5495575221238937 0.5769911504424778 0.028908554572271386 0.020058997050147492
1 0.39410029498525073 0.5793510324483776 0.03421828908554572 0.020058997050147492
1 0.2519174041297935 0.5876106194690265 0.030678466076696165 0.01887905604719764
1 0.06371681415929203 0.5973451327433629 0.027138643067846607 0.019469026548672566
1 0.06460176991150443 0.719174041297935 0.032448377581120944 0.011799410029498525
1 0.24424778761061947 0.7171091445427729 0.03185840707964602 0.02536873156342183
1 0.3967551622418879 0.7047197640117994 0.032448377581120944 0.02064896755162242
1 0.5539823008849557 0.7002949852507374 0.027138643067846607 0.020058997050147492
1 0.7088495575221239 0.6982300884955752 0.03480825958702065 0.02536873156342183
1 0.8805309734513275 0.7109144542772862 0.03716814159292035 0.017699115044247787
1 0.8825958702064897 0.8743362831858407 0.02831858407079646 0.02831858407079646
1 0.7230088495575221 0.8557522123893805 0.032448377581120944 0.019469026548672566
1 0.5563421828908555 0.8486725663716814 0.030678466076696165 0.02064896755162242
1 0.39764011799410026 0.8471976401179941 0.027138643067846607 0.017699115044247787
1 0.24188790560471976 0.8421828908554572 0.03185840707964602 0.014749262536873156
1 0.06784660766961652 0.8324483775811209 0.03303834808259587 0.017699115044247787
