1 0.06047197640117994 0.14601769911504425 0.027728613569321534 0.02064896755162242
1 0.18259587020648968 0.18613569321533924 0.027728613569321534 0.03126843657817109
0 0.3696165191740413 0.1607669616519174 0.027728613569321534 0.03952802359882006
1 0.523598820058997 0.1421828908554572 0.03008849557522124 0.030678466076696165
1 0.7 0.11976401179941003 0.028908554572271386 0.027138643067846607
1 0.8569321533923304 0.09262536873156342 0.0359882005899705 0.035398230088495575
1 0.8710914454277287 0.3094395280235988 0.032448377581120944 0.023008849557522124
0 0.6616519174041298 0.30855457227138644 0.02654867256637168 0.04837758112094395
0 0.5401179941002949 0.28820058997050146 0.03952802359882006 0.028908554572271386
0 0.37315634218289084 0.34365781710914456 0.032448377581120944 0.03126843657817109
0 0.22507374631268437 0.33185840707964603 0.02182890855457227 0.03480825958702065
0 0.06578171091445428 0.30855457227138644 0.02182890855457227 0.024778761061946902
1 0.06253687315634218 0.4569321533923304 0.027138643067846607 0.03008849557522124
0 0.231858407079646 0.43480825958702063 0.027138643067846607 0.035398230088495575
0 0.371976401179941 0.46283185840707963 0.019469026548672566 0.047787610619469026
1 0.5483775811209439 0.4421828908554572 0.028908554572271386 0.02182890855457227
1 0.712094395280236 0.4351032448377581 0.025958702064896755 0.024188790560471976
0 0.863716814159292 0.46607669616519176 0.022418879056047197 0.03303834808259587
0 0.8587020648967552 0.5578171091445427 0.03008849557522124 0.0359882005899705
0 0.7091445427728613 0.5982300884955752 0.027138643067846607 0.040117994100294985
1 0.5504424778761062 0.5766961651917404 0.027138643067846607 0.02536873156342183
1 0.3926253687315634 0.5793510324483776 0.03126843657817109 0.022418879056047197
1 0.24955752212389382 0.5864306784660767 0.025958702064896755 0.022418879056047197
0 0.05958702064896755 0.5943952802359882 0.027138643067846607 0.033628318584070796
0 0.07905604719764012 0.7056047197640118 0.03421828908554572 0.024778761061946902
0 0.259882005899705 0.6941002949852507 0.03126843657817109 0.023008849557522124
0 0.5587020648967551 0.6651917404129793 0.03185840707964602 0.03480825958702065
0 0.4 0.736283185840708 0.03421828908554572 0.029498525073746312
1 0.7050147492625368 0.7023598820058997 0.029498525073746312 0.024188790560471976
1 0.8660766961651918 0.7058997050147493 0.02359882005899705 0.038348082595870206
1 0.8843657817109144 0.8766961651917404 0.022418879056047197 0.029498525073746312
1 0.6929203539823009 0.8584070796460177 0.02182890855457227 0.04129793510324484
0 0.5460176991150443 0.8672566371681416 0.033628318584070796 0.03775811209439528
0 0.4144542772861357 0.8100294985250738 0.032448377581120944 0.029498525073746312
0 0.2628318584070796 0.8206489675516224 0.032448377581120944 0.030678466076696165
0 0.0687315634218289 0.8327433628318583 0.028908554572271386 0.038348082595870206
