0 0.10117994100294986 0.11769911504424779 0.038348082595870206 0.03480825958702065
0 0.20442477876106194 0.15722713864306784 0.07256637168141593 0.09734513274336283
0 0.3519174041297935 0.10412979351032448 0.032448377581120944 0.043067846607669616
0 0.48259587020648964 0.13097345132743363 0.12035398230088495 0.07905604719764012
0 0.6321533923303835 0.1410029498525074 0.07492625368731563 0.0920353982300885
0 0.7675516224188791 0.17286135693215338 0.06371681415929203 0.08023598820058997
0 0.7893805309734513 0.23333333333333334 0.12625368731563422 0.043067846607669616
0 0.6589970501474927 0.2569321533923304 0.0920353982300885 0.06312684365781711
1 0.5011799410029498 0.27817109144542773 0.03716814159292035 0.033628318584070796
0 0.340117994100295 0.2663716814159292 0.07020648967551622 0.03716814159292035
1 0.231858407079646 0.26755162241887903 0.05073746312684366 0.03480825958702065
0 0.11563421828908554 0.2749262536873156 0.04129793510324484 0.0696165191740413
0 0.10825958702064897 0.45870206489675514 0.04660766961651917 0.04896755162241888
0 0.26489675516224187 0.41150442477876104 0.09793510324483776 0.06312684365781711
0 0.37964601769911505 0.4486725663716814 0.07138643067846608 0.1327433628318584
1 0.5056047197640118 0.3952802359882006 0.054277286135693215 0.04601769911504425
0 0.6696165191740413 0.4607669616519174 0.10265486725663717 0.05781710914454277
0 0.7761061946902654 0.4253687315634218 0.03480825958702065 0.044837758112094395
0 0.7823008849557522 0.556047197640118 0.03303834808259587 0.04896755162241888
0 0.6551622418879056 0.5740412979351033 0.10914454277286136 0.10619469026548672
0 0.5336283185840708 0.5174041297935104 0.04542772861356932 0.04365781710914454
0 0.41386430678466074 0.6020648967551623 0.1079646017699115 0.07020648967551622
0 0.30501474926253686 0.6176991150442478 0.08731563421828908 0.15221238938053097
0 0.14690265486725662 0.6008849557522123 0.03657817109144543 0.04424778761061947
1 0.1528023598820059 0.6702064896755162 0.035398230088495575 0.04837758112094395
0 0.11032448377581121 0.824188790560472 0.03657817109144543 0.08613569321533923
1 0.25250737463126843 0.8421828908554572 0.03893805309734513 0.02654867256637168
0 0.27227138643067844 0.7289085545722713 0.03126843657817109 0.04188790560471976
0 0.4300884955752212 0.7619469026548672 0.11445427728613569 0.11386430678466077
0 0.38200589970501475 0.8474926253687316 0.12802359882005898 0.10206489675516224
0 0.5572271386430678 0.8433628318584071 0.052507374631268436 0.10088495575221239
0 0.6542772861356932 0.7896755162241887 0.0471976401179941 0.07492625368731563
0 0.536283185840708 0.6699115044247788 0.05545722713864307 0.0607669616519174
0 0.6873156342182891 0.6781710914454278 0.049557522123893805 0.052507374631268436
0 0.7702064896755162 0.6737463126843658 0.1079646017699115 0.10029498525073746
0 0.772566371681416 0.8002949852507375 0.15752212389380532 0.0584070796460177
