1 0.10353982300884956 0.11976401179941003 0.038348082595870206 0.03303834808259587
0 0.20324483775811208 0.15988200589970503 0.07846607669616519 0.11091445427728613
0 0.3519174041297935 0.10176991150442477 0.04188790560471976 0.047787610619469026
0 0.48053097345132745 0.13775811209439529 0.1303834808259587 0.08790560471976401
0 0.6339233038348082 0.143952802359882 0.10914454277286136 0.06371681415929203
0 0.7625368731563422 0.17492625368731562 0.06666666666666667 0.0855457227138643
0 0.7716814159292036 0.240117994100295 0.10855457227138643 0.06017699115044248
0 0.6578171091445427 0.2604719764011799 0.0920353982300885 0.06430678466076696
1 0.5008849557522124 0.2825958702064897 0.03775811209439528 0.03303834808259587
0 0.33539823008849556 0.2657817109144543 0.08200589970501475 0.04424778761061947
1 0.23303834808259588 0.27227138643067844 0.05191740412979351 0.03716814159292035
0 0.1200589970501475 0.275811209439528 0.04188790560471976 0.0808259587020649
0 0.11032448377581121 0.46135693215339235 0.06017699115044248 0.03893805309734513
0 0.26017699115044246 0.41327433628318583 0.10619469026548672 0.06430678466076696
0 0.38082595870206487 0.4545722713864307 0.06902654867256637 0.1410029498525074
1 0.5064896755162241 0.39705014749262535 0.05368731563421829 0.04601769911504425
0 0.6743362831858407 0.46106194690265484 0.11799410029498525 0.05604719764011799
0 0.7802359882005899 0.42684365781710915 0.03952802359882006 0.04188790560471976
0 0.7799410029498525 0.5528023598820059 0.029498525073746312 0.05309734513274336
0 0.775811209439528 0.6684365781710915 0.12625368731563422 0.10029498525073746
0 0.6843657817109144 0.6764011799410029 0.05545722713864307 0.0607669616519174
0 0.7651917404129793 0.7799410029498525 0.17463126843657817 0.06489675516224189
0 0.6525073746312684 0.7849557522123893 0.049557522123893805 0.07492625368731563
0 0.5445427728613569 0.8407079646017699 0.07669616519174041 0.13451327433628318
0 0.5398230088495575 0.6657817109144543 0.06489675516224189 0.061946902654867256
0 0.4200589970501475 0.6020648967551623 0.12507374631268436 0.07374631268436578
0 0.3250737463126844 0.6179941002949852 0.0696165191740413 0.1457227138643068
0 0.4294985250737463 0.7616519174041297 0.1215339233038348 0.11563421828908554
0 0.38672566371681416 0.8474926253687316 0.12094395280235988 0.12094395280235988
0 0.27168141592920353 0.723598820058997 0.033628318584070796 0.02654867256637168
1 0.27256637168141595 0.7702064896755162 0.027138643067846607 0.038348082595870206
0 0.1454277286135693 0.6017699115044248 0.04070796460176991 0.05309734513274336
1 0.17079646017699116 0.6899705014749262 0.043067846607669616 0.04188790560471976
0 0.11032448377581121 0.8230088495575221 0.049557522123893805 0.0920353982300885
0 0.531858407079646 0.5162241887905604 0.04424778761061947 0.054277286135693215
0 0.6672566371681415 0.5607669616519174 0.10147492625368731 0.1303834808259587
