1 0.11061946902654868 0.10058997050147492 0.0359882005899705 0.02182890855457227
1 0.2542772861356932 0.10265486725663717 0.03775811209439528 0.02359882005899705
1 0.4 0.10825958702064897 0.03421828908554572 0.02182890855457227
1 0.5430678466076696 0.10855457227138643 0.033628318584070796 0.02359882005899705
1 0.7103244837758111 0.11769911504424779 0.03303834808259587 0.03126843657817109
1 0.8592920353982301 0.12625368731563422 0.0359882005899705 0.021238938053097345
1 0.8578171091445428 0.23480825958702065 0.03421828908554572 0.025958702064896755
1 0.7047197640117994 0.2271386430678466 0.0359882005899705 0.024778761061946902
1 0.5436578171091445 0.22920353982300884 0.032448377581120944 0.02064896755162242
1 0.39410029498525073 0.2271386430678466 0.02831858407079646 0.020058997050147492
1 0.24542772861356932 0.22684365781710913 0.029498525073746312 0.01592920353982301
1 0.12123893805309735 0.22654867256637168 0.03480825958702065 0.020058997050147492
1 0.12271386430678466 0.36696165191740415 0.03303834808259587 0.025958702064896755
1 0.23539823008849559 0.3589970501474926 0.03657817109144543 0.02654867256637168
1 0.37374631268436576 0.3672566371681416 0.0359882005899705 0.02654867256637168
1 0.547787610619469 0.3672566371681416 0.03480825958702065 0.02536873156342183
1 0.6908554572271386 0.363716814159292 0.03421828908554572 0.02536873156342183
1 0.8640117994100295 0.37728613569321534 0.03480825958702065 0.01710914454277286
1 0.8539823008849557 0.4929203539823009 0.03716814159292035 0.02182890855457227
1 0.6979351032448378 0.4943952802359882 0.03303834808259587 0.020058997050147492
1 0.5466076696165192 0.49557522123893805 0.033628318584070796 0.027138643067846607
1 0.36902654867256635 0.5050147492625369 0.0359882005899705 0.027138643067846607
1 0.2368731563421829 0.5262536873156343 0.03126843657817109 0.022418879056047197
1 0.11740412979351032 0.5247787610619469 0.027138643067846607 0.0359882005899705
1 0.11563421828908554 0.6610619469026549 0.030678466076696165 0.023008849557522124
1 0.23244837758112094 0.667551622418879 0.02831858407079646 0.019469026548672566
1 0.36755162241887906 0.6616519174041298 0.035398230088495575 0.024188790560471976
1 0.5297935103244837 0.659882005899705 0.029498525073746312 0.024188790560471976
1 0.6914454277286135 0.6595870206489676 0.03421828908554572 0.02359882005899705
1 0.8533923303834808 0.6622418879056047 0.03480825958702065 0.02654867256637168
1 0.8498525073746312 0.8088495575221238 0.032448377581120944 0.01887905604719764
1 0.6908554572271386 0.8020648967551622 0.030678466076696165 0.024188790560471976
1 0.5135693215339233 0.8141592920353982 0.03480825958702065 0.025958702064896755
1 0.37138643067846605 0.8141592920353982 0.03716814159292035 0.022418879056047197
1 0.2327433628318584 0.8085545722713864 0.028908554572271386 0.018289085545722714
1 0.12300884955752212 0.8064896755162242 0.032448377581120944 0.020058997050147492
