0 0.13185840707964602 0.07994100294985251 0.1421828908554572 0.11032448377581121
0 0.3392330383480826 0.13893805309734514 0.06017699115044248 0.1846607669616519
0 0.4896755162241888 0.11740412979351032 0.07905604719764012 0.1368731563421829
0 0.6941002949852507 0.11209439528023599 0.1327433628318584 0.09911504424778761
0 0.8616519174041298 0.14454277286135692 0.11386430678466077 0.10147492625368731
0 0.22920353982300884 0.21327433628318584 0.16578171091445426 0.1480825958702065
0 0.3793510324483776 0.25162241887905606 0.05663716814159292 0.09970501474926254
0 0.4737463126843658 0.2887905604719764 0.15103244837758112 0.033628318584070796
0 0.6902654867256637 0.28348082595870205 0.03303834808259587 0.0359882005899705
0 0.8539823008849557 0.31887905604719763 0.09616519174041298 0.04660766961651917
0 0.23215339233038348 0.4153392330383481 0.07256637168141593 0.04837758112094395
0 0.3938053097345133 0.39705014749262535 0.09380530973451327 0.1935103244837758
0 0.5271386430678466 0.41563421828908553 0.05132743362831858 0.033628318584070796
0 0.6699115044247788 0.41622418879056045 0.18584070796460178 0.09262536873156342
1 0.8436578171091446 0.40117994100294985 0.020058997050147492 0.04129793510324484
0 0.8769911504424779 0.5053097345132743 0.11268436578171091 0.0855457227138643
0 0.23156342182890854 0.552212389380531 0.09380530973451327 0.03657817109144543
1 0.3274336283185841 0.5575221238938053 0.03185840707964602 0.025958702064896755
1 0.4870206489675516 0.5171091445427729 0.043067846607669616 0.02182890855457227
0 0.5902654867256637 0.4687315634218289 0.05486725663716814 0.12566371681415928
0 0.5787610619469027 0.5404129793510324 0.08613569321533923 0.12861356932153392
0 0.7486725663716814 0.5578171091445427 0.035398230088495575 0.03716814159292035
0 0.8973451327433628 0.6533923303834808 0.09793510324483776 0.17758112094395279
0 0.8991150442477875 0.7817109144542773 0.09085545722713864 0.18171091445427728
0 0.7899705014749262 0.8230088495575221 0.07669616519174041 0.12861356932153392
0 0.5433628318584071 0.8091445427728613 0.049557522123893805 0.07964601769911504
0 0.42094395280235986 0.7843657817109144 0.1056047197640118 0.12094395280235988
0 0.2705014749262537 0.7424778761061946 0.08436578171091445 0.17168141592920355
0 0.25663716814159293 0.6988200589970501 0.04365781710914454 0.038348082595870206
0 0.3672566371681416 0.6834808259587021 0.09498525073746313 0.16460176991150444
0 0.4929203539823009 0.6330383480825958 0.1905604719764012 0.06371681415929203
0 0.6230088495575221 0.6663716814159292 0.06607669616519174 0.12566371681415928
1 0.6702064896755162 0.8058997050147493 0.029498525073746312 0.02359882005899705
1 0.7539823008849558 0.6778761061946903 0.027138643067846607 0.029498525073746312
