1 0.06489675516224189 0.1448377581120944 0.027138643067846607 0.01592920353982301
1 0.2398230088495575 0.1383480825958702 0.03126843657817109 0.019469026548672566
1 0.376401179941003 0.1383480825958702 0.030678466076696165 0.019469026548672566
1 0.5495575221238937 0.12182890855457226 0.027728613569321534 0.019469026548672566
1 0.7008849557522123 0.11769911504424779 0.030678466076696165 0.024188790560471976
1 0.8713864306784661 0.10501474926253687 0.025958702064896755 0.030678466076696165
1 0.8799410029498524 0.27551622418879057 0.03952802359882006 0.01887905604719764
1 0.6985250737463127 0.2849557522123894 0.03185840707964602 0.01887905604719764
1 0.5474926253687316 0.29852507374631265 0.03893805309734513 0.021238938053097345
1 0.3846607669616519 0.30383480825958703 0.03303834808259587 0.022418879056047197
1 0.24454277286135692 0.29793510324483774 0.027728613569321534 0.01887905604719764
1 0.0710914454277286 0.29852507374631265 0.032448377581120944 0.016519174041297935
1 0.06725663716814159 0.4492625368731563 0.03185840707964602 0.018289085545722714
1 0.24100294985250736 0.4486725663716814 0.03126843657817109 0.02182890855457227
1 0.3893805309734513 0.44424778761061945 0.029498525073746312 0.01887905604719764
1 0.5525073746312684 0.44188790560471974 0.028908554572271386 0.022418879056047197
1 0.7147492625368731 0.43716814159292033 0.028908554572271386 0.021238938053097345
1 0.875221238938053 0.44011799410029495 0.027728613569321534 0.01887905604719764
1 0.8737463126843658 0.5817109144542773 0.027138643067846607 0.022418879056047197
1 0.7141592920353982 0.5787610619469027 0.032448377581120944 0.02359882005899705
1 0.5519174041297935 0.5781710914454277 0.028908554572271386 0.015339233038348082
1 0.39646017699115044 0.5787610619469027 0.029498525073746312 0.01415929203539823
1 0.252212389380531 0.5887905604719764 0.033628318584070796 0.01887905604719764
1 0.06253687315634218 0.5985250737463127 0.02831858407079646 0.019469026548672566
1 0.06460176991150443 0.720353982300885 0.03480825958702065 0.015339233038348082
1 0.24336283185840707 0.7194690265486725 0.03480825958702065 0.024188790560471976
1 0.39321533923303836 0.7067846607669617 0.033628318584070796 0.022418879056047197
1 0.5539823008849557 0.6988200589970501 0.027138643067846607 0.023008849557522124
1 0.707669616519174 0.6985250737463127 0.03126843657817109 0.02359882005899705
1 0.8787610619469026 0.7117994100294985 0.03480825958702065 0.023008849557522124
1 0.8814159292035398 0.8725663716814159 0.029498525073746312 0.024778761061946902
1 0.7221238938053097 0.8569321533923304 0.030678466076696165 0.02182890855457227
1 0.5551622418879056 0.8477876106194691 0.03421828908554572 0.015339233038348082
1 0.39764011799410026 0.8486725663716814 0.030678466076696165 0.023008849557522124
1 0.24277286135693216 0.8415929203539823 0.0359882005899705 0.01592920353982301
1 0.06666666666666667 0.8353982300884956 0.035398230088495575 0.021238938053097345
