0 0.1457227138643068 0.1696165191740413 0.12979351032448377 0.08790560471976401
0 0.26194690265486725 0.2563421828908555 0.11799410029498525 0.05604719764011799
0 0.32890855457227136 0.17522123893805308 0.0831858407079646 0.10147492625368731
0 0.5330383480825959 0.15663716814159293 0.13628318584070798 0.06312684365781711
0 0.6607669616519174 0.1351032448377581 0.05545722713864307 0.1864306784660767
0 0.7648967551622419 0.11474926253687315 0.14454277286135692 0.1056047197640118
0 0.15575221238938053 0.3141592920353982 0.03893805309734513 0.09616519174041298
0 0.3144542772861357 0.36755162241887906 0.13097345132743363 0.1640117994100295
0 0.49203539823008846 0.4755162241887906 0.12979351032448377 0.11563421828908554
0 0.5221238938053098 0.28053097345132744 0.15457227138643068 0.04896755162241888
0 0.595575221238938 0.2604719764011799 0.09852507374631268 0.06784660766961652
0 0.7646017699115044 0.24424778761061947 0.07079646017699115 0.044837758112094395
0 0.6115044247787611 0.4002949852507375 0.09026548672566372 0.1905604719764012
0 0.7392330383480826 0.3489675516224189 0.07079646017699115 0.03952802359882006
0 0.41150442477876104 0.4882005899705015 0.11858407079646018 0.06784660766961652
0 0.42979351032448376 0.5286135693215339 0.1528023598820059 0.05545722713864307
1 0.6672566371681415 0.5188790560471976 0.03185840707964602 0.06312684365781711
0 0.5327433628318584 0.5926253687315635 0.143952802359882 0.1056047197640118
0 0.6002949852507374 0.6005899705014749 0.15516224188790562 0.0967551622418879
0 0.2873156342182891 0.5958702064896755 0.17581120943952802 0.1215339233038348
0 0.3905604719764012 0.671386430678466 0.054277286135693215 0.1415929203539823
0 0.17817109144542773 0.5932153392330384 0.07551622418879056 0.11740412979351032
0 0.11769911504424779 0.6510324483775811 0.10324483775811209 0.19646017699115043
0 0.27699115044247785 0.7147492625368731 0.09616519174041298 0.07020648967551622
0 0.1327433628318584 0.8206489675516224 0.11445427728613569 0.143952802359882
0 0.24926253687315633 0.8221238938053097 0.11150442477876106 0.07492625368731563
1 0.3268436578171091 0.8020648967551622 0.029498525073746312 0.032448377581120944
0 0.46106194690265484 0.8064896755162242 0.033628318584070796 0.07669616519174041
0 0.6017699115044248 0.7979351032448377 0.15457227138643068 0.11032448377581121
0 0.659882005899705 0.8215339233038348 0.08200589970501475 0.16106194690265485
1 0.10383480825958702 0.5265486725663717 0.035398230088495575 0.032448377581120944
0 0.7327433628318584 0.5976401179941003 0.07551622418879056 0.06725663716814159
0 0.7407079646017699 0.667551622418879 0.08672566371681416 0.08672566371681416
0 0.4799410029498525 0.43805309734513276 0.052507374631268436 0.02654867256637168
