0 0.2920353982300885 0.10678466076696165 0.10737463126843658 0.13215339233038348
0 0.3047197640117994 0.24188790560471976 0.1846607669616519 0.1215339233038348
0 0.3215339233038348 0.18672566371681415 0.11799410029498525 0.03952802359882006
0 0.46283185840707963 0.16135693215339234 0.15516224188790562 0.07138643067846608
0 0.6752212389380531 0.17168141592920355 0.0855457227138643 0.11209439528023599
0 0.7407079646017699 0.2471976401179941 0.12684365781710916 0.07905604719764012
0 0.8333333333333334 0.20176991150442478 0.07492625368731563 0.06843657817109144
0 0.3811209439528024 0.29557522123893804 0.071976401179941 0.10265486725663717
0 0.48023598820059 0.28023598820059 0.14749262536873156 0.049557522123893805
0 0.2610619469026549 0.3542772861356932 0.07492625368731563 0.038348082595870206
0 0.3938053097345133 0.3967551622418879 0.08908554572271386 0.1905604719764012
0 0.8471976401179941 0.3480825958702065 0.071976401179941 0.05663716814159292
0 0.6914454277286135 0.3722713864306785 0.09085545722713864 0.19705014749262537
0 0.5247787610619469 0.4383480825958702 0.04660766961651917 0.02831858407079646
0 0.504424778761062 0.47935103244837757 0.13097345132743363 0.12448377581120944
0 0.5769911504424778 0.45663716814159294 0.07079646017699115 0.10383480825958702
0 0.5831858407079646 0.4463126843657817 0.11150442477876106 0.09616519174041298
1 0.33628318584070793 0.5141592920353982 0.03421828908554572 0.07610619469026549
0 0.7070796460176991 0.5663716814159292 0.08200589970501475 0.18997050147492625
0 0.8256637168141593 0.5905604719764012 0.07964601769911504 0.1191740412979351
1 0.9218289085545722 0.4935103244837758 0.03126843657817109 0.033628318584070796
0 0.8808259587020649 0.6566371681415929 0.10147492625368731 0.1864306784660767
0 0.4687315634218289 0.5902654867256637 0.1504424778761062 0.10442477876106195
0 0.25899705014749264 0.6371681415929203 0.08849557522123894 0.13215339233038348
0 0.268141592920354 0.6495575221238938 0.06666666666666667 0.04365781710914454
0 0.40648967551622417 0.6377581120943953 0.17345132743362832 0.071976401179941
0 0.616519174041298 0.663126843657817 0.05191740412979351 0.12861356932153392
0 0.7415929203539823 0.696165191740413 0.07315634218289085 0.10383480825958702
0 0.3445427728613569 0.8206489675516224 0.08731563421828908 0.16519174041297935
0 0.4008849557522124 0.7997050147492625 0.14690265486725662 0.10678466076696165
0 0.5404129793510324 0.8058997050147493 0.029498525073746312 0.0696165191740413
1 0.6725663716814159 0.8047197640117993 0.03185840707964602 0.02359882005899705
0 0.7433628318584071 0.7902654867256637 0.07787610619469026 0.11858407079646018
0 0.8675516224188791 0.8218289085545722 0.12094395280235988 0.14041297935103245
