0 0.3430678466076696 0.17404129793510326 0.09026548672566372 0.15575221238938053
0 0.4073746312684366 0.20324483775811208 0.14454277286135692 0.10914454277286136
0 0.5404129793510324 0.19144542772861356 0.03657817109144543 0.07728613569321534
1 0.6716814159292035 0.1935103244837758 0.028908554572271386 0.027138643067846607
0 0.7412979351032448 0.20855457227138643 0.06784660766961652 0.11976401179941003
0 0.8666666666666667 0.17846607669616518 0.1168141592920354 0.1421828908554572
0 0.879646017699115 0.3454277286135693 0.10855457227138643 0.1882005899705015
0 0.7404129793510325 0.3079646017699115 0.07905604719764012 0.0943952802359882
0 0.6144542772861357 0.33362831858407077 0.05132743362831858 0.1351032448377581
0 0.2607669616519174 0.3463126843657817 0.0943952802359882 0.11209439528023599
0 0.26312684365781713 0.3997050147492625 0.07079646017699115 0.061946902654867256
0 0.40825958702064896 0.36342182890855457 0.17817109144542773 0.06371681415929203
0 0.4713864306784661 0.4067846607669616 0.14277286135693215 0.09498525073746313
0 0.8253687315634218 0.41386430678466074 0.08023598820058997 0.11150442477876106
1 0.924188790560472 0.5053097345132743 0.032448377581120944 0.023008849557522124
1 0.3345132743362832 0.4837758112094395 0.03657817109144543 0.05545722713864307
0 0.7061946902654868 0.43392330383480826 0.08613569321533923 0.19174041297935102
0 0.39469026548672564 0.5997050147492625 0.09557522123893805 0.1893805309734513
0 0.4952802359882006 0.5120943952802359 0.1079646017699115 0.09911504424778761
0 0.5356932153392331 0.5687315634218288 0.08259587020648967 0.040117994100294985
0 0.5775811209439528 0.5483775811209439 0.08495575221238938 0.10678466076696165
0 0.5831858407079646 0.5548672566371682 0.1079646017699115 0.09380530973451327
0 0.6899705014749262 0.6268436578171092 0.0855457227138643 0.19410029498525072
0 0.843952802359882 0.6501474926253688 0.07256637168141593 0.058997050147492625
0 0.25604719764011796 0.6457227138643068 0.07551622418879056 0.04188790560471976
0 0.26991150442477874 0.7522123893805309 0.11268436578171091 0.10855457227138643
0 0.3221238938053097 0.8153392330383481 0.12625368731563422 0.049557522123893805
0 0.45545722713864306 0.8336283185840708 0.15221238938053097 0.0743362831858407
0 0.37846607669616517 0.7032448377581121 0.07728613569321534 0.10855457227138643
0 0.4790560471976401 0.7188790560471976 0.16047197640117994 0.04542772861356932
0 0.2908554572271386 0.8923303834808259 0.11091445427728613 0.1327433628318584
0 0.6769911504424778 0.8265486725663717 0.08436578171091445 0.10855457227138643
0 0.7371681415929203 0.7454277286135693 0.12330383480825959 0.06548672566371681
0 0.8144542772861357 0.7952802359882005 0.11150442477876106 0.07551622418879056
