0 0.2345132743362832 0.2103244837758112 0.1870206489675516 0.0584070796460177
0 0.34572271386430675 0.21946902654867256 0.05073746312684366 0.08377581120943953
0 0.44955752212389377 0.15988200589970503 0.07905604719764012 0.13215339233038348
0 0.6100294985250737 0.16342182890855456 0.1215339233038348 0.14985250737463127
0 0.5737463126843658 0.2584070796460177 0.1079646017699115 0.08141592920353982
0 0.45132743362831856 0.32448377581120946 0.08967551622418879 0.07315634218289085
0 0.23008849557522124 0.32595870206489674 0.08377581120943953 0.12094395280235988
0 0.31386430678466076 0.3262536873156342 0.054277286135693215 0.049557522123893805
1 0.7209439528023599 0.2 0.03657817109144543 0.03303834808259587
0 0.8882005899705014 0.20530973451327433 0.05132743362831858 0.07669616519174041
0 0.728023598820059 0.2855457227138643 0.030678466076696165 0.03185840707964602
1 0.8303834808259587 0.3047197640117994 0.03716814159292035 0.04188790560471976
0 0.2182890855457227 0.4451327433628319 0.029498525073746312 0.04424778761061947
0 0.3315634218289085 0.451622418879056 0.10973451327433628 0.1056047197640118
0 0.4616519174041298 0.4790560471976401 0.04896755162241888 0.049557522123893805
0 0.6174041297935103 0.4056047197640118 0.07138643067846608 0.0808259587020649
0 0.6755162241887905 0.3799410029498525 0.07669616519174041 0.13805309734513274
0 0.8362831858407079 0.4212389380530973 0.06666666666666667 0.05073746312684366
1 0.8905604719764012 0.5383480825958702 0.04424778761061947 0.04542772861356932
0 0.21887905604719765 0.5702064896755162 0.03893805309734513 0.04896755162241888
0 0.3297935103244838 0.53952802359882 0.11563421828908554 0.0584070796460177
1 0.49262536873156343 0.6056047197640118 0.06135693215339233 0.043067846607669616
0 0.6271386430678466 0.5404129793510324 0.0696165191740413 0.1463126843657817
0 0.7404129793510325 0.5926253687315635 0.07315634218289085 0.07846607669616519
0 0.8802359882005899 0.7247787610619469 0.05191740412979351 0.07846607669616519
1 0.7775811209439528 0.7342182890855458 0.029498525073746312 0.038348082595870206
0 0.6684365781710915 0.7176991150442478 0.0696165191740413 0.04070796460176991
1 0.5005899705014749 0.7171091445427729 0.05132743362831858 0.03480825958702065
0 0.3407079646017699 0.7377581120943952 0.09262536873156342 0.07138643067846608
0 0.2303834808259587 0.7666666666666666 0.10914454277286136 0.0584070796460177
0 0.24100294985250736 0.8271386430678466 0.0831858407079646 0.08141592920353982
0 0.35752212389380533 0.8663716814159292 0.10265486725663717 0.06666666666666667
0 0.5212389380530973 0.868141592920354 0.1303834808259587 0.09380530973451327
0 0.6471976401179941 0.8846607669616519 0.040117994100294985 0.04542772861356932
0 0.7943952802359882 0.8433628318584071 0.06312684365781711 0.1056047197640118
0 0.8997050147492626 0.8882005899705014 0.04365781710914454 0.03008849557522124
