0 0.32182890855457225 0.21386430678466076 0.09380530973451327 0.15634218289085544
0 0.4212389380530973 0.2533923303834808 0.1592920353982301 0.14690265486725662
0 0.5401179941002949 0.18997050147492625 0.033628318584070796 0.08259587020648967
1 0.6737463126843658 0.19616519174041297 0.022418879056047197 0.027728613569321534
0 0.7153392330383481 0.1687315634218289 0.07374631268436578 0.09557522123893805
0 0.9082595870206489 0.22005899705014748 0.07256637168141593 0.18053097345132743
0 0.8539823008849557 0.3616519174041298 0.1433628318584071 0.15575221238938053
0 0.740117994100295 0.3079646017699115 0.07728613569321534 0.10737463126843658
0 0.6144542772861357 0.3368731563421829 0.04896755162241888 0.12743362831858407
0 0.27079646017699116 0.34513274336283184 0.08731563421828908 0.1191740412979351
0 0.4097345132743363 0.3678466076696165 0.17404129793510326 0.06666666666666667
0 0.4702064896755162 0.4103244837758112 0.15103244837758112 0.10678466076696165
1 0.35929203539823007 0.46106194690265484 0.02831858407079646 0.06902654867256637
0 0.30619469026548674 0.4943952802359882 0.04601769911504425 0.07315634218289085
0 0.5359882005899705 0.49498525073746313 0.16578171091445426 0.05545722713864307
0 0.6666666666666666 0.5622418879056047 0.0943952802359882 0.11445427728613569
0 0.7380530973451327 0.4471976401179941 0.10973451327433628 0.17817109144542773
0 0.8292035398230089 0.4625368731563422 0.09144542772861357 0.10147492625368731
1 0.9224188790560471 0.5061946902654867 0.032448377581120944 0.02831858407079646
0 0.4345132743362832 0.571976401179941 0.21297935103244836 0.04542772861356932
0 0.5212389380530973 0.5648967551622419 0.04542772861356932 0.028908554572271386
0 0.5967551622418878 0.6061946902654867 0.07492625368731563 0.11268436578171091
0 0.6967551622418879 0.7044247787610619 0.10265486725663717 0.18997050147492625
0 0.7973451327433628 0.7324483775811209 0.05604719764011799 0.12330383480825959
0 0.8451327433628318 0.6572271386430678 0.06312684365781711 0.06607669616519174
0 0.8147492625368732 0.7964601769911505 0.13805309734513274 0.0743362831858407
0 0.6728613569321534 0.8283185840707965 0.0831858407079646 0.10737463126843658
0 0.48731563421828905 0.7176991150442478 0.14041297935103245 0.057227138643067846
0 0.3870206489675516 0.6890855457227139 0.08849557522123894 0.09911504424778761
0 0.29469026548672567 0.7619469026548672 0.1929203539823009 0.09026548672566372
0 0.2799410029498525 0.8870206489675516 0.09852507374631268 0.13628318584070798
0 0.3247787610619469 0.8135693215339233 0.1480825958702065 0.05663716814159292
0 0.4640117994100295 0.8454277286135693 0.13392330383480827 0.058997050147492625
0 0.2634218289085546 0.6460176991150443 0.0855457227138643 0.05073746312684366
