0 0.10737463126843658 0.11887905604719765 0.030678466076696165 0.032448377581120944
0 0.30442477876106194 0.14690265486725662 0.025958702064896755 0.035398230088495575
0 0.4533923303834808 0.13657817109144543 0.028908554572271386 0.038348082595870206
0 0.5899705014749262 0.18141592920353983 0.029498525073746312 0.03716814159292035
1 0.759882005899705 0.17168141592920355 0.01887905604719764 0.03775811209439528
1 0.9230088495575222 0.16342182890855456 0.02654867256637168 0.017699115044247787
0 0.9271386430678465 0.30383480825958703 0.033628318584070796 0.03303834808259587
0 0.7412979351032448 0.3094395280235988 0.0359882005899705 0.028908554572271386
0 0.6017699115044248 0.26017699115044246 0.027138643067846607 0.024778761061946902
1 0.44483775811209436 0.3100294985250737 0.030678466076696165 0.0359882005899705
1 0.29056047197640117 0.29970501474926253 0.028908554572271386 0.01887905604719764
1 0.1336283185840708 0.2926253687315634 0.01710914454277286 0.03657817109144543
0 0.1383480825958702 0.4421828908554572 0.027728613569321534 0.03480825958702065
0 0.2887905604719764 0.4020648967551622 0.03126843657817109 0.03952802359882006
1 0.4469026548672566 0.42212389380530974 0.028908554572271386 0.024188790560471976
1 0.6076696165191741 0.4215339233038348 0.029498525073746312 0.019469026548672566
1 0.7492625368731564 0.41415929203539825 0.024778761061946902 0.01887905604719764
1 0.9377581120943953 0.38820058997050144 0.027728613569321534 0.025958702064896755
1 0.9348082595870206 0.5460176991150443 0.027728613569321534 0.023008849557522124
0 0.763716814159292 0.5619469026548672 0.03008849557522124 0.033628318584070796
0 0.6179941002949852 0.5389380530973451 0.032448377581120944 0.028908554572271386
1 0.4510324483775811 0.5589970501474926 0.032448377581120944 0.02654867256637168
1 0.28584070796460176 0.5601769911504425 0.032448377581120944 0.02182890855457227
0 0.1351032448377581 0.5365781710914455 0.030678466076696165 0.03480825958702065
1 0.12595870206489676 0.7117994100294985 0.03716814159292035 0.027728613569321534
0 0.3168141592920354 0.7005899705014749 0.03185840707964602 0.03126843657817109
0 0.45309734513274336 0.7238938053097345 0.03185840707964602 0.029498525073746312
0 0.6144542772861357 0.6657817109144543 0.032448377581120944 0.03126843657817109
0 0.7666666666666666 0.692330383480826 0.028908554572271386 0.02182890855457227
1 0.9265486725663716 0.699410029498525 0.02654867256637168 0.02182890855457227
1 0.9345132743362832 0.8563421828908554 0.02831858407079646 0.02064896755162242
1 0.7787610619469026 0.827433628318584 0.029498525073746312 0.02536873156342183
0 0.628023598820059 0.8498525073746312 0.03480825958702065 0.03952802359882006
0 0.47463126843657816 0.8758112094395281 0.02536873156342183 0.032448377581120944
1 0.30117994100294987 0.8787610619469026 0.03008849557522124 0.028908554572271386
1 0.140117994100295 0.9026548672566371 0.03126843657817109 0.03421828908554572
