1 0.13628318584070798 0.09587020648967551 0.035398230088495575 0.02182890855457227
1 0.28820058997050146 0.0855457227138643 0.0359882005899705 0.02831858407079646
1 0.4377581120943953 0.0855457227138643 0.03657817109144543 0.02359882005899705
1 0.5905604719764012 0.08938053097345133 0.027138643067846607 0.02064896755162242
1 0.7342182890855458 0.10088495575221239 0.033628318584070796 0.017699115044247787
1 0.8935103244837758 0.09823008849557521 0.03480825958702065 0.019469026548672566
1 0.8935103244837758 0.2342182890855457 0.027728613569321534 0.01887905604719764
1 0.755457227138643 0.23539823008849559 0.028908554572271386 0.01887905604719764
1 0.6023598820058997 0.23156342182890854 0.03421828908554572 0.019469026548672566
1 0.44896755162241886 0.22743362831858407 0.03657817109144543 0.019469026548672566
1 0.29469026548672567 0.22418879056047197 0.03126843657817109 0.022418879056047197
1 0.1504424778761062 0.21769911504424777 0.02831858407079646 0.027138643067846607
1 0.15103244837758112 0.36578171091445427 0.030678466076696165 0.022418879056047197
1 0.31032448377581123 0.371976401179941 0.029498525073746312 0.023008849557522124
1 0.47079646017699117 0.3746312684365782 0.030678466076696165 0.01887905604719764
1 0.6162241887905605 0.36106194690265486 0.032448377581120944 0.020058997050147492
1 0.7589970501474926 0.37374631268436576 0.03126843657817109 0.018289085545722714
1 0.904424778761062 0.38259587020648966 0.027138643067846607 0.02182890855457227
1 0.1607669616519174 0.4849557522123894 0.028908554572271386 0.01887905604719764
1 0.31091445427728615 0.48584070796460177 0.03303834808259587 0.02182890855457227
1 0.4607669616519174 0.47787610619469023 0.03185840707964602 0.020058997050147492
1 0.6171091445427729 0.4988200589970501 0.030678466076696165 0.02536873156342183
1 0.7625368731563422 0.5289085545722714 0.03008849557522124 0.02064896755162242
1 0.9103244837758112 0.5244837758112094 0.02831858407079646 0.021238938053097345
1 0.9017699115044248 0.6648967551622419 0.03008849557522124 0.01887905604719764
1 0.787905604719764 0.6710914454277286 0.0359882005899705 0.02182890855457227
1 0.6262536873156342 0.6778761061946903 0.03480825958702065 0.017699115044247787
1 0.48525073746312686 0.6466076696165192 0.0359882005899705 0.022418879056047197
1 0.3094395280235988 0.8539823008849557 0.02064896755162242 0.03480825958702065
1 0.15457227138643068 0.6353982300884956 0.03185840707964602 0.01887905604719764
1 0.31946902654867254 0.6525073746312684 0.04070796460176991 0.021238938053097345
1 0.15368731563421828 0.8784660766961652 0.0359882005899705 0.017699115044247787
1 0.4631268436578171 0.8545722713864307 0.03185840707964602 0.023008849557522124
1 0.6138643067846608 0.8533923303834808 0.02536873156342183 0.027728613569321534
1 0.7699115044247787 0.8545722713864307 0.030678466076696165 0.019469026548672566
1 0.9002949852507375 0.8702064896755162 0.029498525073746312 0.027138643067846607
