1 0.1480825958702065 0.1893805309734513 0.03421828908554572 0.022418879056047197
1 0.30737463126843656 0.19410029498525072 0.03421828908554572 0.025958702064896755
1 0.4870206489675516 0.18613569321533924 0.032448377581120944 0.01710914454277286
1 0.6286135693215339 0.1831858407079646 0.03952802359882006 0.014749262536873156
1 0.7628318584070797 0.1905604719764012 0.030678466076696165 0.016519174041297935
1 0.876401179941003 0.18908554572271385 0.028908554572271386 0.018289085545722714
1 0.8876106194690265 0.33657817109144544 0.033628318584070796 0.019469026548672566
1 0.7684365781710915 0.3303834808259587 0.033628318584070796 0.020058997050147492
1 0.6342182890855457 0.335693215339233 0.029498525073746312 0.02359882005899705
1 0.47109144542772863 0.3392330383480826 0.027728613569321534 0.012979351032448377
1 0.31091445427728615 0.3421828908554572 0.02831858407079646 0.021238938053097345
1 0.1463126843657817 0.3380530973451327 0.035398230088495575 0.017699115044247787
1 0.14424778761061946 0.508259587020649 0.032448377581120944 0.018289085545722714
1 0.30265486725663715 0.5035398230088496 0.03303834808259587 0.01592920353982301
1 0.452212389380531 0.5 0.03008849557522124 0.019469026548672566
1 0.6294985250737463 0.49380530973451325 0.03303834808259587 0.022418879056047197
1 0.7640117994100295 0.47286135693215336 0.029498525073746312 0.02182890855457227
1 0.8811209439528024 0.47404129793510325 0.023008849557522124 0.019469026548672566
1 0.8781710914454277 0.631858407079646 0.032448377581120944 0.024778761061946902
1 0.7657817109144542 0.6389380530973451 0.03303834808259587 0.01887905604719764
1 0.6297935103244837 0.6292035398230088 0.03126843657817109 0.019469026548672566
1 0.45368731563421827 0.631858407079646 0.035398230088495575 0.024778761061946902
1 0.3088495575221239 0.6345132743362831 0.027728613569321534 0.02064896755162242
1 0.13451327433628318 0.6218289085545723 0.03185840707964602 0.02359882005899705
1 0.14188790560471976 0.7651917404129793 0.03126843657817109 0.020058997050147492
1 0.29410029498525075 0.771386430678466 0.03716814159292035 0.018289085545722714
1 0.4569321533923304 0.7687315634218289 0.03716814159292035 0.016519174041297935
1 0.6044247787610619 0.7710914454277286 0.03480825958702065 0.021238938053097345
1 0.7551622418879056 0.7705014749262536 0.027138643067846607 0.016519174041297935
1 0.876401179941003 0.7710914454277286 0.032448377581120944 0.021238938053097345
1 0.8882005899705014 0.8952802359882006 0.03480825958702065 0.02182890855457227
1 0.7424778761061946 0.8949852507374632 0.032448377581120944 0.017699115044247787
1 0.6035398230088496 0.8902654867256637 0.030678466076696165 0.02359882005899705
1 0.4569321533923304 0.8923303834808259 0.03008849557522124 0.023008849557522124
1 0.28820058997050146 0.8837758112094395 0.03008849557522124 0.022418879056047197
1 0.14365781710914455 0.8766961651917404 0.03716814159292035 0.022418879056047197
