1 0.13156342182890857 0.0943952802359882 0.04837758112094395 0.04247787610619469
0 0.28023598820059 0.08495575221238938 0.03657817109144543 0.035398230088495575
0 0.34100294985250734 0.09587020648967551 0.03421828908554572 0.03126843657817109
0 0.5097345132743363 0.11386430678466077 0.03657817109144543 0.03303834808259587
0 0.7259587020648968 0.09970501474926254 0.03126843657817109 0.030678466076696165
0 0.8631268436578171 0.0855457227138643 0.04837758112094395 0.04247787610619469
0 0.8595870206489675 0.22330383480825958 0.0471976401179941 0.06902654867256637
0 0.7088495575221239 0.2392330383480826 0.03952802359882006 0.04070796460176991
1 0.5209439528023598 0.2563421828908555 0.05545722713864307 0.0359882005899705
1 0.3943952802359882 0.25398230088495577 0.052507374631268436 0.05958702064896755
1 0.2651917404129793 0.2604719764011799 0.038348082595870206 0.03480825958702065
0 0.14454277286135692 0.25663716814159293 0.058997050147492625 0.035398230088495575
0 0.12566371681415928 0.4218289085545723 0.06725663716814159 0.04247787610619469
0 0.2926253687315634 0.38377581120943954 0.07669616519174041 0.0831858407079646
0 0.46342182890855455 0.403834808259587 0.038348082595870206 0.07964601769911504
0 0.564306784660767 0.42625368731563423 0.04070796460176991 0.09970501474926254
0 0.7011799410029499 0.4073746312684366 0.0584070796460177 0.04070796460176991
0 0.848377581120944 0.44483775811209436 0.02831858407079646 0.040117994100294985
0 0.8548672566371681 0.5769911504424778 0.06135693215339233 0.06843657817109144
1 0.6805309734513274 0.5495575221238937 0.04660766961651917 0.04896755162241888
0 0.5581120943952802 0.536283185840708 0.04601769911504425 0.03893805309734513
0 0.4014749262536873 0.5814159292035398 0.04188790560471976 0.07610619469026549
1 0.2587020648967552 0.5749262536873156 0.0359882005899705 0.04070796460176991
1 0.11858407079646018 0.5495575221238937 0.044837758112094395 0.038348082595870206
1 0.11740412979351032 0.6604719764011799 0.03185840707964602 0.05132743362831858
0 0.2622418879056047 0.647787610619469 0.04896755162241888 0.07787610619469026
0 0.43215339233038347 0.7094395280235988 0.08790560471976401 0.05486725663716814
0 0.5796460176991151 0.6946902654867256 0.04070796460176991 0.05132743362831858
1 0.671976401179941 0.691150442477876 0.04837758112094395 0.03480825958702065
0 0.8374631268436578 0.6988200589970501 0.08436578171091445 0.06548672566371681
0 0.8327433628318583 0.8769911504424779 0.0607669616519174 0.04542772861356932
0 0.6988200589970501 0.9014749262536873 0.04424778761061947 0.06371681415929203
0 0.5687315634218288 0.8979351032448377 0.03185840707964602 0.040117994100294985
0 0.3887905604719764 0.8345132743362832 0.03893805309734513 0.07374631268436578
1 0.10943952802359883 0.8424778761061946 0.04070796460176991 0.040117994100294985
0 0.22920353982300884 0.8908554572271387 0.07138643067846608 0.04247787610619469
