0 0.10206489675516224 0.11651917404129794 0.03657817109144543 0.027728613569321534
0 0.20530973451327433 0.1584070796460177 0.07079646017699115 0.11268436578171091
0 0.35162241887905604 0.10619469026548672 0.04247787610619469 0.040117994100294985
0 0.48112094395280236 0.12949852507374632 0.1327433628318584 0.0808259587020649
0 0.6368731563421829 0.1415929203539823 0.11150442477876106 0.0696165191740413
0 0.7663716814159292 0.17345132743362832 0.06607669616519174 0.08259587020648967
0 0.12064896755162241 0.2775811209439528 0.05132743362831858 0.08790560471976401
1 0.23480825958702065 0.26430678466076696 0.05073746312684366 0.04247787610619469
0 0.3374631268436578 0.2651917404129793 0.07905604719764012 0.038348082595870206
1 0.5047197640117994 0.28023598820059 0.03952802359882006 0.03185840707964602
0 0.6554572271386431 0.2545722713864307 0.0920353982300885 0.07374631268436578
0 0.7716814159292036 0.24188790560471976 0.11209439528023599 0.05309734513274336
0 0.11179941002949853 0.46755162241887904 0.05368731563421829 0.04070796460176991
0 0.26253687315634217 0.41386430678466074 0.11091445427728613 0.07256637168141593
0 0.37610619469026546 0.4545722713864307 0.07728613569321534 0.1504424778761062
1 0.5026548672566371 0.40176991150442476 0.054277286135693215 0.04601769911504425
0 0.7823008849557522 0.42566371681415927 0.04365781710914454 0.04660766961651917
0 0.671976401179941 0.4604719764011799 0.11563421828908554 0.052507374631268436
0 0.1504424778761062 0.5908554572271386 0.03775811209439528 0.04424778761061947
0 0.32654867256637166 0.6156342182890855 0.07728613569321534 0.14690265486725662
0 0.4206489675516224 0.6044247787610619 0.11091445427728613 0.0808259587020649
0 0.5330383480825959 0.5194690265486726 0.04660766961651917 0.04070796460176991
0 0.6634218289085546 0.5616519174041298 0.10442477876106195 0.12979351032448377
0 0.779646017699115 0.5572271386430678 0.038348082595870206 0.052507374631268436
0 0.7743362831858407 0.6722713864306784 0.11976401179941003 0.10088495575221239
0 0.6890855457227139 0.6755162241887905 0.05073746312684366 0.05191740412979351
0 0.5445427728613569 0.6672566371681415 0.07787610619469026 0.07551622418879056
1 0.1696165191740413 0.6914454277286135 0.038348082595870206 0.035398230088495575
1 0.2693215339233038 0.7294985250737464 0.033628318584070796 0.038348082595870206
1 0.2710914454277286 0.7702064896755162 0.027728613569321534 0.03716814159292035
0 0.11415929203539824 0.8132743362831858 0.05132743362831858 0.08200589970501475
0 0.4345132743362832 0.7604719764011799 0.1351032448377581 0.11799410029498525
0 0.3893805309734513 0.8504424778761062 0.12035398230088495 0.12330383480825959
0 0.5507374631268437 0.840117994100295 0.07020648967551622 0.12861356932153392
0 0.6530973451327433 0.783480825958702 0.054277286135693215 0.08377581120943953
0 0.7666666666666666 0.7828908554572271 0.17758112094395279 0.06253687315634218
