0 0.11740412979351032 0.07669616519174041 0.03657817109144543 0.0696165191740413
0 0.259882005899705 0.0663716814159292 0.047787610619469026 0.06784660766961652
0 0.4067846607669616 0.07758112094395281 0.03952802359882006 0.06548672566371681
1 0.5392330383480826 0.13215339233038348 0.03421828908554572 0.03657817109144543
0 0.6914454277286135 0.0710914454277286 0.05545722713864307 0.06312684365781711
0 0.856637168141593 0.09823008849557521 0.03421828908554572 0.033628318584070796
0 0.8528023598820059 0.2587020648967552 0.05486725663716814 0.03480825958702065
1 0.7067846607669617 0.24218289085545722 0.03657817109144543 0.04424778761061947
0 0.5336283185840708 0.2696165191740413 0.027728613569321534 0.05309734513274336
0 0.38997050147492623 0.19882005899705013 0.08849557522123894 0.07551622418879056
0 0.24896755162241888 0.20648967551622419 0.05191740412979351 0.054277286135693215
0 0.12507374631268436 0.2533923303834808 0.054277286135693215 0.06430678466076696
0 0.12979351032448377 0.3339233038348083 0.03185840707964602 0.07787610619469026
0 0.22920353982300884 0.33480825958702065 0.04424778761061947 0.09498525073746313
0 0.3646017699115044 0.34365781710914456 0.049557522123893805 0.05486725663716814
0 0.5474926253687316 0.3383480825958702 0.06843657817109144 0.052507374631268436
1 0.8669616519174042 0.39085545722713866 0.03716814159292035 0.03952802359882006
0 0.6893805309734513 0.38377581120943954 0.04542772861356932 0.05958702064896755
0 0.1368731563421829 0.5342182890855457 0.05073746312684366 0.06784660766961652
0 0.2271386430678466 0.5572271386430678 0.040117994100294985 0.07374631268436578
0 0.36106194690265486 0.48200589970501473 0.049557522123893805 0.0471976401179941
0 0.5297935103244837 0.48023598820059 0.05309734513274336 0.0696165191740413
0 0.6949852507374631 0.5292035398230088 0.03185840707964602 0.07079646017699115
0 0.8507374631268436 0.5221238938053098 0.03775811209439528 0.071976401179941
1 0.12536873156342182 0.6938053097345133 0.047787610619469026 0.11445427728613569
0 0.2215339233038348 0.6952802359882005 0.03716814159292035 0.0855457227138643
0 0.36991150442477877 0.6823008849557523 0.04129793510324484 0.07256637168141593
0 0.512684365781711 0.6253687315634218 0.03775811209439528 0.06017699115044248
0 0.6864306784660766 0.6312684365781711 0.04896755162241888 0.058997050147492625
1 0.8513274336283185 0.6607669616519174 0.044837758112094395 0.030678466076696165
0 0.848377581120944 0.8404129793510324 0.04837758112094395 0.05958702064896755
0 0.6831858407079646 0.8277286135693215 0.040117994100294985 0.07669616519174041
0 0.5032448377581121 0.7867256637168142 0.06843657817109144 0.05486725663716814
0 0.36843657817109143 0.8023598820058997 0.03716814159292035 0.06135693215339233
0 0.23244837758112094 0.8306784660766962 0.03657817109144543 0.10029498525073746
0 0.13952802359882005 0.8132743362831858 0.08672566371681416 0.043067846607669616
