0 0.15221238938053097 0.18171091445427728 0.054277286135693215 0.05191740412979351
0 0.2952802359882006 0.16430678466076695 0.07374631268436578 0.06430678466076696
0 0.49321533923303834 0.22566371681415928 0.06489675516224189 0.05958702064896755
0 0.6289085545722713 0.21887905604719765 0.03657817109144543 0.07669616519174041
0 0.7784660766961652 0.17345132743362832 0.052507374631268436 0.10147492625368731
0 0.8592920353982301 0.1935103244837758 0.0808259587020649 0.04837758112094395
0 0.8896755162241887 0.34041297935103243 0.04837758112094395 0.1592920353982301
0 0.783480825958702 0.3094395280235988 0.058997050147492625 0.10324483775811209
0 0.6389380530973451 0.3053097345132743 0.07669616519174041 0.07374631268436578
0 0.14749262536873156 0.36696165191740415 0.04365781710914454 0.054277286135693215
0 0.31710914454277284 0.37256637168141593 0.052507374631268436 0.04542772861356932
0 0.5 0.39557522123893807 0.047787610619469026 0.05958702064896755
0 0.7743362831858407 0.4463126843657817 0.05368731563421829 0.10088495575221239
0 0.8651917404129793 0.4672566371681416 0.06312684365781711 0.07905604719764012
0 0.15250737463126843 0.48584070796460177 0.033628318584070796 0.07728613569321534
0 0.3064896755162242 0.48525073746312686 0.032448377581120944 0.0855457227138643
0 0.47109144542772863 0.5265486725663717 0.052507374631268436 0.07492625368731563
0 0.6410029498525074 0.5374631268436578 0.04896755162241888 0.05191740412979351
0 0.13392330383480827 0.6144542772861357 0.04247787610619469 0.05486725663716814
1 0.31327433628318585 0.6300884955752213 0.04247787610619469 0.05191740412979351
0 0.45309734513274336 0.6699115044247788 0.06135693215339233 0.0607669616519174
0 0.6351032448377582 0.6286135693215339 0.05132743362831858 0.10206489675516224
0 0.7849557522123893 0.6926253687315634 0.04896755162241888 0.1191740412979351
0 0.8699115044247787 0.6834808259587021 0.03952802359882006 0.07020648967551622
0 0.8793510324483775 0.7631268436578171 0.061946902654867256 0.07492625368731563
0 0.7542772861356932 0.8156342182890856 0.05132743362831858 0.052507374631268436
0 0.6430678466076696 0.8156342182890856 0.12271386430678466 0.038348082595870206
0 0.4713864306784661 0.7377581120943952 0.07551622418879056 0.05368731563421829
0 0.29705014749262537 0.7740412979351032 0.05958702064896755 0.04601769911504425
0 0.1424778761061947 0.7755162241887905 0.05604719764011799 0.06312684365781711
0 0.14601769911504425 0.8994100294985251 0.033628318584070796 0.04070796460176991
0 0.32271386430678467 0.9412979351032448 0.10737463126843658 0.05604719764011799
1 0.46342182890855455 0.8793510324483775 0.02654867256637168 0.038348082595870206
0 0.5961651917404129 0.9330383480825959 0.047787610619469026 0.06902654867256637
0 0.7424778761061946 0.9466076696165192 0.06902654867256637 0.0584070796460177
0 0.879646017699115 0.935693215339233 0.05191740412979351 0.10029498525073746
