0 0.15575221238938053 0.17699115044247787 0.054277286135693215 0.06371681415929203
0 0.2991150442477876 0.1631268436578171 0.08731563421828908 0.061946902654867256
0 0.49616519174041296 0.22861356932153393 0.06253687315634218 0.0584070796460177
0 0.6324483775811209 0.21858407079646017 0.03893805309734513 0.07492625368731563
0 0.7737463126843658 0.1654867256637168 0.03126843657817109 0.07492625368731563
0 0.8581120943952802 0.19380530973451326 0.09616519174041298 0.04660766961651917
0 0.8722713864306785 0.3174041297935103 0.04424778761061947 0.1392330383480826
0 0.7873156342182891 0.30914454277286135 0.05368731563421829 0.09911504424778761
0 0.6312684365781711 0.32359882005899704 0.04837758112094395 0.08908554572271386
0 0.4882005899705015 0.3926253687315634 0.04188790560471976 0.0607669616519174
0 0.31799410029498526 0.3775811209439528 0.040117994100294985 0.05663716814159292
0 0.14896755162241887 0.36430678466076694 0.0359882005899705 0.03952802359882006
0 0.14985250737463127 0.48584070796460177 0.03775811209439528 0.07846607669616519
0 0.30442477876106194 0.4846607669616519 0.03893805309734513 0.08436578171091445
0 0.7769911504424779 0.45014749262536874 0.058997050147492625 0.0967551622418879
0 0.8628318584070797 0.4696165191740413 0.0584070796460177 0.0696165191740413
0 0.640117994100295 0.536283185840708 0.04837758112094395 0.05309734513274336
0 0.4696165191740413 0.5297935103244837 0.06017699115044248 0.07079646017699115
0 0.3123893805309734 0.6271386430678466 0.04424778761061947 0.05781710914454277
1 0.12448377581120944 0.6182890855457227 0.05309734513274336 0.05191740412979351
1 0.1495575221238938 0.7551622418879056 0.04896755162241888 0.0471976401179941
0 0.2914454277286136 0.7707964601769911 0.04837758112094395 0.061946902654867256
0 0.4622418879056047 0.7486725663716814 0.03952802359882006 0.05073746312684366
0 0.4581120943952802 0.6755162241887905 0.07020648967551622 0.06607669616519174
0 0.6377581120943953 0.6575221238938053 0.049557522123893805 0.06548672566371681
0 0.7716814159292036 0.6834808259587021 0.04601769911504425 0.12212389380530973
0 0.8710914454277287 0.6873156342182891 0.03952802359882006 0.08141592920353982
0 0.8802359882005899 0.7619469026548672 0.06017699115044248 0.07610619469026549
0 0.7542772861356932 0.8185840707964601 0.04896755162241888 0.06430678466076696
0 0.6203539823008849 0.8200589970501475 0.11386430678466077 0.07079646017699115
0 0.14424778761061946 0.9156342182890855 0.033628318584070796 0.040117994100294985
0 0.31887905604719763 0.9362831858407079 0.10324483775811209 0.05309734513274336
1 0.46106194690265484 0.8808259587020649 0.033628318584070796 0.03657817109144543
0 0.5961651917404129 0.9327433628318584 0.03716814159292035 0.071976401179941
0 0.736283185840708 0.943952802359882 0.0471976401179941 0.07905604719764012
0 0.8876106194690265 0.9410029498525073 0.057227138643067846 0.08967551622418879
