1 0.09941002949852507 0.12595870206489676 0.03126843657817109 0.028908554572271386
1 0.22684365781710913 0.14424778761061946 0.027728613569321534 0.02182890855457227
1 0.384070796460177 0.14660766961651917 0.022418879056047197 0.023008849557522124
1 0.5374631268436578 0.1430678466076696 0.035398230088495575 0.02536873156342183
1 0.6902654867256637 0.14424778761061946 0.022418879056047197 0.04424778761061947
1 0.8469026548672566 0.11887905604719765 0.03716814159292035 0.018289085545722714
1 0.10058997050147492 0.33480825958702065 0.02654867256637168 0.02536873156342183
1 0.21533923303834807 0.3274336283185841 0.02831858407079646 0.01887905604719764
1 0.3746312684365782 0.3233038348082596 0.040117994100294985 0.021238938053097345
1 0.5185840707964602 0.34985250737463125 0.030678466076696165 0.021238938053097345
1 0.6814159292035398 0.3445427728613569 0.03185840707964602 0.020058997050147492
1 0.8442477876106195 0.3613569321533923 0.03185840707964602 0.02182890855457227
1 0.8404129793510324 0.5132743362831859 0.038348082595870206 0.022418879056047197
1 0.6884955752212389 0.512684365781711 0.030678466076696165 0.02359882005899705
1 0.53952802359882 0.5230088495575221 0.032448377581120944 0.02182890855457227
1 0.3846607669616519 0.5017699115044247 0.035398230088495575 0.023008849557522124
1 0.240117994100295 0.47168141592920354 0.030678466076696165 0.02064896755162242
1 0.08938053097345133 0.47522123893805307 0.02654867256637168 0.01592920353982301
1 0.0952802359882006 0.6141592920353982 0.028908554572271386 0.02359882005899705
1 0.24336283185840707 0.6241887905604719 0.03008849557522124 0.022418879056047197
1 0.387905604719764 0.6356932153392331 0.032448377581120944 0.014749262536873156
1 0.5286135693215339 0.6259587020648968 0.03893805309734513 0.021238938053097345
1 0.6858407079646017 0.6294985250737463 0.028908554572271386 0.01887905604719764
1 0.8433628318584071 0.6339233038348082 0.0359882005899705 0.02064896755162242
1 0.8480825958702065 0.7784660766961652 0.03126843657817109 0.03126843657817109
1 0.7064896755162242 0.7752212389380531 0.0359882005899705 0.02831858407079646
1 0.10383480825958702 0.7622418879056048 0.03657817109144543 0.020058997050147492
1 0.24985250737463127 0.7631268436578171 0.03126843657817109 0.023008849557522124
1 0.3991150442477876 0.7669616519174041 0.03952802359882006 0.021238938053097345
1 0.552212389380531 0.7710914454277286 0.03657817109144543 0.022418879056047197
1 0.10855457227138643 0.9011799410029498 0.02831858407079646 0.024188790560471976
1 0.2646017699115044 0.9020648967551622 0.03480825958702065 0.01887905604719764
1 0.4088495575221239 0.9106194690265487 0.03185840707964602 0.03008849557522124
1 0.564306784660767 0.9132743362831859 0.028908554572271386 0.025958702064896755
1 0.7091445427728613 0.9144542772861357 0.03185840707964602 0.024778761061946902
1 0.8669616519174042 0.903244837758112 0.033628318584070796 0.022418879056047197
