0 0.2303834808259587 0.21651917404129795 0.1799410029498525 0.07315634218289085
0 0.347787610619469 0.21533923303834807 0.04896755162241888 0.071976401179941
0 0.4539823008849557 0.16371681415929204 0.07846607669616519 0.12212389380530973
0 0.6129793510324484 0.15191740412979352 0.11799410029498525 0.11976401179941003
0 0.8908554572271387 0.17728613569321533 0.04129793510324484 0.09498525073746313
0 0.22654867256637168 0.3292035398230089 0.12271386430678466 0.09557522123893805
0 0.3141592920353982 0.32359882005899704 0.04896755162241888 0.05604719764011799
0 0.4557522123893805 0.3345132743362832 0.07020648967551622 0.06135693215339233
0 0.5716814159292035 0.24336283185840707 0.11091445427728613 0.12448377581120944
1 0.7256637168141593 0.22595870206489677 0.030678466076696165 0.03775811209439528
0 0.7271386430678466 0.27256637168141595 0.03008849557522124 0.03893805309734513
1 0.8333333333333334 0.3058997050147493 0.043067846607669616 0.043067846607669616
0 0.8530973451327434 0.40294985250737464 0.03421828908554572 0.04837758112094395
0 0.21474926253687315 0.44483775811209436 0.03185840707964602 0.04601769911504425
0 0.33126843657817107 0.43805309734513276 0.10442477876106195 0.12920353982300886
0 0.46578171091445425 0.47787610619469023 0.047787610619469026 0.04601769911504425
0 0.5805309734513274 0.39764011799410026 0.1168141592920354 0.07669616519174041
0 0.6696165191740413 0.3855457227138643 0.07787610619469026 0.1504424778761062
0 0.22064896755162242 0.5743362831858407 0.03185840707964602 0.03716814159292035
0 0.3303834808259587 0.5412979351032449 0.10029498525073746 0.05604719764011799
0 0.6203539823008849 0.547787610619469 0.07138643067846608 0.13628318584070798
0 0.7321533923303835 0.5882005899705015 0.09321533923303835 0.06017699115044248
1 0.49380530973451325 0.6029498525073747 0.05309734513274336 0.04129793510324484
1 0.8955752212389381 0.5398230088495575 0.04247787610619469 0.04129793510324484
0 0.8802359882005899 0.7241887905604719 0.04365781710914454 0.06902654867256637
1 0.768141592920354 0.7262536873156342 0.0471976401179941 0.035398230088495575
0 0.6619469026548672 0.7327433628318584 0.071976401179941 0.03657817109144543
1 0.49852507374631266 0.716519174041298 0.04129793510324484 0.03952802359882006
0 0.3448377581120944 0.7386430678466076 0.09262536873156342 0.07079646017699115
0 0.22123893805309736 0.7672566371681416 0.12389380530973451 0.0607669616519174
0 0.23333333333333334 0.8262536873156342 0.06312684365781711 0.07492625368731563
0 0.3648967551622419 0.859882005899705 0.1056047197640118 0.06666666666666667
0 0.5206489675516224 0.863716814159292 0.12330383480825959 0.08141592920353982
0 0.6471976401179941 0.8914454277286136 0.04247787610619469 0.04129793510324484
0 0.7967551622418879 0.8424778761061946 0.07256637168141593 0.10147492625368731
0 0.8976401179941003 0.8831858407079646 0.04070796460176991 0.03421828908554572
