1 0.06430678466076696 0.14365781710914455 0.02831858407079646 0.01592920353982301
1 0.2368731563421829 0.14896755162241887 0.03126843657817109 0.033628318584070796
1 0.37492625368731564 0.1410029498525074 0.03008849557522124 0.021238938053097345
1 0.5510324483775811 0.12359882005899706 0.02831858407079646 0.024188790560471976
1 0.6991150442477876 0.1168141592920354 0.03303834808259587 0.027138643067846607
1 0.8778761061946903 0.10884955752212389 0.02831858407079646 0.023008849557522124
1 0.8799410029498524 0.27463126843657815 0.03716814159292035 0.02064896755162242
1 0.6991150442477876 0.28112094395280235 0.029498525073746312 0.02654867256637168
1 0.5424778761061947 0.29882005899705016 0.03952802359882006 0.027728613569321534
1 0.384070796460177 0.30117994100294987 0.029498525073746312 0.019469026548672566
1 0.24424778761061947 0.2976401179941003 0.027138643067846607 0.024188790560471976
1 0.07138643067846608 0.2976401179941003 0.03303834808259587 0.018289085545722714
1 0.06312684365781711 0.44778761061946903 0.02831858407079646 0.020058997050147492
1 0.23952802359882006 0.4451327433628319 0.030678466076696165 0.02182890855457227
1 0.3905604719764012 0.4463126843657817 0.03185840707964602 0.027728613569321534
1 0.5489675516224188 0.443952802359882 0.03480825958702065 0.02536873156342183
1 0.7126843657817109 0.4398230088495575 0.029498525073746312 0.014749262536873156
1 0.8722713864306785 0.43864306784660767 0.033628318584070796 0.023008849557522124
1 0.06401179941002949 0.5949852507374631 0.02536873156342183 0.02536873156342183
1 0.24896755162241888 0.587315634218289 0.03185840707964602 0.02182890855457227
1 0.39321533923303836 0.5772861356932153 0.032448377581120944 0.024188790560471976
1 0.5474926253687316 0.5766961651917404 0.03303834808259587 0.01710914454277286
1 0.7153392330383481 0.5793510324483776 0.03716814159292035 0.027138643067846607
1 0.876401179941003 0.5828908554572272 0.038348082595870206 0.02359882005899705
1 0.8687315634218289 0.7032448377581121 0.02536873156342183 0.03657817109144543
1 0.7067846607669617 0.7 0.03303834808259587 0.03008849557522124
0 0.5469026548672566 0.7026548672566372 0.035398230088495575 0.02359882005899705
0 0.39764011799410026 0.7103244837758111 0.04601769911504425 0.02359882005899705
0 0.2424778761061947 0.7200589970501475 0.02831858407079646 0.0359882005899705
0 0.06430678466076696 0.7256637168141593 0.029498525073746312 0.030678466076696165
0 0.06401179941002949 0.8292035398230089 0.03126843657817109 0.02064896755162242
0 0.23215339233038348 0.8315634218289085 0.03126843657817109 0.02064896755162242
0 0.403834808259587 0.8324483775811209 0.02654867256637168 0.027138643067846607
0 0.5528023598820059 0.8463126843657817 0.035398230088495575 0.019469026548672566
0 0.7209439528023599 0.8339233038348083 0.027138643067846607 0.027728613569321534
0 0.8713864306784661 0.8687315634218289 0.025958702064896755 0.032448377581120944
