0 0.10294985250737462 0.115929203539823 0.03480825958702065 0.03126843657817109
0 0.20589970501474925 0.15516224188790562 0.0743362831858407 0.09793510324483776
0 0.35221238938053095 0.11209439528023599 0.03893805309734513 0.049557522123893805
0 0.48200589970501473 0.13539823008849558 0.12389380530973451 0.07610619469026549
0 0.6324483775811209 0.14129793510324484 0.09557522123893805 0.06548672566371681
0 0.7648967551622419 0.17286135693215338 0.06784660766961652 0.08023598820058997
0 0.1191740412979351 0.2749262536873156 0.04129793510324484 0.071976401179941
1 0.22979351032448378 0.26371681415929205 0.04542772861356932 0.03421828908554572
0 0.33952802359882006 0.2654867256637168 0.07374631268436578 0.03775811209439528
1 0.5029498525073747 0.279646017699115 0.04070796460176991 0.03303834808259587
0 0.6584070796460177 0.2584070796460177 0.09793510324483776 0.058997050147492625
0 0.759882005899705 0.2365781710914454 0.06725663716814159 0.05191740412979351
1 0.10619469026548672 0.4569321533923304 0.04247787610619469 0.043067846607669616
0 0.2654867256637168 0.4117994100294985 0.09557522123893805 0.06253687315634218
0 0.38141592920353984 0.45545722713864306 0.07256637168141593 0.1463126843657817
1 0.5056047197640118 0.396165191740413 0.05073746312684366 0.04070796460176991
0 0.5351032448377581 0.5182890855457227 0.04365781710914454 0.043067846607669616
0 0.6690265486725664 0.4616519174041298 0.09911504424778761 0.052507374631268436
0 0.7769911504424779 0.42802359882005897 0.03775811209439528 0.038348082595870206
0 0.6728613569321534 0.5613569321533923 0.1079646017699115 0.12094395280235988
0 0.7787610619469026 0.5542772861356932 0.025958702064896755 0.05486725663716814
0 0.7722713864306785 0.6728613569321534 0.1168141592920354 0.10088495575221239
0 0.6852507374631268 0.6778761061946903 0.05014749262536873 0.05309734513274336
0 0.5424778761061947 0.668141592920354 0.07374631268436578 0.0584070796460177
0 0.4153392330383481 0.6029498525073747 0.10619469026548672 0.0696165191740413
0 0.3315634218289085 0.6129793510324484 0.08023598820058997 0.143952802359882
0 0.14749262536873156 0.5973451327433629 0.03303834808259587 0.04896755162241888
1 0.1678466076696165 0.6917404129793511 0.04070796460176991 0.043067846607669616
0 0.11238938053097344 0.8224188790560472 0.05368731563421829 0.08259587020648967
0 0.2728613569321534 0.7262536873156342 0.03008849557522124 0.03893805309734513
0 0.27463126843657815 0.7743362831858407 0.033628318584070796 0.04424778761061947
0 0.42920353982300885 0.7563421828908554 0.11386430678466077 0.10147492625368731
0 0.3887905604719764 0.8530973451327434 0.1168141592920354 0.11799410029498525
0 0.5474926253687316 0.8327433628318583 0.07669616519174041 0.13156342182890857
0 0.6545722713864307 0.7876106194690266 0.04660766961651917 0.07787610619469026
0 0.7728613569321534 0.7805309734513274 0.1687315634218289 0.06135693215339233
