0 0.09616519174041298 0.10855457227138643 0.04129793510324484 0.040117994100294985
0 0.20648967551622419 0.15722713864306784 0.06489675516224189 0.1056047197640118
0 0.35398230088495575 0.11268436578171091 0.04365781710914454 0.05073746312684366
0 0.4817109144542773 0.1351032448377581 0.12920353982300886 0.09911504424778761
0 0.6424778761061947 0.12861356932153392 0.10855457227138643 0.0696165191740413
0 0.7557522123893805 0.17522123893805308 0.08141592920353982 0.08023598820058997
0 0.12389380530973451 0.2766961651917404 0.044837758112094395 0.07905604719764012
0 0.21946902654867256 0.26135693215339234 0.03185840707964602 0.029498525073746312
0 0.33126843657817107 0.2843657817109144 0.0808259587020649 0.03893805309734513
1 0.492330383480826 0.28466076696165193 0.047787610619469026 0.043067846607669616
0 0.6601769911504425 0.25663716814159293 0.0943952802359882 0.0696165191740413
0 0.7693215339233038 0.231858407079646 0.11091445427728613 0.05191740412979351
0 0.11002949852507374 0.46283185840707963 0.052507374631268436 0.03480825958702065
0 0.2581120943952802 0.40353982300884955 0.08908554572271386 0.08849557522123894
0 0.3746312684365782 0.4604719764011799 0.08141592920353982 0.13864306784660768
0 0.503834808259587 0.4002949852507375 0.05545722713864307 0.047787610619469026
0 0.664306784660767 0.4640117994100295 0.1215339233038348 0.06548672566371681
0 0.7793510324483776 0.42625368731563423 0.04247787610619469 0.043067846607669616
0 0.7811209439528024 0.5525073746312684 0.03421828908554572 0.05014749262536873
0 0.6699115044247788 0.5474926253687316 0.10678466076696165 0.11445427728613569
0 0.536283185840708 0.5191740412979351 0.04601769911504425 0.04365781710914454
0 0.3793510324483776 0.5902654867256637 0.07315634218289085 0.07846607669616519
0 0.33067846607669615 0.6132743362831858 0.07374631268436578 0.15398230088495574
0 0.1584070796460177 0.5793510324483776 0.05014749262536873 0.058997050147492625
1 0.16578171091445426 0.6887905604719764 0.05191740412979351 0.03952802359882006
0 0.27404129793510323 0.7162241887905605 0.02654867256637168 0.03303834808259587
0 0.42359882005899707 0.7533923303834809 0.10501474926253687 0.11091445427728613
0 0.5451327433628319 0.6752212389380531 0.08259587020648967 0.06666666666666667
0 0.6870206489675517 0.6737463126843658 0.04896755162241888 0.04837758112094395
0 0.7678466076696165 0.6722713864306784 0.08672566371681416 0.11740412979351032
0 0.7610619469026548 0.7858407079646017 0.17463126843657817 0.05781710914454277
0 0.6533923303834808 0.7808259587020648 0.0584070796460177 0.07846607669616519
0 0.5498525073746312 0.8410029498525073 0.0696165191740413 0.1327433628318584
0 0.3911504424778761 0.8486725663716814 0.1215339233038348 0.13392330383480827
1 0.2790560471976401 0.7982300884955752 0.035398230088495575 0.03421828908554572
0 0.10943952802359883 0.7955752212389381 0.05132743362831858 0.06548672566371681
