0 0.2752212389380531 0.25250737463126843 0.06784660766961652 0.1663716814159292
1 0.2575221238938053 0.3064896755162242 0.05958702064896755 0.03008849557522124
0 0.42330383480825956 0.20324483775811208 0.1079646017699115 0.12330383480825959
0 0.5383480825958702 0.1976401179941003 0.04070796460176991 0.07669616519174041
0 0.4882005899705015 0.3663716814159292 0.17758112094395279 0.05781710914454277
0 0.3696165191740413 0.3174041297935103 0.1079646017699115 0.16283185840707964
1 0.6731563421828909 0.1943952802359882 0.030678466076696165 0.033628318584070796
0 0.6191740412979351 0.3333333333333333 0.06666666666666667 0.12389380530973451
0 0.7988200589970501 0.17905604719764012 0.0743362831858407 0.12448377581120944
0 0.8935103244837758 0.22330383480825958 0.0855457227138643 0.17286135693215338
1 0.7551622418879056 0.32359882005899704 0.03421828908554572 0.027728613569321534
0 0.8946902654867257 0.34365781710914456 0.10088495575221239 0.17050147492625367
0 0.2327433628318584 0.44601769911504424 0.09852507374631268 0.05191740412979351
1 0.3256637168141593 0.443952802359882 0.03775811209439528 0.019469026548672566
1 0.4896755162241888 0.4837758112094395 0.04837758112094395 0.035398230088495575
0 0.6002949852507374 0.4672566371681416 0.05014749262536873 0.0943952802359882
1 0.7542772861356932 0.4421828908554572 0.02182890855457227 0.033628318584070796
0 0.876401179941003 0.4964601769911504 0.11976401179941003 0.08790560471976401
0 0.22861356932153393 0.5914454277286135 0.08200589970501475 0.04188790560471976
0 0.3949852507374631 0.6005899705014749 0.10088495575221239 0.19941002949852507
1 0.5268436578171092 0.5805309734513274 0.06017699115044248 0.03303834808259587
0 0.5926253687315635 0.5365781710914455 0.06784660766961652 0.12094395280235988
0 0.6790560471976401 0.5852507374631268 0.17817109144542773 0.0920353982300885
1 0.8448377581120944 0.5988200589970502 0.030678466076696165 0.054277286135693215
0 0.22595870206489677 0.7563421828908554 0.17227138643067846 0.09321533923303835
0 0.14454277286135692 0.9203539823008849 0.13215339233038348 0.10619469026548672
0 0.3359882005899705 0.863716814159292 0.061946902654867256 0.17935103244837758
0 0.38348082595870203 0.7498525073746313 0.0696165191740413 0.09557522123893805
0 0.4743362831858407 0.7123893805309734 0.16519174041297935 0.04424778761061947
1 0.6946902654867256 0.7156342182890856 0.03716814159292035 0.04365781710914454
0 0.852212389380531 0.6814159292035398 0.09970501474926254 0.05309734513274336
0 0.8769911504424779 0.8589970501474926 0.0808259587020649 0.10973451327433628
0 0.7268436578171091 0.8743362831858407 0.08023598820058997 0.06135693215339233
0 0.4905604719764012 0.8814159292035398 0.08790560471976401 0.1463126843657817
