0 0.12182890855457226 0.05663716814159292 0.06548672566371681 0.09911504424778761
0 0.2628318584070796 0.05929203539823009 0.07492625368731563 0.05486725663716814
1 0.4103244837758112 0.08023598820058997 0.0607669616519174 0.05781710914454277
1 0.5392330383480826 0.1191740412979351 0.04365781710914454 0.04601769911504425
0 0.6817109144542772 0.058997050147492625 0.10442477876106195 0.0471976401179941
1 0.8578171091445428 0.09587020648967551 0.04365781710914454 0.04188790560471976
0 0.12123893805309735 0.2374631268436578 0.06430678466076696 0.07610619469026549
0 0.243952802359882 0.1846607669616519 0.052507374631268436 0.058997050147492625
0 0.3648967551622419 0.18141592920353983 0.1374631268436578 0.052507374631268436
0 0.5359882005899705 0.2557522123893805 0.05486725663716814 0.06312684365781711
1 0.7112094395280236 0.22979351032448378 0.05604719764011799 0.05486725663716814
1 0.8572271386430679 0.2303834808259587 0.06017699115044248 0.05604719764011799
0 0.12772861356932153 0.3135693215339233 0.043067846607669616 0.07846607669616519
0 0.22212389380530972 0.3112094395280236 0.05604719764011799 0.12330383480825959
0 0.3631268436578171 0.36607669616519173 0.06312684365781711 0.1079646017699115
0 0.5457227138643068 0.33067846607669615 0.08023598820058997 0.06430678466076696
0 0.13628318584070798 0.5262536873156343 0.05781710914454277 0.06017699115044248
0 0.1374631268436578 0.7153392330383481 0.06607669616519174 0.07492625368731563
0 0.14277286135693215 0.8067846607669616 0.08849557522123894 0.052507374631268436
0 0.228023598820059 0.8353982300884956 0.04424778761061947 0.10265486725663717
0 0.3687315634218289 0.7802359882005899 0.04601769911504425 0.07846607669616519
0 0.36696165191740415 0.6926253687315634 0.06253687315634218 0.06253687315634218
0 0.21415929203539824 0.7017699115044248 0.04601769911504425 0.09970501474926254
0 0.215929203539823 0.5569321533923304 0.03893805309734513 0.08849557522123894
0 0.5283185840707965 0.46578171091445425 0.0607669616519174 0.06784660766961652
0 0.3613569321533923 0.4640117994100295 0.05368731563421829 0.05368731563421829
0 0.5064896755162241 0.6029498525073747 0.04070796460176991 0.05663716814159292
0 0.5047197640117994 0.7746312684365781 0.06548672566371681 0.0743362831858407
0 0.7053097345132743 0.8380530973451328 0.08672566371681416 0.06548672566371681
1 0.8480825958702065 0.8182890855457227 0.07020648967551622 0.07079646017699115
0 0.8528023598820059 0.636283185840708 0.05486725663716814 0.0584070796460177
0 0.6852507374631268 0.6265486725663717 0.07256637168141593 0.058997050147492625
0 0.6976401179941003 0.5182890855457227 0.052507374631268436 0.08908554572271386
0 0.8533923303834808 0.5117994100294985 0.04424778761061947 0.08908554572271386
0 0.6908554572271386 0.3817109144542773 0.049557522123893805 0.0471976401179941
1 0.8693215339233038 0.3846607669616519 0.04660766961651917 0.05781710914454277
