1 0.10353982300884956 0.12772861356932153 0.03126843657817109 0.028908554572271386
1 0.23067846607669618 0.14513274336283186 0.03185840707964602 0.024778761061946902
1 0.3852507374631268 0.14601769911504425 0.03185840707964602 0.04424778761061947
1 0.536283185840708 0.1430678466076696 0.03421828908554572 0.02654867256637168
1 0.6908554572271386 0.14454277286135692 0.03185840707964602 0.03893805309734513
1 0.8495575221238938 0.1200589970501475 0.03893805309734513 0.027728613569321534
1 0.09970501474926254 0.33539823008849556 0.03421828908554572 0.02536873156342183
1 0.2182890855457227 0.328023598820059 0.03303834808259587 0.021238938053097345
1 0.37551622418879055 0.32418879056047195 0.03008849557522124 0.02654867256637168
1 0.5165191740412979 0.35221238938053095 0.03716814159292035 0.022418879056047197
1 0.6805309734513274 0.3471976401179941 0.04188790560471976 0.03008849557522124
1 0.8436578171091446 0.3646017699115044 0.035398230088495575 0.025958702064896755
1 0.08908554572271386 0.47463126843657816 0.03657817109144543 0.028908554572271386
1 0.2374631268436578 0.4696165191740413 0.028908554572271386 0.025958702064896755
1 0.38141592920353984 0.5032448377581121 0.028908554572271386 0.027138643067846607
1 0.5392330383480826 0.5221238938053098 0.03775811209439528 0.03185840707964602
1 0.6893805309734513 0.5129793510324484 0.033628318584070796 0.023008849557522124
1 0.8415929203539823 0.515339233038348 0.03716814159292035 0.03126843657817109
1 0.09882005899705015 0.6185840707964602 0.03480825958702065 0.019469026548672566
1 0.2430678466076696 0.6271386430678466 0.03185840707964602 0.02359882005899705
1 0.38997050147492623 0.6377581120943953 0.04365781710914454 0.02359882005899705
1 0.5321533923303835 0.6259587020648968 0.04129793510324484 0.03421828908554572
1 0.6876106194690266 0.6294985250737463 0.038348082595870206 0.021238938053097345
1 0.8474926253687316 0.6351032448377582 0.038348082595870206 0.018289085545722714
1 0.10530973451327433 0.7634218289085546 0.032448377581120944 0.025958702064896755
1 0.24631268436578171 0.7672566371681416 0.028908554572271386 0.02654867256637168
1 0.10619469026548672 0.9014749262536873 0.03657817109144543 0.024778761061946902
1 0.26784660766961654 0.8985250737463126 0.035398230088495575 0.02359882005899705
1 0.3991150442477876 0.7699115044247787 0.038348082595870206 0.025958702064896755
1 0.40825958702064896 0.911504424778761 0.040117994100294985 0.03421828908554572
1 0.5528023598820059 0.772566371681416 0.035398230088495575 0.024188790560471976
1 0.564306784660767 0.911504424778761 0.0359882005899705 0.02831858407079646
1 0.7079646017699115 0.7746312684365781 0.03893805309734513 0.03303834808259587
1 0.7103244837758111 0.9126843657817109 0.03893805309734513 0.03185840707964602
1 0.8525073746312685 0.7811209439528024 0.035398230088495575 0.03775811209439528
1 0.8678466076696165 0.9050147492625369 0.03185840707964602 0.02359882005899705
