0 0.13864306784660768 0.14424778761061946 0.10501474926253687 0.11268436578171091
0 0.315929203539823 0.13333333333333333 0.13864306784660768 0.1486725663716814
0 0.5094395280235988 0.10619469026548672 0.08790560471976401 0.16519174041297935
0 0.6678466076696166 0.12271386430678466 0.08023598820058997 0.2112094395280236
0 0.875221238938053 0.0935103244837758 0.1480825958702065 0.10206489675516224
0 0.1454277286135693 0.3176991150442478 0.09734513274336283 0.05014749262536873
1 0.3041297935103245 0.2820058997050148 0.05014749262536873 0.049557522123893805
0 0.5209439528023598 0.28466076696165193 0.1616519174041298 0.052507374631268436
0 0.6206489675516225 0.2604719764011799 0.0696165191740413 0.10088495575221239
0 0.7858407079646017 0.240117994100295 0.20530973451327433 0.08377581120943953
1 0.15368731563421828 0.4002949852507375 0.03008849557522124 0.03952802359882006
0 0.3303834808259587 0.41858407079646015 0.17817109144542773 0.08908554572271386
0 0.6058997050147492 0.39823008849557523 0.10619469026548672 0.20294985250737463
0 0.4737463126843658 0.41858407079646015 0.06371681415929203 0.04660766961651917
0 0.7710914454277286 0.403834808259587 0.08259587020648967 0.04188790560471976
0 0.41297935103244837 0.4640117994100295 0.06017699115044248 0.11150442477876106
0 0.11268436578171091 0.5061946902654867 0.12035398230088495 0.0943952802359882
0 0.10412979351032448 0.651622418879056 0.11622418879056047 0.17050147492625367
0 0.0935103244837758 0.7861356932153393 0.11150442477876106 0.16106194690265485
0 0.2126843657817109 0.7887905604719764 0.11150442477876106 0.14277286135693215
1 0.24690265486725663 0.6734513274336283 0.032448377581120944 0.04070796460176991
1 0.2471976401179941 0.5634218289085545 0.03775811209439528 0.04365781710914454
1 0.5144542772861357 0.5174041297935104 0.05663716814159292 0.035398230088495575
1 0.68023598820059 0.5669616519174041 0.0471976401179941 0.035398230088495575
0 0.7766961651917405 0.5554572271386431 0.09026548672566372 0.04896755162241888
0 0.7501474926253687 0.6991150442477876 0.05368731563421829 0.05545722713864307
0 0.7480825958702064 0.7513274336283186 0.071976401179941 0.15752212389380532
0 0.5831858407079646 0.8097345132743363 0.12094395280235988 0.11150442477876106
0 0.46342182890855455 0.8123893805309734 0.038348082595870206 0.08023598820058997
0 0.6303834808259587 0.6914454277286135 0.1079646017699115 0.17581120943952802
0 0.5005899705014749 0.6395280235988201 0.18348082595870208 0.05663716814159292
0 0.415929203539823 0.5451327433628319 0.09557522123893805 0.12507374631268436
0 0.384070796460177 0.6584070796460177 0.049557522123893805 0.10973451327433628
1 0.3303834808259587 0.8058997050147493 0.03421828908554572 0.030678466076696165
