1 0.11327433628318584 0.12684365781710916 0.030678466076696165 0.04129793510324484
1 0.3041297935103245 0.1392330383480826 0.03126843657817109 0.04247787610619469
1 0.451622418879056 0.1327433628318584 0.03008849557522124 0.03893805309734513
1 0.5905604719764012 0.18584070796460178 0.04365781710914454 0.035398230088495575
1 0.7504424778761062 0.17522123893805308 0.03775811209439528 0.03775811209439528
1 0.9321533923303835 0.16519174041297935 0.03185840707964602 0.0471976401179941
1 0.13421828908554573 0.2952802359882006 0.032448377581120944 0.028908554572271386
1 0.29380530973451324 0.2994100294985251 0.03421828908554572 0.03126843657817109
0 0.4474926253687316 0.3327433628318584 0.038348082595870206 0.040117994100294985
1 0.6017699115044248 0.2604719764011799 0.03893805309734513 0.038348082595870206
1 0.7412979351032448 0.3053097345132743 0.04070796460176991 0.038348082595870206
0 0.9283185840707965 0.29793510324483774 0.03952802359882006 0.03657817109144543
0 0.14188790560471976 0.4410029498525074 0.027728613569321534 0.03952802359882006
1 0.2935103244837758 0.4050147492625369 0.03716814159292035 0.043067846607669616
1 0.44896755162241886 0.4200589970501475 0.040117994100294985 0.02359882005899705
1 0.608259587020649 0.4191740412979351 0.03185840707964602 0.027728613569321534
1 0.7504424778761062 0.4085545722713864 0.030678466076696165 0.032448377581120944
1 0.9424778761061947 0.4112094395280236 0.033628318584070796 0.03303834808259587
0 0.140117994100295 0.5404129793510324 0.033628318584070796 0.049557522123893805
1 0.2896755162241888 0.5619469026548672 0.03657817109144543 0.027728613569321534
1 0.4533923303834808 0.5575221238938053 0.03126843657817109 0.03185840707964602
1 0.631858407079646 0.53952802359882 0.025958702064896755 0.04070796460176991
1 0.7648967551622419 0.5619469026548672 0.038348082595870206 0.05368731563421829
1 0.940117994100295 0.5433628318584071 0.03126843657817109 0.03421828908554572
1 0.12772861356932153 0.6967551622418879 0.043067846607669616 0.03657817109144543
0 0.3321533923303835 0.6979351032448378 0.035398230088495575 0.044837758112094395
1 0.45663716814159294 0.7168141592920354 0.04837758112094395 0.04129793510324484
1 0.6283185840707964 0.6563421828908554 0.03775811209439528 0.043067846607669616
0 0.7743362831858407 0.6766961651917404 0.03008849557522124 0.03893805309734513
1 0.9353982300884955 0.691150442477876 0.02536873156342183 0.02654867256637168
1 0.1410029498525074 0.9056047197640118 0.03775811209439528 0.03775811209439528
1 0.3014749262536873 0.8808259587020649 0.03657817109144543 0.027138643067846607
1 0.4784660766961652 0.8622418879056047 0.03893805309734513 0.02536873156342183
1 0.6351032448377582 0.8407079646017699 0.0359882005899705 0.049557522123893805
1 0.8185840707964601 0.8171091445427728 0.0359882005899705 0.03657817109144543
1 0.9410029498525073 0.8530973451327434 0.03421828908554572 0.027138643067846607
