0 0.12507374631268436 0.12979351032448377 0.06843657817109144 0.035398230088495575
1 0.2775811209439528 0.09705014749262536 0.03952802359882006 0.03952802359882006
0 0.35575221238938054 0.1056047197640118 0.035398230088495575 0.040117994100294985
0 0.5097345132743363 0.11740412979351032 0.04129793510324484 0.030678466076696165
0 0.7224188790560472 0.10589970501474927 0.03952802359882006 0.04188790560471976
0 0.8474926253687316 0.14188790560471976 0.04660766961651917 0.04542772861356932
0 0.8265486725663717 0.2896755162241888 0.07315634218289085 0.049557522123893805
0 0.7194690265486725 0.22536873156342183 0.047787610619469026 0.04365781710914454
1 0.523598820058997 0.25899705014749264 0.05958702064896755 0.03303834808259587
0 0.3985250737463127 0.2504424778761062 0.047787610619469026 0.057227138643067846
0 0.2654867256637168 0.25958702064896755 0.03657817109144543 0.03421828908554572
0 0.15191740412979352 0.23805309734513275 0.04424778761061947 0.043067846607669616
0 0.12949852507374632 0.44837758112094395 0.03716814159292035 0.0696165191740413
0 0.30265486725663715 0.37551622418879055 0.0743362831858407 0.07374631268436578
0 0.47699115044247786 0.3734513274336283 0.04070796460176991 0.07669616519174041
0 0.5941002949852507 0.4103244837758112 0.07315634218289085 0.07846607669616519
1 0.712094395280236 0.41150442477876104 0.04837758112094395 0.04896755162241888
0 0.8557522123893805 0.4684365781710914 0.0359882005899705 0.030678466076696165
0 0.8474926253687316 0.5831858407079646 0.0607669616519174 0.057227138643067846
1 0.6820058997050147 0.5486725663716814 0.049557522123893805 0.044837758112094395
0 0.5595870206489676 0.5371681415929204 0.04424778761061947 0.03716814159292035
0 0.4182890855457227 0.5412979351032449 0.06489675516224189 0.05604719764011799
0 0.2710914454277286 0.5766961651917404 0.032448377581120944 0.03480825958702065
1 0.1191740412979351 0.5519174041297935 0.04837758112094395 0.03480825958702065
0 0.11710914454277285 0.6882005899705015 0.03008849557522124 0.04070796460176991
0 0.20501474926253688 0.692330383480826 0.03716814159292035 0.07728613569321534
0 0.4421828908554572 0.6914454277286135 0.06666666666666667 0.0920353982300885
0 0.5581120943952802 0.6932153392330384 0.035398230088495575 0.05309734513274336
0 0.8380530973451328 0.6976401179941003 0.08436578171091445 0.07728613569321534
1 0.6637168141592921 0.7333333333333333 0.044837758112094395 0.035398230088495575
0 0.7327433628318584 0.8020648967551622 0.05309734513274336 0.057227138643067846
0 0.8306784660766962 0.8740412979351032 0.06135693215339233 0.04660766961651917
1 0.5890855457227139 0.8622418879056047 0.04070796460176991 0.0359882005899705
0 0.36607669616519173 0.8238938053097346 0.038348082595870206 0.09144542772861357
0 0.29380530973451324 0.8589970501474926 0.03775811209439528 0.0743362831858407
0 0.10589970501474927 0.8238938053097346 0.028908554572271386 0.05014749262536873
