0 0.22448377581120943 0.20294985250737463 0.17168141592920355 0.0743362831858407
0 0.35044247787610616 0.2126843657817109 0.06135693215339233 0.07610619469026549
0 0.44365781710914454 0.15516224188790562 0.06489675516224189 0.10737463126843658
0 0.22861356932153393 0.328023598820059 0.12212389380530973 0.10265486725663717
0 0.3144542772861357 0.32595870206489674 0.05191740412979351 0.05604719764011799
0 0.452212389380531 0.3292035398230089 0.07610619469026549 0.08141592920353982
0 0.21946902654867256 0.44955752212389377 0.04837758112094395 0.058997050147492625
0 0.3445427728613569 0.4324483775811209 0.13333333333333333 0.10383480825958702
0 0.22536873156342183 0.5752212389380531 0.04129793510324484 0.05073746312684366
0 0.33303834808259586 0.5424778761061947 0.11504424778761062 0.05958702064896755
0 0.231858407079646 0.831858407079646 0.07551622418879056 0.08259587020648967
0 0.215929203539823 0.7651917404129793 0.13097345132743363 0.04837758112094395
0 0.34129793510324485 0.7392330383480826 0.09262536873156342 0.0743362831858407
0 0.36843657817109143 0.8569321533923304 0.07610619469026549 0.09852507374631268
0 0.5174041297935104 0.8663716814159292 0.12979351032448377 0.0855457227138643
0 0.46519174041297934 0.47876106194690266 0.05486725663716814 0.05014749262536873
0 0.6209439528023599 0.15486725663716813 0.1480825958702065 0.11032448377581121
0 0.5702064896755162 0.24513274336283186 0.12802359882005898 0.11150442477876106
0 0.5855457227138643 0.3943952802359882 0.11150442477876106 0.07492625368731563
1 0.4929203539823009 0.6032448377581121 0.06312684365781711 0.052507374631268436
1 0.5047197640117994 0.7206489675516224 0.05014749262536873 0.04542772861356932
1 0.6525073746312684 0.8943952802359882 0.0471976401179941 0.0471976401179941
0 0.6640117994100295 0.7306784660766962 0.0855457227138643 0.04424778761061947
0 0.6221238938053097 0.5474926253687316 0.07964601769911504 0.14041297935103245
0 0.7353982300884956 0.5929203539823009 0.10206489675516224 0.07669616519174041
1 0.7675516224188791 0.7312684365781711 0.054277286135693215 0.04070796460176991
0 0.7982300884955752 0.8433628318584071 0.08613569321533923 0.09498525073746313
1 0.8991150442477875 0.8814159292035398 0.044837758112094395 0.03421828908554572
0 0.8855457227138643 0.727433628318584 0.05073746312684366 0.0696165191740413
1 0.887905604719764 0.5353982300884955 0.06135693215339233 0.05486725663716814
0 0.8560471976401179 0.4032448377581121 0.05191740412979351 0.05368731563421829
1 0.8480825958702065 0.32831858407079645 0.047787610619469026 0.052507374631268436
1 0.7454277286135693 0.15811209439528023 0.04070796460176991 0.035398230088495575
0 0.8887905604719764 0.17640117994100296 0.05486725663716814 0.09321533923303835
0 0.6976401179941003 0.38436578171091446 0.08908554572271386 0.15516224188790562
0 0.7321533923303835 0.2710914454277286 0.054277286135693215 0.043067846607669616
