1 0.10147492625368731 0.12182890855457226 0.035398230088495575 0.03008849557522124
1 0.10206489675516224 0.33716814159292036 0.03657817109144543 0.033628318584070796
1 0.08967551622418879 0.4755162241887906 0.03303834808259587 0.03303834808259587
1 0.09616519174041298 0.6174041297935103 0.03303834808259587 0.019469026548672566
1 0.10678466076696165 0.7657817109144542 0.03775811209439528 0.025958702064896755
1 0.10619469026548672 0.9008849557522124 0.0471976401179941 0.02359882005899705
1 0.2693215339233038 0.9017699115044248 0.03480825958702065 0.02536873156342183
1 0.24041297935103245 0.6256637168141593 0.027728613569321534 0.024188790560471976
1 0.24896755162241888 0.7640117994100295 0.03421828908554572 0.022418879056047197
1 0.23893805309734512 0.47109144542772863 0.035398230088495575 0.028908554572271386
1 0.21740412979351031 0.3274336283185841 0.033628318584070796 0.024778761061946902
1 0.23097345132743363 0.1430678466076696 0.03008849557522124 0.028908554572271386
1 0.3858407079646018 0.14601769911504425 0.03303834808259587 0.03126843657817109
1 0.37728613569321534 0.3250737463126844 0.03952802359882006 0.024778761061946902
1 0.38377581120943954 0.5017699115044247 0.04188790560471976 0.027728613569321534
1 0.3873156342182891 0.6386430678466076 0.04070796460176991 0.03126843657817109
1 0.3991150442477876 0.7684365781710915 0.043067846607669616 0.02654867256637168
1 0.4112094395280236 0.911504424778761 0.035398230088495575 0.02831858407079646
1 0.567551622418879 0.9132743362831859 0.03657817109144543 0.024778761061946902
1 0.5510324483775811 0.7734513274336283 0.03775811209439528 0.024778761061946902
1 0.531858407079646 0.6262536873156342 0.04188790560471976 0.02536873156342183
1 0.5356932153392331 0.51976401179941 0.035398230088495575 0.02359882005899705
1 0.5203539823008849 0.3525073746312684 0.04247787610619469 0.03008849557522124
1 0.5353982300884955 0.1430678466076696 0.032448377581120944 0.02064896755162242
1 0.6941002949852507 0.14660766961651917 0.03008849557522124 0.04896755162241888
1 0.6846607669616519 0.3486725663716814 0.04070796460176991 0.035398230088495575
1 0.6893805309734513 0.5129793510324484 0.04188790560471976 0.028908554572271386
1 0.6876106194690266 0.6294985250737463 0.038348082595870206 0.03185840707964602
1 0.7097345132743362 0.7761061946902654 0.04365781710914454 0.03008849557522124
1 0.708259587020649 0.9147492625368732 0.04070796460176991 0.03008849557522124
1 0.8705014749262536 0.9064896755162242 0.052507374631268436 0.028908554572271386
1 0.852212389380531 0.7831858407079646 0.03126843657817109 0.04424778761061947
1 0.8519174041297934 0.631858407079646 0.049557522123893805 0.035398230088495575
1 0.8415929203539823 0.5123893805309735 0.03716814159292035 0.02182890855457227
1 0.8442477876106195 0.363716814159292 0.03893805309734513 0.03126843657817109
1 0.8480825958702065 0.1168141592920354 0.04424778761061947 0.025958702064896755
