1 0.10619469026548672 0.1182890855457227 0.044837758112094395 0.047787610619469026
0 0.12123893805309735 0.27463126843657815 0.05132743362831858 0.08908554572271386
0 0.11209439528023599 0.4625368731563422 0.05073746312684366 0.040117994100294985
0 0.15191740412979352 0.5896755162241888 0.047787610619469026 0.05368731563421829
0 0.11769911504424779 0.8079646017699115 0.06548672566371681 0.07846607669616519
1 0.17050147492625367 0.6873156342182891 0.0471976401179941 0.04247787610619469
1 0.2702064896755162 0.7690265486725664 0.03421828908554572 0.04070796460176991
1 0.2743362831858407 0.728023598820059 0.03775811209439528 0.044837758112094395
0 0.20914454277286135 0.15545722713864307 0.0855457227138643 0.11150442477876106
1 0.23333333333333334 0.27168141592920353 0.05014749262536873 0.03952802359882006
0 0.275811209439528 0.41799410029498524 0.10088495575221239 0.08790560471976401
0 0.3250737463126844 0.6179941002949852 0.08613569321533923 0.14690265486725662
0 0.38997050147492623 0.8510324483775811 0.12979351032448377 0.13864306784660768
0 0.431858407079646 0.7625368731563422 0.13451327433628318 0.12212389380530973
0 0.42212389380530974 0.6053097345132743 0.12566371681415928 0.08259587020648967
0 0.37610619469026546 0.45781710914454277 0.09144542772861357 0.16047197640117994
0 0.33657817109144544 0.2604719764011799 0.08672566371681416 0.043067846607669616
0 0.3578171091445428 0.10678466076696165 0.04188790560471976 0.0471976401179941
0 0.48112094395280236 0.1359882005899705 0.13392330383480827 0.09262536873156342
1 0.5014749262536873 0.28112094395280235 0.04601769911504425 0.03952802359882006
1 0.5067846607669616 0.39410029498525073 0.058997050147492625 0.03775811209439528
0 0.5412979351032449 0.5230088495575221 0.05486725663716814 0.05132743362831858
0 0.5451327433628319 0.671386430678466 0.08613569321533923 0.08377581120943953
0 0.5463126843657817 0.8398230088495575 0.08377581120943953 0.1374631268436578
0 0.6525073746312684 0.7843657817109144 0.06017699115044248 0.08908554572271386
0 0.763716814159292 0.7849557522123893 0.19410029498525072 0.07256637168141593
0 0.6887905604719764 0.6755162241887905 0.05368731563421829 0.06017699115044248
0 0.7766961651917405 0.6722713864306784 0.1398230088495575 0.1056047197640118
0 0.6678466076696166 0.5542772861356932 0.1191740412979351 0.11976401179941003
0 0.7820058997050148 0.5542772861356932 0.04542772861356932 0.061946902654867256
0 0.675811209439528 0.4625368731563422 0.12684365781710916 0.071976401179941
0 0.7831858407079646 0.42802359882005897 0.05368731563421829 0.052507374631268436
0 0.6566371681415929 0.26253687315634217 0.0967551622418879 0.08613569321533923
0 0.6392330383480825 0.13864306784660768 0.12212389380530973 0.07669616519174041
0 0.7675516224188791 0.17492625368731562 0.0743362831858407 0.08908554572271386
0 0.7728613569321534 0.25014749262536873 0.1168141592920354 0.071976401179941
