0 0.12418879056047197 0.05752212389380531 0.052507374631268436 0.10088495575221239
0 0.2424778761061947 0.03333333333333333 0.07315634218289085 0.06312684365781711
0 0.4070796460176991 0.049557522123893805 0.071976401179941 0.071976401179941
0 0.6731563421828909 0.04749262536873156 0.10147492625368731 0.04660766961651917
0 0.10943952802359883 0.22979351032448378 0.07964601769911504 0.06548672566371681
0 0.24601769911504423 0.18849557522123894 0.058997050147492625 0.05368731563421829
0 0.33539823008849556 0.17050147492625367 0.10206489675516224 0.08141592920353982
1 0.5333333333333333 0.11887905604719765 0.03657817109144543 0.04070796460176991
1 0.8495575221238938 0.08023598820058997 0.044837758112094395 0.04247787610619469
0 0.8572271386430679 0.22831858407079647 0.06843657817109144 0.05781710914454277
0 0.7026548672566372 0.22241887905604718 0.06843657817109144 0.05663716814159292
0 0.523598820058997 0.2610619469026549 0.07256637168141593 0.052507374631268436
0 0.1182890855457227 0.3238938053097345 0.06430678466076696 0.06017699115044248
0 0.1943952802359882 0.28908554572271383 0.07846607669616519 0.12035398230088495
0 0.36047197640117995 0.37669616519174043 0.06607669616519174 0.09970501474926254
1 0.5466076696165192 0.3398230088495575 0.07610619469026549 0.0471976401179941
0 0.6908554572271386 0.3528023598820059 0.0471976401179941 0.07079646017699115
1 0.8651917404129793 0.37551622418879055 0.04424778761061947 0.06548672566371681
0 0.12772861356932153 0.5303834808259587 0.0831858407079646 0.08259587020648967
0 0.20471976401179942 0.5613569321533923 0.0967551622418879 0.08436578171091445
0 0.07935103244837757 0.6589970501474927 0.12448377581120944 0.15103244837758112
1 0.13156342182890857 0.8041297935103244 0.06725663716814159 0.049557522123893805
0 0.20117994100294984 0.831858407079646 0.08731563421828908 0.07079646017699115
0 0.22094395280235987 0.6749262536873156 0.061946902654867256 0.09793510324483776
0 0.36519174041297936 0.6949852507374631 0.08023598820058997 0.07079646017699115
0 0.3678466076696165 0.7828908554572271 0.05132743362831858 0.08377581120943953
0 0.3589970501474926 0.463716814159292 0.06312684365781711 0.05073746312684366
0 0.5300884955752212 0.4713864306784661 0.061946902654867256 0.071976401179941
0 0.4896755162241888 0.6041297935103245 0.071976401179941 0.06371681415929203
1 0.4994100294985251 0.7849557522123893 0.07846607669616519 0.04542772861356932
0 0.7067846607669617 0.8339233038348083 0.08377581120943953 0.06548672566371681
0 0.6814159292035398 0.6289085545722713 0.05781710914454277 0.05663716814159292
0 0.6929203539823009 0.5109144542772861 0.043067846607669616 0.09085545722713864
0 0.8424778761061946 0.5056047197640118 0.058997050147492625 0.058997050147492625
0 0.8519174041297934 0.6250737463126843 0.0471976401179941 0.05132743362831858
1 0.8466076696165191 0.8185840707964601 0.06017699115044248 0.06312684365781711
