1 0.10619469026548672 0.1182890855457227 0.0471976401179941 0.04660766961651917
0 0.12064896755162241 0.2743362831858407 0.052507374631268436 0.07905604719764012
0 0.11179941002949853 0.46106194690265484 0.061946902654867256 0.05368731563421829
0 0.1486725663716814 0.6005899705014749 0.04365781710914454 0.049557522123893805
1 0.15309734513274337 0.667551622418879 0.04188790560471976 0.05486725663716814
0 0.11327433628318584 0.8230088495575221 0.06135693215339233 0.09793510324483776
1 0.2542772861356932 0.8407079646017699 0.04247787610619469 0.029498525073746312
1 0.27463126843657815 0.7259587020648968 0.04070796460176991 0.05132743362831858
0 0.2982300884955752 0.6179941002949852 0.07492625368731563 0.15752212389380532
0 0.2672566371681416 0.4117994100294985 0.10737463126843658 0.08141592920353982
1 0.2312684365781711 0.2651917404129793 0.054277286135693215 0.04188790560471976
0 0.20442477876106194 0.1584070796460177 0.08436578171091445 0.10088495575221239
0 0.34926253687315634 0.10619469026548672 0.04601769911504425 0.0471976401179941
1 0.3421828908554572 0.2663716814159292 0.08141592920353982 0.04424778761061947
0 0.3781710914454277 0.45191740412979353 0.0696165191740413 0.14041297935103245
0 0.4182890855457227 0.6067846607669617 0.11563421828908554 0.0855457227138643
0 0.4312684365781711 0.7666666666666666 0.12861356932153392 0.11622418879056047
0 0.38495575221238937 0.8486725663716814 0.1351032448377581 0.1079646017699115
0 0.5430678466076696 0.6690265486725664 0.07492625368731563 0.07315634218289085
0 0.5557522123893806 0.8430678466076696 0.06253687315634218 0.10501474926253687
0 0.6581120943952802 0.7882005899705015 0.05014749262536873 0.07905604719764012
0 0.7740412979351032 0.799410029498525 0.1663716814159292 0.06725663716814159
0 0.7734513274336283 0.6722713864306784 0.12861356932153392 0.11150442477876106
1 0.6873156342182891 0.6772861356932154 0.058997050147492625 0.058997050147492625
0 0.5371681415929204 0.5182890855457227 0.06312684365781711 0.05486725663716814
0 0.6584070796460177 0.5707964601769911 0.12979351032448377 0.11504424778761062
0 0.7852507374631268 0.5528023598820059 0.0471976401179941 0.058997050147492625
0 0.6722713864306784 0.459882005899705 0.10206489675516224 0.061946902654867256
0 0.7811209439528024 0.4259587020648967 0.049557522123893805 0.04601769911504425
1 0.5067846607669616 0.3967551622418879 0.05663716814159292 0.05132743362831858
1 0.5061946902654867 0.28348082595870205 0.0471976401179941 0.04660766961651917
0 0.4831858407079646 0.1374631268436578 0.13215339233038348 0.09085545722713864
0 0.6306784660766962 0.14513274336283186 0.08377581120943953 0.11091445427728613
0 0.6634218289085546 0.2587020648967552 0.09970501474926254 0.07846607669616519
0 0.7731563421828909 0.17374631268436577 0.07846607669616519 0.08790560471976401
0 0.7926253687315634 0.23628318584070795 0.1457227138643068 0.05486725663716814
