0 0.21887905604719765 0.19705014749262537 0.16283185840707964 0.08141592920353982
0 0.2312684365781711 0.32654867256637166 0.11091445427728613 0.09970501474926254
0 0.22064896755162242 0.4486725663716814 0.04601769911504425 0.06784660766961652
0 0.22094395280235987 0.5707964601769911 0.043067846607669616 0.04188790560471976
0 0.21327433628318584 0.7625368731563422 0.12330383480825959 0.05604719764011799
0 0.22271386430678466 0.8348082595870207 0.0808259587020649 0.09085545722713864
0 0.33008849557522124 0.7418879056047197 0.09144542772861357 0.07492625368731563
0 0.3696165191740413 0.8610619469026548 0.07374631268436578 0.0855457227138643
0 0.5182890855457227 0.8631268436578171 0.1374631268436578 0.08613569321533923
1 0.6469026548672566 0.8911504424778761 0.04542772861356932 0.05368731563421829
0 0.7967551622418879 0.8421828908554572 0.07610619469026549 0.08672566371681416
1 0.903244837758112 0.8825958702064897 0.05191740412979351 0.03893805309734513
0 0.8946902654867257 0.7292035398230088 0.05958702064896755 0.07315634218289085
1 0.768141592920354 0.7297935103244838 0.05309734513274336 0.05073746312684366
0 0.6563421828908554 0.7324483775811209 0.07728613569321534 0.04896755162241888
1 0.4994100294985251 0.7215339233038348 0.047787610619469026 0.0471976401179941
0 0.4882005899705015 0.6073746312684366 0.061946902654867256 0.04424778761061947
0 0.3303834808259587 0.5410029498525074 0.0967551622418879 0.0696165191740413
0 0.33628318584070793 0.4342182890855457 0.1191740412979351 0.09911504424778761
0 0.31386430678466076 0.3247787610619469 0.04601769911504425 0.05604719764011799
0 0.3415929203539823 0.20943952802359883 0.06135693215339233 0.07669616519174041
0 0.4398230088495575 0.16283185840707964 0.061946902654867256 0.10737463126843658
0 0.6188790560471976 0.15427728613569322 0.143952802359882 0.10914454277286136
0 0.5707964601769911 0.24129793510324482 0.12212389380530973 0.10501474926253687
0 0.456047197640118 0.3321533923303835 0.07079646017699115 0.06843657817109144
0 0.5890855457227139 0.39233038348082594 0.11386430678466077 0.08141592920353982
0 0.8873156342182891 0.171976401179941 0.06843657817109144 0.11032448377581121
1 0.7492625368731564 0.1640117994100295 0.058997050147492625 0.03657817109144543
1 0.7259587020648968 0.271976401179941 0.03952802359882006 0.05781710914454277
1 0.8471976401179941 0.3292035398230089 0.04601769911504425 0.06017699115044248
0 0.8560471976401179 0.40766961651917405 0.05191740412979351 0.04601769911504425
0 0.7032448377581121 0.38495575221238937 0.07787610619469026 0.1480825958702065
0 0.6200589970501474 0.5463126843657817 0.07079646017699115 0.14513274336283186
0 0.46519174041297934 0.48200589970501473 0.057227138643067846 0.05073746312684366
0 0.7383480825958701 0.5929203539823009 0.10088495575221239 0.07079646017699115
1 0.8926253687315634 0.5398230088495575 0.05191740412979351 0.054277286135693215
