0 0.14926253687315633 0.16224188790560473 0.05781710914454277 0.05309734513274336
1 0.14926253687315633 0.3386430678466077 0.05781710914454277 0.04247787610619469
0 0.1480825958702065 0.47640117994100295 0.05191740412979351 0.06784660766961652
1 0.13952802359882005 0.6244837758112094 0.04896755162241888 0.02654867256637168
0 0.14926253687315633 0.7463126843657817 0.05781710914454277 0.05545722713864307
1 0.1454277286135693 0.9056047197640118 0.05014749262536873 0.035398230088495575
0 0.3053097345132743 0.17404129793510326 0.047787610619469026 0.06371681415929203
0 0.4941002949852507 0.20678466076696164 0.07020648967551622 0.07728613569321534
0 0.628023598820059 0.19970501474926253 0.04188790560471976 0.06548672566371681
0 0.7693215339233038 0.16135693215339234 0.0471976401179941 0.08908554572271386
1 0.8699115044247787 0.17699115044247787 0.07492625368731563 0.0471976401179941
0 0.3129793510324484 0.3648967551622419 0.052507374631268436 0.06548672566371681
0 0.4864306784660767 0.36755162241887906 0.05014749262536873 0.07079646017699115
0 0.6339233038348082 0.32271386430678467 0.04896755162241888 0.07079646017699115
0 0.7752212389380531 0.31032448377581123 0.04601769911504425 0.08023598820058997
0 0.8855457227138643 0.3123893805309734 0.04837758112094395 0.08436578171091445
0 0.3029498525073746 0.47876106194690266 0.04188790560471976 0.06548672566371681
1 0.315929203539823 0.6085545722713864 0.05014749262536873 0.052507374631268436
0 0.4666666666666667 0.5206489675516224 0.06017699115044248 0.06548672566371681
0 0.6398230088495576 0.5188790560471976 0.05014749262536873 0.05604719764011799
0 0.771976401179941 0.4486725663716814 0.05014749262536873 0.07138643067846608
1 0.8587020648967552 0.46755162241887904 0.0607669616519174 0.05604719764011799
0 0.4592920353982301 0.6613569321533923 0.06902654867256637 0.06017699115044248
0 0.636283185840708 0.659882005899705 0.05368731563421829 0.06312684365781711
0 0.7731563421828909 0.6610619469026549 0.04188790560471976 0.09498525073746313
0 0.8722713864306785 0.6581120943952802 0.043067846607669616 0.08790560471976401
1 0.8837758112094395 0.7563421828908554 0.05781710914454277 0.05663716814159292
1 0.2949852507374631 0.7607669616519174 0.05545722713864307 0.052507374631268436
0 0.46106194690265484 0.7342182890855458 0.052507374631268436 0.06548672566371681
0 0.3053097345132743 0.9321533923303835 0.06548672566371681 0.07079646017699115
1 0.46519174041297934 0.8702064896755162 0.052507374631268436 0.04365781710914454
0 0.6067846607669617 0.8008849557522124 0.08672566371681416 0.06666666666666667
0 0.6056047197640118 0.9174041297935103 0.05014749262536873 0.07669616519174041
0 0.7433628318584071 0.9297935103244838 0.06017699115044248 0.08613569321533923
0 0.7572271386430678 0.7967551622418879 0.05368731563421829 0.06902654867256637
0 0.9011799410029498 0.9212389380530973 0.05132743362831858 0.06666666666666667
