0 0.2336283185840708 0.17492625368731562 0.0696165191740413 0.08672566371681416
0 0.22920353982300884 0.24631268436578171 0.11504424778761062 0.06430678466076696
0 0.2182890855457227 0.42625368731563423 0.05073746312684366 0.052507374631268436
0 0.21563421828908555 0.5536873156342182 0.043067846607669616 0.0607669616519174
0 0.22536873156342183 0.6687315634218289 0.12271386430678466 0.10206489675516224
0 0.2351032448377581 0.7870206489675516 0.1846607669616519 0.07551622418879056
0 0.36106194690265486 0.14188790560471976 0.11091445427728613 0.07138643067846608
0 0.5224188790560472 0.13716814159292035 0.1504424778761062 0.09026548672566372
0 0.6454277286135693 0.10442477876106195 0.04365781710914454 0.04837758112094395
0 0.7926253687315634 0.1592920353982301 0.07728613569321534 0.11799410029498525
1 0.8946902654867257 0.1182890855457227 0.04070796460176991 0.04188790560471976
0 0.8775811209439528 0.27876106194690264 0.05604719764011799 0.0855457227138643
1 0.7678466076696165 0.26843657817109146 0.06548672566371681 0.03303834808259587
0 0.6663716814159292 0.2651917404129793 0.09026548672566372 0.04188790560471976
1 0.4943952802359882 0.27817109144542773 0.0471976401179941 0.04424778761061947
0 0.3392330383480826 0.25545722713864305 0.10501474926253687 0.08023598820058997
0 0.32536873156342183 0.46283185840707963 0.11150442477876106 0.06548672566371681
0 0.3315634218289085 0.5607669616519174 0.10029498525073746 0.12212389380530973
0 0.3144542772861357 0.6743362831858407 0.05191740412979351 0.05545722713864307
0 0.34513274336283184 0.7843657817109144 0.058997050147492625 0.08672566371681416
0 0.4539823008849557 0.8398230088495575 0.0855457227138643 0.1351032448377581
0 0.4569321533923304 0.6622418879056047 0.07964601769911504 0.07846607669616519
0 0.6132743362831858 0.8519174041297934 0.12566371681415928 0.13805309734513274
0 0.8873156342182891 0.8103244837758112 0.05781710914454277 0.07610619469026549
0 0.5640117994100295 0.7587020648967552 0.14041297935103245 0.12979351032448377
1 0.7268436578171091 0.771976401179941 0.03775811209439528 0.04070796460176991
1 0.7250737463126844 0.723598820058997 0.044837758112094395 0.043067846607669616
1 0.8294985250737463 0.6890855457227139 0.0471976401179941 0.04837758112094395
0 0.8533923303834808 0.5902654867256637 0.05014749262536873 0.052507374631268436
0 0.8893805309734513 0.4640117994100295 0.0584070796460177 0.043067846607669616
0 0.7289085545722713 0.415929203539823 0.09734513274336283 0.07905604719764012
0 0.6212389380530974 0.45634218289085543 0.08141592920353982 0.14926253687315633
0 0.6731563421828909 0.616519174041298 0.071976401179941 0.14985250737463127
0 0.571976401179941 0.6014749262536873 0.12684365781710916 0.0831858407079646
0 0.4663716814159292 0.5206489675516224 0.052507374631268436 0.052507374631268436
1 0.4941002949852507 0.396165191740413 0.057227138643067846 0.04424778761061947
