1 0.09941002949852507 0.12743362831858407 0.033628318584070796 0.025958702064896755
1 0.09941002949852507 0.33303834808259586 0.03716814159292035 0.028908554572271386
1 0.09026548672566372 0.4743362831858407 0.03421828908554572 0.024778761061946902
1 0.0967551622418879 0.6185840707964602 0.044837758112094395 0.027728613569321534
1 0.10353982300884956 0.7628318584070797 0.033628318584070796 0.022418879056047197
1 0.1079646017699115 0.9026548672566371 0.035398230088495575 0.02359882005899705
1 0.26991150442477874 0.8988200589970501 0.04188790560471976 0.027728613569321534
1 0.24690265486725663 0.7646017699115044 0.027728613569321534 0.02359882005899705
1 0.2415929203539823 0.6238938053097345 0.027728613569321534 0.03008849557522124
1 0.2377581120943953 0.4696165191740413 0.030678466076696165 0.02359882005899705
1 0.21740412979351031 0.33008849557522124 0.033628318584070796 0.02182890855457227
1 0.23067846607669618 0.14513274336283186 0.02831858407079646 0.024778761061946902
1 0.38613569321533925 0.1457227138643068 0.03008849557522124 0.03421828908554572
1 0.3728613569321534 0.3215339233038348 0.03775811209439528 0.025958702064896755
1 0.3787610619469026 0.5002949852507375 0.03185840707964602 0.022418879056047197
1 0.3920353982300885 0.6374631268436578 0.04424778761061947 0.023008849557522124
1 0.40117994100294985 0.7675516224188791 0.044837758112094395 0.02359882005899705
1 0.4103244837758112 0.9109144542772861 0.04188790560471976 0.03775811209439528
1 0.5595870206489676 0.9153392330383481 0.04424778761061947 0.027728613569321534
1 0.551622418879056 0.7743362831858407 0.03657817109144543 0.019469026548672566
1 0.528023598820059 0.623598820058997 0.03421828908554572 0.024778761061946902
1 0.5356932153392331 0.5182890855457227 0.035398230088495575 0.028908554572271386
1 0.5168141592920354 0.3489675516224189 0.040117994100294985 0.03126843657817109
1 0.5380530973451327 0.1433628318584071 0.03775811209439528 0.025958702064896755
1 0.692330383480826 0.14424778761061946 0.03126843657817109 0.052507374631268436
1 0.6784660766961652 0.347787610619469 0.04837758112094395 0.03126843657817109
1 0.6887905604719764 0.5112094395280236 0.03480825958702065 0.027728613569321534
1 0.6858407079646017 0.6283185840707964 0.04188790560471976 0.025958702064896755
1 0.7070796460176991 0.775811209439528 0.038348082595870206 0.035398230088495575
1 0.7123893805309734 0.9141592920353983 0.04542772861356932 0.03952802359882006
1 0.8657817109144542 0.9041297935103245 0.0359882005899705 0.027728613569321534
1 0.8469026548672566 0.7814159292035399 0.028908554572271386 0.04188790560471976
1 0.8466076696165191 0.6336283185840708 0.03421828908554572 0.02359882005899705
1 0.8386430678466077 0.5141592920353982 0.04188790560471976 0.03126843657817109
1 0.843952802359882 0.36194690265486723 0.03126843657817109 0.03126843657817109
1 0.8486725663716814 0.12035398230088495 0.04070796460176991 0.027138643067846607
