0 0.23392330383480825 0.21651917404129795 0.17404129793510326 0.07905604719764012
0 0.23008849557522124 0.3315634218289085 0.1215339233038348 0.10383480825958702
0 0.21622418879056046 0.44542772861356933 0.04424778761061947 0.05663716814159292
0 0.21858407079646017 0.5713864306784661 0.03952802359882006 0.043067846607669616
0 0.22123893805309736 0.7548672566371681 0.12035398230088495 0.06430678466076696
0 0.2312684365781711 0.823598820058997 0.06725663716814159 0.07905604719764012
0 0.3466076696165192 0.21474926253687315 0.05368731563421829 0.09321533923303835
0 0.4542772861356932 0.16224188790560473 0.08495575221238938 0.12979351032448377
0 0.615929203539823 0.1504424778761062 0.12625368731563422 0.13451327433628318
0 0.8873156342182891 0.17846607669616518 0.05781710914454277 0.08672566371681416
0 0.5684365781710914 0.23716814159292035 0.1351032448377581 0.12035398230088495
1 0.7286135693215339 0.22772861356932153 0.03421828908554572 0.040117994100294985
1 0.8292035398230089 0.30914454277286135 0.04542772861356932 0.05073746312684366
1 0.7241887905604719 0.2696165191740413 0.04542772861356932 0.04601769911504425
0 0.31386430678466076 0.32418879056047195 0.05309734513274336 0.0607669616519174
0 0.3333333333333333 0.44188790560471974 0.1168141592920354 0.13097345132743363
0 0.3268436578171091 0.5371681415929204 0.1215339233038348 0.06902654867256637
0 0.33893805309734515 0.7430678466076696 0.10088495575221239 0.07728613569321534
0 0.3678466076696165 0.8560471976401179 0.11150442477876106 0.0696165191740413
0 0.5176991150442478 0.8604719764011799 0.1410029498525074 0.09144542772861357
0 0.6442477876106194 0.8932153392330383 0.04601769911504425 0.044837758112094395
0 0.7967551622418879 0.8451327433628318 0.07846607669616519 0.11386430678466077
0 0.8973451327433628 0.8769911504424779 0.04601769911504425 0.043067846607669616
0 0.8828908554572271 0.7244837758112095 0.05368731563421829 0.08259587020648967
0 0.6625368731563421 0.7353982300884956 0.08023598820058997 0.04070796460176991
0 0.7359882005899705 0.5870206489675516 0.09852507374631268 0.0743362831858407
1 0.7648967551622419 0.7292035398230088 0.05132743362831858 0.03657817109144543
1 0.4976401179941003 0.7174041297935103 0.043067846607669616 0.03893805309734513
1 0.4941002949852507 0.6020648967551623 0.06312684365781711 0.04424778761061947
0 0.4646017699115044 0.4817109144542773 0.04896755162241888 0.052507374631268436
0 0.459882005899705 0.335693215339233 0.07610619469026549 0.08141592920353982
0 0.5734513274336284 0.39705014749262535 0.13215339233038348 0.09085545722713864
0 0.6749262536873156 0.3817109144542773 0.07905604719764012 0.15457227138643068
0 0.6206489675516225 0.5436578171091445 0.0696165191740413 0.1504424778761062
0 0.8867256637168142 0.536283185840708 0.06135693215339233 0.03657817109144543
0 0.8539823008849557 0.3985250737463127 0.04542772861356932 0.06430678466076696
