1 0.056342182890855456 0.14660766961651917 0.03126843657817109 0.02182890855457227
1 0.06548672566371681 0.30855457227138644 0.03421828908554572 0.03657817109144543
1 0.06401179941002949 0.45781710914454277 0.03126843657817109 0.03657817109144543
0 0.061946902654867256 0.5861356932153392 0.035398230088495575 0.04188790560471976
1 0.07699115044247787 0.7029498525073746 0.04188790560471976 0.03952802359882006
1 0.07256637168141593 0.8374631268436578 0.03303834808259587 0.0359882005899705
0 0.2510324483775811 0.8351032448377581 0.043067846607669616 0.05368731563421829
1 0.2587020648967552 0.6946902654867256 0.038348082595870206 0.043067846607669616
1 0.24808259587020648 0.5870206489675516 0.027728613569321534 0.027138643067846607
1 0.2345132743362832 0.43716814159292033 0.04424778761061947 0.03657817109144543
1 0.22861356932153393 0.31946902654867254 0.03008849557522124 0.027728613569321534
1 0.1887905604719764 0.18112094395280237 0.03893805309734513 0.03421828908554572
0 0.3696165191740413 0.15693215339233038 0.04424778761061947 0.040117994100294985
1 0.3722713864306785 0.3392330383480826 0.03893805309734513 0.040117994100294985
1 0.3702064896755162 0.46430678466076697 0.03008849557522124 0.03893805309734513
1 0.3952802359882006 0.5805309734513274 0.04601769911504425 0.027138643067846607
1 0.39705014749262535 0.7407079646017699 0.058997050147492625 0.033628318584070796
1 0.4126843657817109 0.823598820058997 0.03952802359882006 0.04247787610619469
1 0.5519174041297935 0.8684365781710914 0.05014749262536873 0.044837758112094395
1 0.6964601769911505 0.863716814159292 0.043067846607669616 0.04365781710914454
1 0.8884955752212389 0.8749262536873156 0.03421828908554572 0.03421828908554572
1 0.8672566371681416 0.7064896755162242 0.03303834808259587 0.043067846607669616
1 0.7112094395280236 0.7029498525073746 0.038348082595870206 0.03126843657817109
0 0.5536873156342182 0.6716814159292035 0.04070796460176991 0.04424778761061947
1 0.552212389380531 0.5799410029498525 0.035398230088495575 0.03421828908554572
1 0.5495575221238937 0.4415929203539823 0.03008849557522124 0.032448377581120944
1 0.5451327433628319 0.2861356932153392 0.0471976401179941 0.025958702064896755
1 0.5209439528023598 0.1359882005899705 0.035398230088495575 0.02182890855457227
1 0.699410029498525 0.1168141592920354 0.038348082595870206 0.03421828908554572
1 0.8625368731563422 0.0935103244837758 0.044837758112094395 0.04188790560471976
1 0.6716814159292035 0.2994100294985251 0.04542772861356932 0.05014749262536873
1 0.876401179941003 0.30383480825958703 0.04542772861356932 0.030678466076696165
1 0.7171091445427729 0.4368731563421829 0.03952802359882006 0.023008849557522124
1 0.8666666666666667 0.4684365781710914 0.03657817109144543 0.044837758112094395
1 0.7112094395280236 0.5973451327433629 0.04542772861356932 0.043067846607669616
0 0.8625368731563422 0.5595870206489676 0.03657817109144543 0.038348082595870206
