0 0.2587020648967552 0.24955752212389382 0.07964601769911504 0.16283185840707964
0 0.25545722713864305 0.30383480825958703 0.06253687315634218 0.05309734513274336
0 0.22271386430678466 0.44129793510324483 0.08672566371681416 0.04601769911504425
0 0.23097345132743363 0.5961651917404129 0.08790560471976401 0.038348082595870206
0 0.21887905604719765 0.7581120943952803 0.1911504424778761 0.08377581120943953
0 0.1327433628318584 0.907669616519174 0.15103244837758112 0.09970501474926254
0 0.33657817109144544 0.8772861356932153 0.08672566371681416 0.22064896755162242
0 0.3256637168141593 0.42625368731563423 0.06135693215339233 0.05486725663716814
0 0.4200589970501475 0.1846607669616519 0.10619469026548672 0.10619469026548672
0 0.3728613569321534 0.30855457227138644 0.10383480825958702 0.17581120943952802
0 0.3926253687315634 0.6014749262536873 0.10088495575221239 0.20117994100294984
0 0.37964601769911505 0.7492625368731564 0.07728613569321534 0.10619469026548672
0 0.4882005899705015 0.896165191740413 0.08790560471976401 0.1640117994100295
0 0.6855457227138643 0.8616519174041298 0.13569321533923304 0.14926253687315633
0 0.8610619469026548 0.8519174041297934 0.09734513274336283 0.10855457227138643
1 0.6932153392330384 0.7150442477876107 0.0471976401179941 0.049557522123893805
0 0.47699115044247786 0.7233038348082595 0.16224188790560473 0.06135693215339233
0 0.8533923303834808 0.6834808259587021 0.10206489675516224 0.05014749262536873
1 0.8448377581120944 0.5967551622418878 0.024778761061946902 0.03952802359882006
0 0.6778761061946903 0.5823008849557522 0.17581120943952802 0.0943952802359882
0 0.5277286135693215 0.5823008849557522 0.05368731563421829 0.03893805309734513
1 0.48436578171091443 0.48023598820059 0.05073746312684366 0.03185840707964602
0 0.4982300884955752 0.36194690265486723 0.18584070796460178 0.06312684365781711
0 0.5831858407079646 0.45545722713864306 0.10442477876106195 0.1392330383480826
0 0.5911504424778761 0.5353982300884955 0.06843657817109144 0.11504424778761062
0 0.6191740412979351 0.33539823008849556 0.06430678466076696 0.10088495575221239
0 0.5448377581120943 0.1911504424778761 0.04070796460176991 0.07787610619469026
1 0.671386430678466 0.1911504424778761 0.03421828908554572 0.03775811209439528
0 0.7861356932153393 0.20943952802359883 0.08790560471976401 0.13805309734513274
0 0.9026548672566371 0.21415929203539824 0.10383480825958702 0.17345132743362832
0 0.8946902654867257 0.3489675516224189 0.11622418879056047 0.17876106194690267
0 0.8899705014749263 0.4958702064896755 0.11268436578171091 0.07846607669616519
1 0.7536873156342183 0.4415929203539823 0.033628318584070796 0.04070796460176991
1 0.7530973451327434 0.31946902654867254 0.027728613569321534 0.027728613569321534
