1 0.11268436578171091 0.10235988200589971 0.044837758112094395 0.03126843657817109
1 0.12507374631268436 0.22507374631268437 0.040117994100294985 0.027728613569321534
1 0.12448377581120944 0.36696165191740415 0.03657817109144543 0.03303834808259587
1 0.12182890855457226 0.5244837758112094 0.033628318584070796 0.03421828908554572
1 0.11710914454277285 0.6619469026548672 0.038348082595870206 0.022418879056047197
1 0.1224188790560472 0.8085545722713864 0.03008849557522124 0.02536873156342183
1 0.2374631268436578 0.8097345132743363 0.04188790560471976 0.027728613569321534
1 0.231858407079646 0.6684365781710915 0.02831858407079646 0.027138643067846607
1 0.231858407079646 0.5233038348082596 0.02831858407079646 0.025958702064896755
1 0.2345132743362832 0.3595870206489675 0.04188790560471976 0.03126843657817109
1 0.24365781710914453 0.22979351032448378 0.03657817109144543 0.02654867256637168
1 0.2575221238938053 0.10206489675516224 0.03480825958702065 0.022418879056047197
1 0.4026548672566372 0.10914454277286136 0.04188790560471976 0.01887905604719764
1 0.39705014749262535 0.22831858407079647 0.03657817109144543 0.025958702064896755
1 0.3710914454277286 0.36991150442477877 0.0471976401179941 0.03185840707964602
1 0.3702064896755162 0.5029498525073747 0.032448377581120944 0.027728613569321534
1 0.36696165191740415 0.664306784660767 0.03893805309734513 0.03303834808259587
1 0.3728613569321534 0.8138643067846607 0.04601769911504425 0.02536873156342183
1 0.5156342182890855 0.8138643067846607 0.04365781710914454 0.032448377581120944
1 0.6926253687315634 0.8032448377581121 0.03775811209439528 0.027728613569321534
1 0.8507374631268436 0.8117994100294985 0.03657817109144543 0.03185840707964602
1 0.5262536873156343 0.6601769911504425 0.035398230088495575 0.024778761061946902
1 0.6920353982300885 0.6604719764011799 0.044837758112094395 0.03008849557522124
1 0.8533923303834808 0.6613569321533923 0.04188790560471976 0.03657817109144543
1 0.8530973451327434 0.49203539823008846 0.03421828908554572 0.02831858407079646
1 0.6973451327433628 0.4941002949852507 0.04247787610619469 0.03008849557522124
1 0.5471976401179941 0.4976401179941003 0.0359882005899705 0.03008849557522124
1 0.5451327433628319 0.3693215339233038 0.03657817109144543 0.024778761061946902
1 0.6920353982300885 0.368141592920354 0.03893805309734513 0.027138643067846607
1 0.8666666666666667 0.37551622418879055 0.044837758112094395 0.028908554572271386
1 0.5412979351032449 0.23097345132743363 0.03716814159292035 0.028908554572271386
1 0.7044247787610619 0.22772861356932153 0.04365781710914454 0.024778761061946902
1 0.5460176991150443 0.10737463126843658 0.043067846607669616 0.035398230088495575
1 0.7135693215339233 0.11563421828908554 0.04070796460176991 0.02831858407079646
1 0.859882005899705 0.12448377581120944 0.04424778761061947 0.022418879056047197
1 0.8595870206489675 0.2342182890855457 0.05191740412979351 0.027138643067846607
