0 0.14365781710914455 0.09557522123893805 0.05368731563421829 0.035398230088495575
0 0.14601769911504425 0.2616519174041298 0.06666666666666667 0.05368731563421829
1 0.13421828908554573 0.3896755162241888 0.04896755162241888 0.033628318584070796
0 0.14778761061946902 0.5247787610619469 0.05486725663716814 0.08436578171091445
1 0.14749262536873156 0.659882005899705 0.04837758112094395 0.03126843657817109
0 0.15516224188790562 0.840117994100295 0.04837758112094395 0.05073746312684366
0 0.315929203539823 0.827433628318584 0.05486725663716814 0.07846607669616519
0 0.4988200589970501 0.7902654867256637 0.06430678466076696 0.06430678466076696
1 0.6327433628318584 0.8011799410029499 0.04070796460176991 0.06017699115044248
0 0.764306784660767 0.8368731563421828 0.05486725663716814 0.09734513274336283
0 0.8646017699115044 0.81976401179941 0.09616519174041298 0.05486725663716814
0 0.8743362831858407 0.6926253687315634 0.06017699115044248 0.10737463126843658
0 0.7793510324483776 0.6926253687315634 0.04601769911504425 0.08141592920353982
0 0.6353982300884956 0.6781710914454278 0.0471976401179941 0.06312684365781711
0 0.48525073746312686 0.6294985250737463 0.052507374631268436 0.06843657817109144
0 0.3174041297935103 0.6327433628318584 0.05781710914454277 0.06430678466076696
0 0.3079646017699115 0.5303834808259587 0.04129793510324484 0.0696165191740413
1 0.3117994100294985 0.38820058997050144 0.0607669616519174 0.05781710914454277
0 0.45722713864306785 0.3424778761061947 0.06843657817109144 0.0607669616519174
1 0.2902654867256637 0.2383480825958702 0.06135693215339233 0.058997050147492625
0 0.3047197640117994 0.07463126843657816 0.05368731563421829 0.06666666666666667
1 0.4592920353982301 0.13480825958702064 0.04070796460176991 0.043067846607669616
0 0.4672566371681416 0.2616519174041298 0.05073746312684366 0.06430678466076696
0 0.6106194690265486 0.1952802359882006 0.0920353982300885 0.08259587020648967
0 0.5964601769911504 0.07964601769911504 0.049557522123893805 0.06725663716814159
0 0.7392330383480826 0.06784660766961652 0.0471976401179941 0.08259587020648967
0 0.8778761061946903 0.08171091445427728 0.04601769911504425 0.07374631268436578
0 0.7530973451327434 0.20914454277286135 0.05368731563421829 0.06430678466076696
0 0.8784660766961652 0.24955752212389382 0.06017699115044248 0.07079646017699115
0 0.8693215339233038 0.33421828908554574 0.052507374631268436 0.08790560471976401
0 0.7743362831858407 0.3309734513274336 0.05368731563421829 0.10737463126843658
0 0.6336283185840708 0.3424778761061947 0.04837758112094395 0.057227138643067846
0 0.4687315634218289 0.48259587020648964 0.05368731563421829 0.06843657817109144
0 0.6448377581120944 0.4775811209439528 0.044837758112094395 0.052507374631268436
0 0.775811209439528 0.5557522123893806 0.06017699115044248 0.08023598820058997
0 0.8492625368731563 0.5209439528023598 0.05014749262536873 0.044837758112094395
