1 0.1336283185840708 0.10206489675516224 0.03126843657817109 0.024778761061946902
1 0.1528023598820059 0.21976401179941002 0.035398230088495575 0.038348082595870206
1 0.15398230088495574 0.36607669616519173 0.040117994100294985 0.028908554572271386
1 0.16106194690265485 0.48436578171091443 0.03421828908554572 0.02359882005899705
1 0.15722713864306784 0.6353982300884956 0.033628318584070796 0.024778761061946902
1 0.15870206489675515 0.8831858407079646 0.03421828908554572 0.022418879056047197
1 0.3206489675516224 0.8654867256637168 0.04070796460176991 0.025958702064896755
1 0.32359882005899704 0.6548672566371682 0.03952802359882006 0.035398230088495575
1 0.3126843657817109 0.48525073746312686 0.03303834808259587 0.028908554572271386
1 0.31150442477876106 0.3687315634218289 0.035398230088495575 0.029498525073746312
1 0.30029498525073745 0.22920353982300884 0.03657817109144543 0.032448377581120944
1 0.2902654867256637 0.08613569321533923 0.03303834808259587 0.03775811209439528
1 0.4389380530973451 0.08613569321533923 0.03893805309734513 0.030678466076696165
1 0.45132743362831856 0.22330383480825958 0.035398230088495575 0.02654867256637168
1 0.47109144542772863 0.37492625368731564 0.038348082595870206 0.03008849557522124
1 0.4654867256637168 0.47817109144542774 0.03657817109144543 0.02536873156342183
1 0.4861356932153392 0.6466076696165192 0.03421828908554572 0.02359882005899705
1 0.4755162241887906 0.8528023598820059 0.03657817109144543 0.028908554572271386
1 0.6339233038348082 0.8530973451327434 0.03008849557522124 0.03303834808259587
1 0.6274336283185841 0.6749262536873156 0.03008849557522124 0.027138643067846607
1 0.61976401179941 0.5 0.028908554572271386 0.028908554572271386
1 0.6162241887905605 0.35811209439528024 0.028908554572271386 0.02359882005899705
1 0.6061946902654867 0.23303834808259588 0.0359882005899705 0.024778761061946902
1 0.5943952802359882 0.08879056047197639 0.03480825958702065 0.02536873156342183
1 0.7345132743362832 0.09852507374631268 0.035398230088495575 0.025958702064896755
1 0.7575221238938052 0.2312684365781711 0.03421828908554572 0.02359882005899705
1 0.756047197640118 0.3805309734513274 0.028908554572271386 0.02831858407079646
1 0.7675516224188791 0.5309734513274336 0.027138643067846607 0.02359882005899705
1 0.7843657817109144 0.6702064896755162 0.032448377581120944 0.02359882005899705
1 0.7799410029498525 0.851622418879056 0.03421828908554572 0.019469026548672566
1 0.9008849557522124 0.8507374631268436 0.03421828908554572 0.035398230088495575
1 0.903244837758112 0.6616519174041298 0.02831858407079646 0.02536873156342183
1 0.9103244837758112 0.5247787610619469 0.03303834808259587 0.02654867256637168
1 0.904424778761062 0.384070796460177 0.03421828908554572 0.024778761061946902
1 0.8979351032448377 0.2368731563421829 0.03185840707964602 0.02182890855457227
1 0.9 0.09734513274336283 0.032448377581120944 0.021238938053097345
