0 0.231858407079646 0.21651917404129795 0.17345132743362832 0.07905604719764012
0 0.3471976401179941 0.21415929203539824 0.05486725663716814 0.08613569321533923
0 0.4542772861356932 0.15958702064896754 0.08495575221238938 0.1398230088495575
0 0.6141592920353982 0.14778761061946902 0.1215339233038348 0.12212389380530973
0 0.8867256637168142 0.1831858407079646 0.06135693215339233 0.0855457227138643
0 0.22654867256637168 0.3262536873156342 0.12861356932153392 0.10383480825958702
0 0.31386430678466076 0.32271386430678467 0.058997050147492625 0.05781710914454277
0 0.4581120943952802 0.33539823008849556 0.0855457227138643 0.09262536873156342
0 0.5681415929203539 0.24129793510324482 0.14277286135693215 0.13097345132743363
1 0.727433628318584 0.22684365781710913 0.03185840707964602 0.04188790560471976
0 0.7268436578171091 0.27315634218289087 0.04837758112094395 0.0471976401179941
1 0.8259587020648967 0.308259587020649 0.06253687315634218 0.05486725663716814
0 0.8507374631268436 0.40943952802359884 0.03657817109144543 0.049557522123893805
0 0.6693215339233038 0.38259587020648966 0.07728613569321534 0.1433628318584071
0 0.5793510324483776 0.3938053097345133 0.11327433628318584 0.09144542772861357
0 0.21563421828908555 0.44483775811209436 0.04896755162241888 0.05191740412979351
0 0.33480825958702065 0.43864306784660767 0.10914454277286136 0.1374631268436578
0 0.46194690265486726 0.47787610619469023 0.04837758112094395 0.0471976401179941
0 0.21769911504424777 0.5743362831858407 0.0471976401179941 0.05486725663716814
0 0.32831858407079645 0.5380530973451327 0.11976401179941003 0.06843657817109144
0 0.22772861356932153 0.7542772861356932 0.11799410029498525 0.0607669616519174
0 0.23215339233038348 0.8230088495575221 0.06312684365781711 0.08259587020648967
0 0.3454277286135693 0.7486725663716814 0.10324483775811209 0.08141592920353982
0 0.36578171091445427 0.8587020648967552 0.11799410029498525 0.06430678466076696
0 0.5206489675516224 0.8634218289085546 0.14690265486725662 0.09852507374631268
0 0.6474926253687315 0.8914454277286136 0.05014749262536873 0.04837758112094395
0 0.7970501474926254 0.8412979351032448 0.07315634218289085 0.10619469026548672
0 0.8976401179941003 0.8820058997050148 0.04188790560471976 0.03775811209439528
0 0.8802359882005899 0.7215339233038348 0.05663716814159292 0.08377581120943953
0 0.7348082595870207 0.5834808259587021 0.11386430678466077 0.08377581120943953
0 0.6256637168141593 0.5418879056047198 0.07492625368731563 0.14926253687315633
1 0.4946902654867257 0.6061946902654867 0.06430678466076696 0.05014749262536873
1 0.49734513274336284 0.7174041297935103 0.04601769911504425 0.044837758112094395
0 0.8843657817109144 0.5348082595870206 0.05663716814159292 0.043067846607669616
