1 0.09823008849557521 0.11238938053097344 0.04660766961651917 0.038348082595870206
0 0.12448377581120944 0.27315634218289087 0.05781710914454277 0.08377581120943953
0 0.10855457227138643 0.4646017699115044 0.05781710914454277 0.04188790560471976
0 0.16047197640117994 0.575811209439528 0.06371681415929203 0.06253687315634218
1 0.16843657817109145 0.6896755162241888 0.04896755162241888 0.03421828908554572
0 0.11091445427728613 0.803834808259587 0.058997050147492625 0.06312684365781711
0 0.27817109144542773 0.8002949852507375 0.05368731563421829 0.03126843657817109
1 0.27315634218289087 0.7132743362831858 0.03775811209439528 0.03421828908554572
0 0.3887905604719764 0.8474926253687316 0.12979351032448377 0.13628318584070798
0 0.5483775811209439 0.8407079646017699 0.07964601769911504 0.1368731563421829
0 0.6545722713864307 0.7843657817109144 0.05132743362831858 0.08436578171091445
0 0.7663716814159292 0.7908554572271387 0.19823008849557522 0.06312684365781711
0 0.42271386430678465 0.7578171091445428 0.11150442477876106 0.12330383480825959
0 0.543952802359882 0.6707964601769911 0.10265486725663717 0.071976401179941
0 0.7707964601769911 0.6734513274336283 0.09498525073746313 0.12212389380530973
0 0.6864306784660766 0.6743362831858407 0.05368731563421829 0.06017699115044248
0 0.6687315634218289 0.5463126843657817 0.11032448377581121 0.1191740412979351
0 0.783480825958702 0.5548672566371682 0.04837758112094395 0.05486725663716814
0 0.7846607669616519 0.4283185840707965 0.04365781710914454 0.054277286135693215
0 0.6672566371681415 0.45958702064896756 0.13097345132743363 0.0696165191740413
0 0.20943952802359883 0.15752212389380532 0.07079646017699115 0.12035398230088495
1 0.21710914454277286 0.2592920353982301 0.035398230088495575 0.03480825958702065
0 0.25545722713864305 0.4061946902654867 0.0967551622418879 0.10324483775811209
0 0.32448377581120946 0.616519174041298 0.08023598820058997 0.1415929203539823
0 0.3846607669616519 0.588495575221239 0.07787610619469026 0.0855457227138643
0 0.3728613569321534 0.4616519174041298 0.08731563421828908 0.14690265486725662
0 0.33421828908554574 0.28289085545722714 0.08672566371681416 0.038348082595870206
0 0.35634218289085545 0.11622418879056047 0.0471976401179941 0.04601769911504425
1 0.49616519174041296 0.28289085545722714 0.058997050147492625 0.04070796460176991
1 0.511504424778761 0.3943952802359882 0.058997050147492625 0.043067846607669616
0 0.5380530973451327 0.5188790560471976 0.058997050147492625 0.05604719764011799
0 0.4817109144542773 0.1368731563421829 0.1374631268436578 0.10501474926253687
0 0.6448377581120944 0.13097345132743363 0.11563421828908554 0.0696165191740413
0 0.6619469026548672 0.26194690265486725 0.10029498525073746 0.08023598820058997
0 0.7584070796460177 0.17581120943952802 0.09026548672566372 0.0967551622418879
0 0.7746312684365781 0.23392330383480825 0.12979351032448377 0.05014749262536873
