1 0.14926253687315633 0.1893805309734513 0.03421828908554572 0.02359882005899705
1 0.14926253687315633 0.3392330383480826 0.05191740412979351 0.030678466076696165
1 0.14454277286135692 0.5088495575221239 0.04601769911504425 0.02654867256637168
1 0.13421828908554573 0.6250737463126843 0.04542772861356932 0.027728613569321534
1 0.1421828908554572 0.764306784660767 0.04365781710914454 0.03008849557522124
1 0.14129793510324484 0.8761061946902655 0.05014749262536873 0.02831858407079646
1 0.28908554572271383 0.8852507374631269 0.04837758112094395 0.028908554572271386
1 0.2952802359882006 0.772566371681416 0.043067846607669616 0.024188790560471976
1 0.3088495575221239 0.6368731563421829 0.04070796460176991 0.02182890855457227
1 0.29970501474926253 0.503834808259587 0.04837758112094395 0.025958702064896755
1 0.3079646017699115 0.3407079646017699 0.04129793510324484 0.032448377581120944
1 0.30855457227138644 0.1926253687315634 0.03775811209439528 0.027728613569321534
1 0.48289085545722715 0.18495575221238938 0.04070796460176991 0.028908554572271386
1 0.47168141592920354 0.3368731563421829 0.03126843657817109 0.022418879056047197
1 0.45014749262536874 0.49911504424778763 0.03775811209439528 0.03303834808259587
1 0.45191740412979353 0.6271386430678466 0.03657817109144543 0.025958702064896755
1 0.45545722713864306 0.7678466076696165 0.040117994100294985 0.02536873156342183
1 0.46135693215339235 0.8905604719764012 0.044837758112094395 0.03126843657817109
1 0.6017699115044248 0.8914454277286136 0.03657817109144543 0.024778761061946902
1 0.7460176991150442 0.8970501474926253 0.04424778761061947 0.024188790560471976
1 0.8905604719764012 0.8958702064896755 0.043067846607669616 0.03126843657817109
1 0.7557522123893805 0.7705014749262536 0.03775811209439528 0.027138643067846607
1 0.8778761061946903 0.7734513274336283 0.035398230088495575 0.035398230088495575
1 0.6029498525073747 0.7716814159292036 0.04129793510324484 0.03775811209439528
1 0.6294985250737463 0.6321533923303835 0.035398230088495575 0.028908554572271386
1 0.7657817109144542 0.640117994100295 0.0471976401179941 0.03185840707964602
1 0.8778761061946903 0.6348082595870206 0.035398230088495575 0.03893805309734513
1 0.6277286135693215 0.4946902654867257 0.044837758112094395 0.033628318584070796
1 0.7628318584070797 0.4755162241887906 0.03657817109144543 0.024778761061946902
1 0.8814159292035398 0.4755162241887906 0.03303834808259587 0.03775811209439528
1 0.8873156342182891 0.3392330383480826 0.03893805309734513 0.022418879056047197
1 0.7660766961651917 0.3303834808259587 0.038348082595870206 0.02359882005899705
1 0.6351032448377582 0.3359882005899705 0.038348082595870206 0.02654867256637168
1 0.6274336283185841 0.18525073746312684 0.04070796460176991 0.02831858407079646
1 0.7631268436578171 0.18997050147492625 0.04188790560471976 0.024778761061946902
1 0.8793510324483775 0.18997050147492625 0.03126843657817109 0.024778761061946902
