1 0.14660766961651917 0.08289085545722713 0.04424778761061947 0.03952802359882006
1 0.12035398230088495 0.30442477876106194 0.0471976401179941 0.02831858407079646
1 0.140117994100295 0.46519174041297934 0.03716814159292035 0.043067846607669616
0 0.13893805309734514 0.5584070796460177 0.04188790560471976 0.04070796460176991
1 0.13539823008849558 0.7067846607669617 0.032448377581120944 0.03421828908554572
1 0.11386430678466077 0.875221238938053 0.03893805309734513 0.04070796460176991
1 0.30265486725663715 0.859882005899705 0.03185840707964602 0.043067846607669616
0 0.44955752212389377 0.8690265486725663 0.04129793510324484 0.03775811209439528
1 0.5858407079646017 0.8103244837758112 0.03775811209439528 0.03008849557522124
1 0.7415929203539823 0.8297935103244838 0.035398230088495575 0.043067846607669616
1 0.9309734513274336 0.8345132743362832 0.0471976401179941 0.04070796460176991
1 0.9203539823008849 0.7044247787610619 0.03185840707964602 0.03185840707964602
1 0.7424778761061946 0.7005899705014749 0.04542772861356932 0.03952802359882006
1 0.6103244837758112 0.719174041297935 0.038348082595870206 0.035398230088495575
0 0.45486725663716815 0.7115044247787611 0.03893805309734513 0.04837758112094395
1 0.2929203539823009 0.7126843657817109 0.04070796460176991 0.03303834808259587
1 0.2952802359882006 0.5982300884955752 0.04070796460176991 0.03421828908554572
1 0.44660766961651915 0.58023598820059 0.035398230088495575 0.03008849557522124
1 0.6053097345132743 0.5825958702064896 0.03421828908554572 0.02654867256637168
1 0.7495575221238938 0.5929203539823009 0.03952802359882006 0.02831858407079646
1 0.9386430678466077 0.5967551622418878 0.03893805309734513 0.03716814159292035
1 0.9374631268436578 0.45722713864306785 0.025958702064896755 0.030678466076696165
1 0.7746312684365781 0.4342182890855457 0.02831858407079646 0.0471976401179941
1 0.6274336283185841 0.4604719764011799 0.03008849557522124 0.04424778761061947
1 0.45014749262536874 0.4433628318584071 0.03303834808259587 0.033628318584070796
1 0.2902654867256637 0.43716814159292033 0.027138643067846607 0.03421828908554572
1 0.30117994100294987 0.1200589970501475 0.03952802359882006 0.03008849557522124
0 0.335693215339233 0.3047197640117994 0.03421828908554572 0.052507374631268436
1 0.45722713864306785 0.2867256637168142 0.049557522123893805 0.03303834808259587
1 0.479646017699115 0.1374631268436578 0.03185840707964602 0.024778761061946902
0 0.6463126843657817 0.17315634218289086 0.03716814159292035 0.05486725663716814
1 0.6265486725663717 0.3359882005899705 0.044837758112094395 0.028908554572271386
1 0.7811209439528024 0.32890855457227136 0.03185840707964602 0.03008849557522124
1 0.9339233038348083 0.3174041297935103 0.03775811209439528 0.03421828908554572
1 0.8253687315634218 0.18525073746312684 0.03775811209439528 0.03657817109144543
1 0.9383480825958702 0.14660766961651917 0.03126843657817109 0.027728613569321534
