0 0.23244837758112094 0.17286135693215338 0.06135693215339233 0.08023598820058997
0 0.5209439528023598 0.13333333333333333 0.14513274336283186 0.08731563421828908
0 0.6457227138643068 0.10589970501474927 0.05132743362831858 0.05132743362831858
0 0.7920353982300885 0.16047197640117994 0.07610619469026549 0.11563421828908554
1 0.8979351032448377 0.11769911504424779 0.04129793510324484 0.0359882005899705
0 0.21238938053097345 0.24218289085545722 0.11563421828908554 0.0584070796460177
0 0.34129793510324485 0.2551622418879056 0.09970501474926254 0.0808259587020649
0 0.6660766961651917 0.2663716814159292 0.0943952802359882 0.04188790560471976
0 0.8814159292035398 0.2790560471976401 0.05663716814159292 0.08495575221238938
1 0.49557522123893805 0.28112094395280235 0.044837758112094395 0.03952802359882006
0 0.2168141592920354 0.4277286135693215 0.043067846607669616 0.05191740412979351
0 0.32890855457227136 0.4631268436578171 0.12330383480825959 0.06253687315634218
1 0.4952802359882006 0.39823008849557523 0.05486725663716814 0.04365781710914454
0 0.6259587020648968 0.4592920353982301 0.09085545722713864 0.15752212389380532
0 0.728023598820059 0.415929203539823 0.09085545722713864 0.07905604719764012
1 0.8893805309734513 0.4616519174041298 0.04896755162241888 0.03952802359882006
0 0.21710914454277286 0.5587020648967551 0.03657817109144543 0.05781710914454277
0 0.3380530973451327 0.5528023598820059 0.10973451327433628 0.1215339233038348
0 0.46194690265486726 0.5194690265486726 0.04365781710914454 0.04660766961651917
0 0.21946902654867256 0.6690265486725664 0.13451327433628318 0.10265486725663717
0 0.23628318584070795 0.796165191740413 0.1846607669616519 0.07374631268436578
0 0.31327433628318585 0.6743362831858407 0.049557522123893805 0.0471976401179941
0 0.34601769911504426 0.7899705014749262 0.05368731563421829 0.08259587020648967
0 0.4474926253687316 0.8377581120943953 0.08908554572271386 0.13333333333333333
0 0.4575221238938053 0.6648967551622419 0.08436578171091445 0.07905604719764012
0 0.5684365781710914 0.7595870206489675 0.1480825958702065 0.11268436578171091
0 0.6088495575221239 0.851622418879056 0.12743362831858407 0.1351032448377581
0 0.5716814159292035 0.6079646017699115 0.12861356932153392 0.0855457227138643
0 0.7053097345132743 0.6106194690265486 0.07610619469026549 0.14277286135693215
0 0.852212389380531 0.5876106194690265 0.05014749262536873 0.05191740412979351
1 0.728023598820059 0.7297935103244838 0.035398230088495575 0.03775811209439528
1 0.7430678466076696 0.8374631268436578 0.04188790560471976 0.038348082595870206
0 0.3687315634218289 0.140117994100295 0.08023598820058997 0.09852507374631268
1 0.8507374631268436 0.667551622418879 0.04247787610619469 0.05014749262536873
0 0.8876106194690265 0.8427728613569322 0.05486725663716814 0.12212389380530973
1 0.7654867256637168 0.2696165191740413 0.05014749262536873 0.04837758112094395
