0 0.1191740412979351 0.07758112094395281 0.049557522123893805 0.07374631268436578
0 0.12625368731563422 0.25014749262536873 0.0696165191740413 0.0696165191740413
0 0.13215339233038348 0.33539823008849556 0.044837758112094395 0.0855457227138643
0 0.1410029498525074 0.531858407079646 0.05663716814159292 0.07964601769911504
0 0.13303834808259588 0.6958702064896755 0.06430678466076696 0.10914454277286136
0 0.13864306784660768 0.8144542772861357 0.08141592920353982 0.03716814159292035
0 0.231858407079646 0.8336283185840708 0.049557522123893805 0.09085545722713864
0 0.21887905604719765 0.6926253687315634 0.05191740412979351 0.0920353982300885
0 0.3734513274336283 0.7982300884955752 0.0471976401179941 0.058997050147492625
0 0.5020648967551622 0.7887905604719764 0.07315634218289085 0.058997050147492625
0 0.6876106194690266 0.8294985250737463 0.043067846607669616 0.08023598820058997
0 0.8469026548672566 0.8424778761061946 0.05486725663716814 0.0696165191740413
1 0.8545722713864307 0.6604719764011799 0.05014749262536873 0.03008849557522124
0 0.6849557522123894 0.6336283185840708 0.04837758112094395 0.06017699115044248
0 0.515339233038348 0.6277286135693215 0.052507374631268436 0.071976401179941
0 0.36430678466076694 0.6766961651917404 0.04660766961651917 0.07079646017699115
0 0.228023598820059 0.5542772861356932 0.052507374631268436 0.08790560471976401
0 0.2312684365781711 0.3351032448377581 0.05309734513274336 0.09557522123893805
1 0.24985250737463127 0.20737463126843658 0.05368731563421829 0.0607669616519174
0 0.26135693215339234 0.07256637168141593 0.05663716814159292 0.07905604719764012
0 0.4070796460176991 0.07551622418879056 0.04365781710914454 0.0696165191740413
0 0.3938053097345133 0.20029498525073747 0.09262536873156342 0.08200589970501475
0 0.36843657817109143 0.3445427728613569 0.05486725663716814 0.054277286135693215
0 0.3648967551622419 0.479646017699115 0.04896755162241888 0.05073746312684366
0 0.5289085545722714 0.48053097345132745 0.05958702064896755 0.07728613569321534
0 0.6935103244837758 0.5283185840707965 0.03952802359882006 0.07492625368731563
0 0.855457227138643 0.5265486725663717 0.04837758112094395 0.0855457227138643
1 0.8684365781710914 0.3949852507374631 0.04365781710914454 0.04424778761061947
0 0.6914454277286135 0.3902654867256637 0.05663716814159292 0.061946902654867256
0 0.5433628318584071 0.34365781710914456 0.06725663716814159 0.06548672566371681
0 0.5374631268436578 0.2669616519174041 0.0471976401179941 0.06666666666666667
1 0.5374631268436578 0.1359882005899705 0.04247787610619469 0.04070796460176991
0 0.7064896755162242 0.08230088495575222 0.04660766961651917 0.05132743362831858
1 0.7112094395280236 0.2383480825958702 0.04896755162241888 0.058997050147492625
0 0.8539823008849557 0.2587020648967552 0.06902654867256637 0.057227138643067846
1 0.8610619469026548 0.09882005899705015 0.04424778761061947 0.04188790560471976
