1 0.06371681415929203 0.1424778761061947 0.035398230088495575 0.02536873156342183
1 0.0696165191740413 0.3005899705014749 0.03421828908554572 0.023008849557522124
1 0.06519174041297934 0.45073746312684365 0.028908554572271386 0.024778761061946902
1 0.06312684365781711 0.592330383480826 0.035398230088495575 0.03775811209439528
1 0.06843657817109144 0.723598820058997 0.035398230088495575 0.03008849557522124
1 0.06489675516224189 0.8315634218289085 0.03775811209439528 0.024188790560471976
1 0.24454277286135692 0.7174041297935103 0.032448377581120944 0.03657817109144543
1 0.2528023598820059 0.587315634218289 0.03126843657817109 0.03008849557522124
1 0.24188790560471976 0.4451327433628319 0.03775811209439528 0.03008849557522124
1 0.24631268436578171 0.29646017699115046 0.03126843657817109 0.02654867256637168
1 0.2377581120943953 0.14660766961651917 0.035398230088495575 0.03008849557522124
1 0.37669616519174043 0.143952802359882 0.032448377581120944 0.027138643067846607
1 0.384070796460177 0.3029498525073746 0.03893805309734513 0.03126843657817109
1 0.3905604719764012 0.44483775811209436 0.03421828908554572 0.03185840707964602
1 0.3952802359882006 0.5796460176991151 0.03775811209439528 0.02654867256637168
1 0.3952802359882006 0.7061946902654868 0.03775811209439528 0.027138643067846607
1 0.5525073746312684 0.8451327433628318 0.03480825958702065 0.03008849557522124
1 0.5480825958702065 0.7053097345132743 0.03303834808259587 0.027728613569321534
1 0.5530973451327433 0.5775811209439528 0.03716814159292035 0.022418879056047197
1 0.5525073746312684 0.4415929203539823 0.032448377581120944 0.027728613569321534
1 0.5463126843657817 0.2994100294985251 0.03657817109144543 0.02654867256637168
1 0.5504424778761062 0.12536873156342182 0.025958702064896755 0.032448377581120944
1 0.7026548672566372 0.11622418879056047 0.03421828908554572 0.024778761061946902
1 0.7 0.2814159292035398 0.03952802359882006 0.03775811209439528
1 0.7123893805309734 0.4374631268436578 0.038348082595870206 0.03008849557522124
1 0.7132743362831858 0.5793510324483776 0.03657817109144543 0.024778761061946902
1 0.7061946902654868 0.6991150442477876 0.035398230088495575 0.02831858407079646
1 0.8778761061946903 0.5855457227138643 0.035398230088495575 0.032448377581120944
1 0.8790560471976401 0.4374631268436578 0.04365781710914454 0.027728613569321534
1 0.8784660766961652 0.2737463126843658 0.03657817109144543 0.024778761061946902
1 0.8716814159292036 0.10737463126843658 0.033628318584070796 0.027138643067846607
1 0.883480825958702 0.7135693215339233 0.04188790560471976 0.028908554572271386
1 0.7215339233038348 0.8560471976401179 0.030678466076696165 0.024778761061946902
1 0.23893805309734512 0.8442477876106195 0.04601769911504425 0.024778761061946902
1 0.39646017699115044 0.848377581120944 0.035398230088495575 0.025958702064896755
1 0.8846607669616519 0.8740412979351032 0.03952802359882006 0.02536873156342183
