1 0.1 0.15014749262536872 0.032448377581120944 0.03008849557522124
1 0.22241887905604718 0.1495575221238938 0.02359882005899705 0.018289085545722714
1 0.3654867256637168 0.14513274336283186 0.02654867256637168 0.027138643067846607
1 0.5250737463126843 0.13893805309734514 0.03775811209439528 0.03008849557522124
1 0.68023598820059 0.1327433628318584 0.03185840707964602 0.025958702064896755
1 0.8410029498525073 0.12507374631268436 0.038348082595870206 0.03421828908554572
1 0.0976401179941003 0.33480825958702065 0.03008849557522124 0.028908554572271386
1 0.2150442477876106 0.3286135693215339 0.03126843657817109 0.027138643067846607
1 0.3734513274336283 0.32359882005899704 0.03657817109144543 0.02536873156342183
1 0.5165191740412979 0.35103244837758113 0.028908554572271386 0.030678466076696165
1 0.6790560471976401 0.3433628318584071 0.03421828908554572 0.03303834808259587
1 0.8448377581120944 0.3625368731563422 0.03775811209439528 0.03008849557522124
1 0.08761061946902654 0.47168141592920354 0.03126843657817109 0.027728613569321534
1 0.09734513274336283 0.6179941002949852 0.03303834808259587 0.02654867256637168
1 0.10235988200589971 0.7628318584070797 0.028908554572271386 0.022418879056047197
1 0.10678466076696165 0.9017699115044248 0.03775811209439528 0.027728613569321534
1 0.2657817109144543 0.9023598820058997 0.03126843657817109 0.03126843657817109
1 0.40766961651917405 0.9132743362831859 0.03421828908554572 0.03303834808259587
1 0.5648967551622419 0.9129793510324483 0.033628318584070796 0.028908554572271386
1 0.2471976401179941 0.7684365781710915 0.03303834808259587 0.03126843657817109
1 0.39764011799410026 0.7651917404129793 0.03775811209439528 0.024778761061946902
1 0.3864306784660767 0.6389380530973451 0.03421828908554572 0.02359882005899705
1 0.24336283185840707 0.6191740412979351 0.03008849557522124 0.02654867256637168
1 0.23569321533923304 0.4713864306784661 0.03126843657817109 0.022418879056047197
1 0.38259587020648966 0.4994100294985251 0.028908554572271386 0.027728613569321534
1 0.5356932153392331 0.523598820058997 0.035398230088495575 0.028908554572271386
1 0.6896755162241888 0.5120943952802359 0.03421828908554572 0.024778761061946902
1 0.8421828908554572 0.5179941002949853 0.032448377581120944 0.025958702064896755
1 0.8474926253687316 0.6321533923303835 0.038348082595870206 0.02064896755162242
1 0.6882005899705015 0.6277286135693215 0.028908554572271386 0.027138643067846607
1 0.5300884955752212 0.6244837758112094 0.032448377581120944 0.02064896755162242
1 0.5525073746312684 0.7731563421828909 0.043067846607669616 0.02536873156342183
1 0.7032448377581121 0.7764011799410029 0.029498525073746312 0.02831858407079646
1 0.8507374631268436 0.7808259587020648 0.03657817109144543 0.03008849557522124
1 0.8690265486725663 0.8958702064896755 0.044837758112094395 0.03126843657817109
0 0.7123893805309734 0.9200589970501475 0.032448377581120944 0.038348082595870206
