1 0.14188790560471976 0.12212389380530973 0.04070796460176991 0.021238938053097345
1 0.28584070796460176 0.11445427728613569 0.04424778761061947 0.02831858407079646
1 0.45663716814159294 0.10589970501474927 0.035398230088495575 0.027728613569321534
1 0.6014749262536873 0.10648967551622418 0.03126843657817109 0.023008849557522124
1 0.7433628318584071 0.10206489675516224 0.03893805309734513 0.020058997050147492
1 0.8914454277286136 0.10442477876106195 0.03893805309734513 0.027138643067846607
1 0.1407079646017699 0.2342182890855457 0.038348082595870206 0.020058997050147492
1 0.2949852507374631 0.22979351032448378 0.03421828908554572 0.018289085545722714
1 0.45663716814159294 0.23008849557522124 0.03775811209439528 0.02359882005899705
1 0.6050147492625368 0.22654867256637168 0.04542772861356932 0.027138643067846607
1 0.7575221238938052 0.22979351032448378 0.03185840707964602 0.023008849557522124
1 0.8799410029498524 0.22861356932153393 0.04070796460176991 0.028908554572271386
1 0.13244837758112094 0.37610619469026546 0.04188790560471976 0.03008849557522124
1 0.30914454277286135 0.36224188790560474 0.03893805309734513 0.02831858407079646
1 0.4533923303834808 0.3710914454277286 0.03952802359882006 0.02359882005899705
1 0.6303834808259587 0.3693215339233038 0.03952802359882006 0.022418879056047197
1 0.7654867256637168 0.363716814159292 0.033628318584070796 0.03126843657817109
1 0.8769911504424779 0.36666666666666664 0.03952802359882006 0.032448377581120944
1 0.14424778761061946 0.492330383480826 0.04188790560471976 0.03008849557522124
1 0.2994100294985251 0.49262536873156343 0.043067846607669616 0.027138643067846607
1 0.452212389380531 0.4970501474926254 0.03716814159292035 0.028908554572271386
1 0.6277286135693215 0.5056047197640118 0.044837758112094395 0.027138643067846607
1 0.7622418879056048 0.5247787610619469 0.035398230088495575 0.023008849557522124
1 0.879646017699115 0.5265486725663717 0.03421828908554572 0.032448377581120944
1 0.143952802359882 0.6616519174041298 0.03893805309734513 0.019469026548672566
1 0.30855457227138644 0.6595870206489676 0.035398230088495575 0.02359882005899705
1 0.4725663716814159 0.6616519174041298 0.03303834808259587 0.02182890855457227
1 0.6312684365781711 0.664306784660767 0.03775811209439528 0.022418879056047197
1 0.7640117994100295 0.6696165191740413 0.044837758112094395 0.022418879056047197
1 0.8823008849557522 0.6619469026548672 0.03952802359882006 0.022418879056047197
1 0.1480825958702065 0.8129793510324483 0.03657817109144543 0.02359882005899705
1 0.30678466076696165 0.8029498525073746 0.03421828908554572 0.02359882005899705
1 0.4849557522123894 0.8144542772861357 0.04247787610619469 0.023008849557522124
1 0.6294985250737463 0.8171091445427728 0.035398230088495575 0.025958702064896755
1 0.7610619469026548 0.8100294985250738 0.03303834808259587 0.022418879056047197
1 0.8772861356932153 0.8088495575221238 0.035398230088495575 0.024778761061946902
