1 0.12831858407079647 0.10648967551622418 0.033628318584070796 0.03126843657817109
1 0.12123893805309735 0.27640117994100294 0.04542772861356932 0.02536873156342183
1 0.12566371681415928 0.43952802359882004 0.044837758112094395 0.02359882005899705
1 0.12625368731563422 0.5834808259587021 0.035398230088495575 0.03421828908554572
1 0.1191740412979351 0.7132743362831858 0.04129793510324484 0.02359882005899705
1 0.11858407079646018 0.8743362831858407 0.030678466076696165 0.024778761061946902
1 0.27640117994100294 0.8539823008849557 0.04188790560471976 0.02064896755162242
1 0.44542772861356933 0.8454277286135693 0.03657817109144543 0.020058997050147492
1 0.6029498525073747 0.8445427728613569 0.03893805309734513 0.02064896755162242
1 0.7595870206489675 0.8407079646017699 0.03480825958702065 0.01887905604719764
1 0.9330383480825959 0.8321533923303834 0.04188790560471976 0.03008849557522124
1 0.935693215339233 0.7147492625368731 0.03421828908554572 0.02654867256637168
1 0.7533923303834809 0.7109144542772862 0.035398230088495575 0.025958702064896755
1 0.6044247787610619 0.7044247787610619 0.03952802359882006 0.025958702064896755
1 0.4471976401179941 0.6952802359882005 0.03657817109144543 0.028908554572271386
1 0.2920353982300885 0.6985250737463127 0.03421828908554572 0.027138643067846607
1 0.28820058997050146 0.5752212389380531 0.03126843657817109 0.027138643067846607
1 0.44955752212389377 0.575811209439528 0.04129793510324484 0.025958702064896755
1 0.608259587020649 0.5790560471976401 0.03657817109144543 0.02536873156342183
1 0.748377581120944 0.5864306784660767 0.03952802359882006 0.02831858407079646
1 0.9353982300884955 0.5976401179941003 0.03008849557522124 0.024778761061946902
1 0.9348082595870206 0.4492625368731563 0.03126843657817109 0.02182890855457227
1 0.7575221238938052 0.44365781710914454 0.03657817109144543 0.02359882005899705
1 0.608259587020649 0.4424778761061947 0.03421828908554572 0.02359882005899705
1 0.44837758112094395 0.4421828908554572 0.03185840707964602 0.03126843657817109
1 0.2849557522123894 0.4377581120943953 0.035398230088495575 0.024778761061946902
1 0.29852507374631265 0.28348082595870205 0.03421828908554572 0.023008849557522124
1 0.45073746312684365 0.3005899705014749 0.03893805309734513 0.028908554572271386
1 0.6132743362831858 0.30324483775811206 0.03952802359882006 0.02831858407079646
1 0.7519174041297935 0.29469026548672567 0.032448377581120944 0.019469026548672566
1 0.9268436578171091 0.29793510324483774 0.03421828908554572 0.02359882005899705
1 0.29469026548672567 0.11887905604719765 0.03126843657817109 0.032448377581120944
1 0.4457227138643068 0.11976401179941003 0.03126843657817109 0.025958702064896755
1 0.6200589970501474 0.1398230088495575 0.03185840707964602 0.022418879056047197
1 0.7551622418879056 0.13539823008849558 0.03185840707964602 0.02064896755162242
1 0.9339233038348083 0.1392330383480826 0.027138643067846607 0.01887905604719764
