0 0.10206489675516224 0.11386430678466077 0.044837758112094395 0.03775811209439528
0 0.12123893805309735 0.2761061946902655 0.05604719764011799 0.071976401179941
0 0.11061946902654868 0.4604719764011799 0.043067846607669616 0.052507374631268436
0 0.15870206489675515 0.5778761061946902 0.05781710914454277 0.06902654867256637
1 0.16578171091445426 0.6899705014749262 0.04601769911504425 0.04424778761061947
0 0.11179941002949853 0.7967551622418879 0.06666666666666667 0.06430678466076696
1 0.27640117994100294 0.7979351032448377 0.03716814159292035 0.03008849557522124
1 0.2743362831858407 0.7138643067846607 0.04601769911504425 0.035398230088495575
0 0.2575221238938053 0.4050147492625369 0.08790560471976401 0.08790560471976401
0 0.22359882005899706 0.26194690265486725 0.04601769911504425 0.03775811209439528
0 0.20707964601769913 0.15014749262536872 0.08377581120943953 0.11150442477876106
1 0.35516224188790557 0.11622418879056047 0.049557522123893805 0.04601769911504425
0 0.3315634218289085 0.28171091445427726 0.08377581120943953 0.04070796460176991
0 0.48023598820059 0.13097345132743363 0.13805309734513274 0.10383480825958702
1 0.4935103244837758 0.2808259587020649 0.05368731563421829 0.0471976401179941
0 0.3696165191740413 0.46106194690265484 0.09970501474926254 0.15634218289085544
0 0.3224188790560472 0.6191740412979351 0.09498525073746313 0.1421828908554572
0 0.38259587020648966 0.5914454277286135 0.07846607669616519 0.07846607669616519
0 0.4200589970501475 0.7578171091445428 0.12743362831858407 0.12330383480825959
0 0.396165191740413 0.8477876106194691 0.1351032448377581 0.14041297935103245
0 0.5445427728613569 0.8380530973451328 0.08731563421828908 0.1410029498525074
0 0.6566371681415929 0.7837758112094395 0.049557522123893805 0.08790560471976401
0 0.7666666666666666 0.7858407079646017 0.19646017699115043 0.07079646017699115
0 0.7728613569321534 0.6728613569321534 0.09557522123893805 0.11858407079646018
0 0.6823008849557523 0.6772861356932154 0.05132743362831858 0.058997050147492625
0 0.5460176991150443 0.6775811209439528 0.09616519174041298 0.06666666666666667
1 0.5353982300884955 0.5206489675516224 0.04896755162241888 0.05014749262536873
1 0.5064896755162241 0.3943952802359882 0.05132743362831858 0.04070796460176991
0 0.6678466076696166 0.45722713864306785 0.12507374631268436 0.06135693215339233
0 0.7831858407079646 0.42920353982300885 0.0584070796460177 0.05014749262536873
0 0.7814159292035399 0.552212389380531 0.03952802359882006 0.06253687315634218
0 0.6666666666666666 0.5513274336283186 0.1168141592920354 0.11150442477876106
0 0.6427728613569321 0.1327433628318584 0.11386430678466077 0.06843657817109144
0 0.6613569321533923 0.25781710914454276 0.10147492625368731 0.08495575221238938
0 0.7572271386430678 0.17728613569321533 0.08790560471976401 0.09380530973451327
0 0.7575221238938052 0.24129793510324482 0.08377581120943953 0.06135693215339233
