1 0.07728613569321534 0.49203539823008846 0.03657817109144543 0.02831858407079646
0 0.12035398230088495 0.6507374631268437 0.10501474926253687 0.18053097345132743
0 0.1336283185840708 0.8230088495575221 0.11858407079646018 0.1486725663716814
0 0.2581120943952802 0.7876106194690266 0.07138643067846608 0.13215339233038348
0 0.26194690265486725 0.684070796460177 0.07905604719764012 0.0855457227138643
0 0.1808259587020649 0.5914454277286135 0.08672566371681416 0.11504424778761062
0 0.15545722713864307 0.3463126843657817 0.07492625368731563 0.07315634218289085
0 0.18348082595870208 0.20412979351032448 0.10265486725663717 0.06725663716814159
0 0.3268436578171091 0.17728613569321533 0.08495575221238938 0.11740412979351032
0 0.26784660766961654 0.25604719764011796 0.13215339233038348 0.06253687315634218
0 0.5306784660766961 0.15781710914454278 0.13864306784660768 0.07374631268436578
0 0.668141592920354 0.1831858407079646 0.1480825958702065 0.0584070796460177
0 0.7262536873156342 0.10088495575221239 0.07315634218289085 0.12979351032448377
0 0.5224188790560472 0.2843657817109144 0.15634218289085544 0.04837758112094395
0 0.3100294985250737 0.3631268436578171 0.09026548672566372 0.1952802359882006
0 0.29793510324483774 0.5651917404129794 0.09321533923303835 0.1911504424778761
0 0.391740412979351 0.6660766961651917 0.06253687315634218 0.13097345132743363
0 0.46017699115044247 0.8058997050147493 0.0471976401179941 0.07787610619469026
1 0.32536873156342183 0.8064896755162242 0.03008849557522124 0.03185840707964602
0 0.5991150442477876 0.799410029498525 0.14926253687315633 0.11209439528023599
0 0.659882005899705 0.8268436578171091 0.0855457227138643 0.15870206489675515
0 0.7359882005899705 0.6029498525073747 0.07256637168141593 0.058997050147492625
0 0.7383480825958701 0.6566371681415929 0.10088495575221239 0.10383480825958702
0 0.5890855457227139 0.6374631268436578 0.17404129793510326 0.06548672566371681
0 0.5297935103244837 0.5941002949852507 0.15221238938053097 0.10973451327433628
0 0.41474926253687316 0.45073746312684365 0.0696165191740413 0.11091445427728613
0 0.4168141592920354 0.4528023598820059 0.12094395280235988 0.11504424778761062
0 0.49321533923303834 0.47581120943952804 0.12979351032448377 0.12448377581120944
0 0.4784660766961652 0.4398230088495575 0.0471976401179941 0.028908554572271386
0 0.6076696165191741 0.39557522123893807 0.10619469026548672 0.1976401179941003
1 0.6666666666666666 0.5247787610619469 0.03775811209439528 0.07020648967551622
0 0.7407079646017699 0.34985250737463125 0.08908554572271386 0.058997050147492625
0 0.6548672566371682 0.28230088495575223 0.1616519174041298 0.14454277286135692
0 0.7557522123893805 0.24749262536873157 0.0696165191740413 0.11150442477876106
