1 0.15870206489675515 0.184070796460177 0.06843657817109144 0.07315634218289085
0 0.1584070796460177 0.48908554572271384 0.06312684365781711 0.07905604719764012
0 0.1448377581120944 0.7693215339233038 0.06666666666666667 0.06135693215339233
0 0.15103244837758112 0.915929203539823 0.05073746312684366 0.03952802359882006
0 0.30117994100294987 0.7746312684365781 0.05486725663716814 0.06725663716814159
0 0.3112094395280236 0.6306784660766962 0.05368731563421829 0.06017699115044248
0 0.3064896755162242 0.48112094395280236 0.05014749262536873 0.08790560471976401
0 0.32448377581120946 0.37610619469026546 0.058997050147492625 0.06666666666666667
0 0.3008849557522124 0.16224188790560473 0.08259587020648967 0.07787610619469026
0 0.49675516224188787 0.21710914454277286 0.071976401179941 0.071976401179941
0 0.5032448377581121 0.3958702064896755 0.06607669616519174 0.0696165191740413
0 0.4725663716814159 0.5345132743362832 0.06371681415929203 0.07787610619469026
0 0.45486725663716815 0.6607669616519174 0.08377581120943953 0.0471976401179941
0 0.47227138643067845 0.7418879056047197 0.09026548672566372 0.061946902654867256
1 0.4654867256637168 0.8820058997050148 0.03657817109144543 0.04129793510324484
0 0.6389380530973451 0.30737463126843656 0.06371681415929203 0.06017699115044248
0 0.6421828908554572 0.536283185840708 0.06548672566371681 0.06017699115044248
0 0.6463126843657817 0.631858407079646 0.057227138643067846 0.10619469026548672
0 0.5949852507374631 0.9516224188790561 0.05958702064896755 0.06489675516224189
1 0.8657817109144542 0.19970501474926253 0.07728613569321534 0.05486725663716814
0 0.779646017699115 0.31504424778761064 0.05368731563421829 0.0920353982300885
0 0.7569321533923303 0.8112094395280236 0.06725663716814159 0.06371681415929203
0 0.7575221238938052 0.9678466076696165 0.07905604719764012 0.05486725663716814
0 0.8761061946902655 0.6825958702064897 0.058997050147492625 0.0743362831858407
0 0.8861356932153392 0.9415929203539823 0.06843657817109144 0.10265486725663717
0 0.14985250737463127 0.371976401179941 0.04365781710914454 0.05368731563421829
1 0.13539823008849558 0.61976401179941 0.05132743362831858 0.061946902654867256
0 0.791740412979351 0.4504424778761062 0.08141592920353982 0.10088495575221239
0 0.8699115044247787 0.4696165191740413 0.08790560471976401 0.0943952802359882
0 0.927433628318584 0.3448377581120944 0.13215339233038348 0.15988200589970503
0 0.8 0.16932153392330385 0.09321533923303835 0.0920353982300885
0 0.631858407079646 0.21563421828908555 0.06253687315634218 0.08908554572271386
0 0.3415929203539823 0.9507374631268436 0.13215339233038348 0.04424778761061947
0 0.6575221238938053 0.8221238938053097 0.12684365781710916 0.08672566371681416
0 0.791740412979351 0.7200589970501475 0.08967551622418879 0.09498525073746313
0 0.8843657817109144 0.7755162241887905 0.08259587020648967 0.06430678466076696
