0 0.1480825958702065 0.16519174041297935 0.044837758112094395 0.0471976401179941
0 0.3129793510324484 0.17551622418879056 0.06312684365781711 0.06430678466076696
0 0.4988200589970501 0.20914454277286135 0.06430678466076696 0.06430678466076696
0 0.6315634218289086 0.19646017699115043 0.052507374631268436 0.07079646017699115
0 0.7654867256637168 0.16106194690265485 0.04424778761061947 0.08259587020648967
0 0.8660766961651918 0.17728613569321533 0.0696165191740413 0.03952802359882006
0 0.8849557522123894 0.31032448377581123 0.05545722713864307 0.08259587020648967
0 0.7746312684365781 0.31032448377581123 0.04247787610619469 0.0743362831858407
0 0.6330383480825958 0.32182890855457225 0.049557522123893805 0.06548672566371681
0 0.48761061946902656 0.3693215339233038 0.052507374631268436 0.071976401179941
0 0.3129793510324484 0.36666666666666664 0.05486725663716814 0.05604719764011799
0 0.15516224188790562 0.4775811209439528 0.04601769911504425 0.07374631268436578
0 0.30619469026548674 0.47699115044247786 0.04601769911504425 0.06430678466076696
0 0.46519174041297934 0.5156342182890855 0.06784660766961652 0.06843657817109144
0 0.6404129793510325 0.5176991150442478 0.05368731563421829 0.05132743362831858
0 0.771386430678466 0.4474926253687316 0.052507374631268436 0.0808259587020649
1 0.14660766961651917 0.34188790560471977 0.04424778761061947 0.02536873156342183
1 0.13716814159292035 0.6138643067846608 0.04542772861356932 0.028908554572271386
1 0.8528023598820059 0.47640117994100295 0.032448377581120944 0.03952802359882006
0 0.14277286135693215 0.7489675516224189 0.06489675516224189 0.052507374631268436
1 0.14837758112094396 0.9029498525073746 0.04070796460176991 0.027728613569321534
0 0.30117994100294987 0.7604719764011799 0.06548672566371681 0.06017699115044248
0 0.308259587020649 0.9265486725663716 0.06548672566371681 0.07728613569321534
0 0.4666666666666667 0.7377581120943952 0.049557522123893805 0.07256637168141593
0 0.4604719764011799 0.6625368731563421 0.07374631268436578 0.05781710914454277
0 0.3129793510324484 0.6129793510324484 0.07374631268436578 0.04601769911504425
0 0.6330383480825958 0.6595870206489676 0.05191740412979351 0.06843657817109144
0 0.7716814159292036 0.6604719764011799 0.04837758112094395 0.09026548672566372
0 0.8725663716814159 0.6616519174041298 0.04837758112094395 0.09262536873156342
0 0.8790560471976401 0.7548672566371681 0.06725663716814159 0.05958702064896755
0 0.9026548672566371 0.9253687315634218 0.05073746312684366 0.061946902654867256
0 0.7392330383480826 0.9294985250737463 0.05545722713864307 0.07728613569321534
0 0.6002949852507374 0.9194690265486726 0.05486725663716814 0.06784660766961652
1 0.46283185840707963 0.8690265486725663 0.03952802359882006 0.03775811209439528
0 0.6044247787610619 0.8017699115044248 0.08672566371681416 0.071976401179941
0 0.7610619469026548 0.7943952802359882 0.06725663716814159 0.06430678466076696
