0 0.12831858407079647 0.12684365781710916 0.07846607669616519 0.04129793510324484
1 0.27728613569321536 0.0952802359882006 0.03303834808259587 0.038348082595870206
0 0.3536873156342183 0.1079646017699115 0.04424778761061947 0.03893805309734513
1 0.5070796460176991 0.11386430678466077 0.04188790560471976 0.03775811209439528
0 0.7206489675516224 0.10530973451327433 0.052507374631268436 0.05014749262536873
0 0.8533923303834808 0.14926253687315633 0.05014749262536873 0.04365781710914454
0 0.15221238938053097 0.23716814159292035 0.0471976401179941 0.04837758112094395
0 0.2654867256637168 0.2604719764011799 0.04365781710914454 0.04070796460176991
0 0.3949852507374631 0.2519174041297935 0.061946902654867256 0.05781710914454277
1 0.51976401179941 0.2557522123893805 0.06725663716814159 0.03952802359882006
0 0.7200589970501475 0.2312684365781711 0.05132743362831858 0.049557522123893805
0 0.8309734513274336 0.29410029498525075 0.07846607669616519 0.057227138643067846
0 0.1303834808259587 0.44483775811209436 0.04601769911504425 0.07315634218289085
0 0.3035398230088496 0.371976401179941 0.07492625368731563 0.07728613569321534
0 0.47817109144542774 0.37168141592920356 0.052507374631268436 0.08259587020648967
0 0.5997050147492625 0.4073746312684366 0.07492625368731563 0.0855457227138643
1 0.7123893805309734 0.41474926253687316 0.05604719764011799 0.06017699115044248
0 0.855457227138643 0.4663716814159292 0.04365781710914454 0.0359882005899705
1 0.11858407079646018 0.5530973451327433 0.04601769911504425 0.038348082595870206
0 0.11740412979351032 0.6867256637168142 0.035398230088495575 0.04837758112094395
0 0.10678466076696165 0.8224188790560472 0.04365781710914454 0.044837758112094395
0 0.296165191740413 0.8545722713864307 0.04129793510324484 0.07964601769911504
0 0.3678466076696165 0.8256637168141593 0.04070796460176991 0.09026548672566372
0 0.20442477876106194 0.6964601769911505 0.04188790560471976 0.08672566371681416
0 0.44365781710914454 0.6976401179941003 0.07787610619469026 0.09970501474926254
1 0.5890855457227139 0.8601769911504424 0.038348082595870206 0.03657817109144543
0 0.8256637168141593 0.8758112094395281 0.06784660766961652 0.052507374631268436
0 0.7353982300884956 0.807669616519174 0.06548672566371681 0.0471976401179941
1 0.6613569321533923 0.735693215339233 0.04837758112094395 0.049557522123893805
1 0.5578171091445427 0.6943952802359882 0.04542772861356932 0.05663716814159292
0 0.8368731563421828 0.7041297935103245 0.09616519174041298 0.07610619469026549
1 0.2713864306784661 0.5772861356932153 0.03893805309734513 0.03716814159292035
0 0.4253687315634218 0.5404129793510324 0.0743362831858407 0.05545722713864307
0 0.5634218289085545 0.5377581120943953 0.049557522123893805 0.05014749262536873
1 0.6808259587020649 0.5448377581120943 0.05663716814159292 0.05368731563421829
0 0.8477876106194691 0.5778761061946902 0.058997050147492625 0.05958702064896755
