0 0.12831858407079647 0.12684365781710916 0.07846607669616519 0.04129793510324484
1 0.27728613569321536 0.0952802359882006 0.03303834808259587 0.038348082595870206
0 0.363716814159292 0.1616519174041298 0.04424778761061947 0.03893805309734513
1 0.5135693215339233 0.12035398230088495 0.04188790560471976 0.03775811209439528
0 0.7259587020648968 0.14601769911504425 0.052507374631268436 0.05014749262536873
0 0.8533923303834808 0.14926253687315633 0.05014749262536873 0.04365781710914454
0 0.15221238938053097 0.23716814159292035 0.0471976401179941 0.04837758112094395
0 0.2654867256637168 0.2604719764011799 0.04365781710914454 0.04070796460176991
0 0.3991150442477876 0.3182890855457227 0.061946902654867256 0.0584070796460177
1 0.51976401179941 0.2557522123893805 0.06725663716814159 0.03952802359882006
0 0.7106194690265487 0.2914454277286136 0.05132743362831858 0.049557522123893805
0 0.8309734513274336 0.29410029498525075 0.07846607669616519 0.057227138643067846
0 0.2958702064896755 0.37905604719764013 0.07492625368731563 0.07728613569321534
0 0.47817109144542774 0.37168141592920356 0.052507374631268436 0.08259587020648967
0 0.5997050147492625 0.4073746312684366 0.07492625368731563 0.0855457227138643
1 0.7153392330383481 0.415929203539823 0.05604719764011799 0.06017699115044248
0 0.8525073746312685 0.4415929203539823 0.04365781710914454 0.0359882005899705
0 0.15634218289085544 0.6542772861356932 0.035398230088495575 0.04837758112094395
0 0.1846607669616519 0.791740412979351 0.04365781710914454 0.044837758112094395
0 0.39646017699115044 0.8415929203539823 0.04129793510324484 0.07964601769911504
0 0.45014749262536874 0.6941002949852507 0.07787610619469026 0.09970501474926254
1 0.5932153392330384 0.8631268436578171 0.038348082595870206 0.03657817109144543
0 0.8634218289085546 0.828613569321534 0.06784660766961652 0.052507374631268436
0 0.7353982300884956 0.807669616519174 0.06548672566371681 0.0471976401179941
1 0.6648967551622419 0.735693215339233 0.04837758112094395 0.049557522123893805
1 0.5578171091445427 0.6943952802359882 0.04542772861356932 0.05663716814159292
0 0.7640117994100295 0.7339233038348083 0.07905604719764012 0.07787610619469026
1 0.2914454277286136 0.5259587020648967 0.03893805309734513 0.03716814159292035
0 0.4253687315634218 0.5404129793510324 0.0743362831858407 0.05545722713864307
0 0.5634218289085545 0.5377581120943953 0.049557522123893805 0.05014749262536873
1 0.6808259587020649 0.5448377581120943 0.05663716814159292 0.05368731563421829
0 0.8477876106194691 0.5778761061946902 0.058997050147492625 0.05958702064896755
0 0.15722713864306784 0.4982300884955752 0.052507374631268436 0.052507374631268436
0 0.2351032448377581 0.6572271386430678 0.05132743362831858 0.06253687315634218
0 0.17227138643067846 0.3811209439528024 0.07787610619469026 0.05663716814159292
0 0.3952802359882006 0.7660766961651917 0.08023598820058997 0.05486725663716814
