0 0.15988200589970503 0.12212389380530973 0.044837758112094395 0.03657817109144543
1 0.15634218289085544 0.35870206489675516 0.035398230088495575 0.024778761061946902
1 0.15722713864306784 0.5188790560471976 0.04424778761061947 0.027728613569321534
1 0.1504424778761062 0.6336283185840708 0.03421828908554572 0.025958702064896755
1 0.14749262536873156 0.7799410029498525 0.035398230088495575 0.035398230088495575
1 0.12920353982300886 0.887905604719764 0.03303834808259587 0.02831858407079646
1 0.31976401179941005 0.13480825958702064 0.03421828908554572 0.027728613569321534
1 0.31976401179941005 0.3433628318584071 0.03657817109144543 0.024778761061946902
1 0.3123893805309734 0.5123893805309735 0.032448377581120944 0.02536873156342183
1 0.3123893805309734 0.6289085545722713 0.032448377581120944 0.024778761061946902
1 0.30029498525073745 0.7808259587020648 0.03421828908554572 0.027728613569321534
0 0.28938053097345134 0.9179941002949852 0.03126843657817109 0.03421828908554572
1 0.4351032448377581 0.9132743362831859 0.033628318584070796 0.024778761061946902
1 0.45014749262536874 0.7710914454277286 0.030678466076696165 0.025958702064896755
1 0.4690265486725664 0.6253687315634218 0.03421828908554572 0.02359882005899705
1 0.46578171091445425 0.5238938053097345 0.032448377581120944 0.024778761061946902
1 0.4808259587020649 0.34985250737463125 0.03657817109144543 0.027138643067846607
1 0.4749262536873156 0.1448377581120944 0.03303834808259587 0.03126843657817109
1 0.6351032448377582 0.14837758112094396 0.027728613569321534 0.03126843657817109
1 0.7761061946902654 0.1480825958702065 0.03716814159292035 0.022418879056047197
1 0.8994100294985251 0.14896755162241887 0.028908554572271386 0.03008849557522124
1 0.6271386430678466 0.3250737463126844 0.03303834808259587 0.024778761061946902
1 0.7837758112094395 0.33008849557522124 0.03126843657817109 0.02182890855457227
1 0.9041297935103245 0.33539823008849556 0.03008849557522124 0.027728613569321534
1 0.6185840707964602 0.5002949852507375 0.033628318584070796 0.03303834808259587
1 0.7631268436578171 0.4743362831858407 0.028908554572271386 0.022418879056047197
1 0.9135693215339233 0.47345132743362833 0.028908554572271386 0.028908554572271386
1 0.616519174041298 0.6380530973451327 0.035398230088495575 0.027728613569321534
1 0.6029498525073747 0.7666666666666666 0.044837758112094395 0.027728613569321534
1 0.591740412979351 0.9109144542772861 0.035398230088495575 0.03303834808259587
1 0.7348082595870207 0.9017699115044248 0.03008849557522124 0.032448377581120944
1 0.8949852507374632 0.9050147492625369 0.035398230088495575 0.025958702064896755
1 0.7536873156342183 0.7672566371681416 0.03126843657817109 0.03126843657817109
1 0.8952802359882006 0.7651917404129793 0.03126843657817109 0.024778761061946902
1 0.7551622418879056 0.6188790560471976 0.03421828908554572 0.02359882005899705
1 0.904424778761062 0.6188790560471976 0.03421828908554572 0.02359882005899705
