0 0.10471976401179942 0.1182890855457227 0.03952802359882006 0.03716814159292035
0 0.12389380530973451 0.27876106194690264 0.05663716814159292 0.0855457227138643
0 0.11179941002949853 0.4646017699115044 0.05604719764011799 0.04424778761061947
0 0.14926253687315633 0.588495575221239 0.0471976401179941 0.05132743362831858
1 0.17168141592920355 0.6887905604719764 0.04247787610619469 0.04424778761061947
1 0.2702064896755162 0.771976401179941 0.035398230088495575 0.0359882005899705
0 0.2687315634218289 0.7244837758112095 0.04188790560471976 0.03775811209439528
0 0.38908554572271387 0.848377581120944 0.13628318584070798 0.1392330383480826
0 0.5466076696165192 0.8412979351032448 0.08436578171091445 0.13805309734513274
0 0.6525073746312684 0.7846607669616519 0.05073746312684366 0.09911504424778761
0 0.7666666666666666 0.7843657817109144 0.18348082595870208 0.07374631268436578
0 0.7746312684365781 0.6696165191740413 0.12625368731563422 0.10855457227138643
0 0.6882005899705015 0.6722713864306784 0.05486725663716814 0.061946902654867256
0 0.5412979351032449 0.6705014749262537 0.0808259587020649 0.08908554572271386
0 0.43716814159292033 0.7601769911504425 0.13215339233038348 0.12684365781710916
0 0.32418879056047195 0.623598820058997 0.07964601769911504 0.14277286135693215
0 0.6634218289085546 0.5528023598820059 0.12330383480825959 0.1191740412979351
0 0.7831858407079646 0.5548672566371682 0.04542772861356932 0.057227138643067846
0 0.7825958702064897 0.4253687315634218 0.05014749262536873 0.0471976401179941
0 0.6737463126843658 0.4631268436578171 0.12035398230088495 0.06607669616519174
0 0.271976401179941 0.4153392330383481 0.09557522123893805 0.08023598820058997
1 0.2312684365781711 0.2702064896755162 0.05073746312684366 0.044837758112094395
0 0.20825958702064895 0.1592920353982301 0.08967551622418879 0.11799410029498525
0 0.35398230088495575 0.1056047197640118 0.05545722713864307 0.04601769911504425
0 0.479646017699115 0.13805309734513274 0.1368731563421829 0.10265486725663717
0 0.6368731563421829 0.13539823008849558 0.12330383480825959 0.07138643067846608
0 0.7657817109144542 0.17610619469026548 0.06017699115044248 0.0855457227138643
0 0.771386430678466 0.24365781710914453 0.10678466076696165 0.06135693215339233
0 0.6575221238938053 0.2584070796460177 0.09852507374631268 0.07315634218289085
1 0.49675516224188787 0.2790560471976401 0.0471976401179941 0.035398230088495575
0 0.33539823008849556 0.2587020648967552 0.08436578171091445 0.03952802359882006
1 0.5070796460176991 0.391740412979351 0.06548672566371681 0.04365781710914454
0 0.37551622418879055 0.4551622418879056 0.08200589970501475 0.15162241887905603
1 0.5380530973451327 0.5215339233038347 0.05663716814159292 0.04837758112094395
0 0.1168141592920354 0.8079646017699115 0.08141592920353982 0.07846607669616519
0 0.40176991150442476 0.5982300884955752 0.06371681415929203 0.07079646017699115
