0 0.15073746312684366 0.15752212389380532 0.0607669616519174 0.06017699115044248
1 0.14896755162241887 0.34129793510324485 0.04070796460176991 0.033628318584070796
0 0.15073746312684366 0.4749262536873156 0.052507374631268436 0.07905604719764012
1 0.13215339233038348 0.6073746312684366 0.0471976401179941 0.04188790560471976
0 0.1433628318584071 0.7386430678466076 0.06371681415929203 0.049557522123893805
1 0.1421828908554572 0.8988200589970501 0.04365781710914454 0.04070796460176991
0 0.31386430678466076 0.9233038348082596 0.07669616519174041 0.07079646017699115
1 0.45958702064896756 0.8657817109144542 0.035398230088495575 0.04424778761061947
0 0.5961651917404129 0.9218289085545722 0.05486725663716814 0.07610619469026549
0 0.7359882005899705 0.9330383480825959 0.05132743362831858 0.07964601769911504
0 0.8828908554572271 0.9200589970501475 0.05604719764011799 0.09026548672566372
0 0.8769911504424779 0.7501474926253687 0.06784660766961652 0.07846607669616519
0 0.7578171091445428 0.8014749262536873 0.05014749262536873 0.057227138643067846
0 0.6079646017699115 0.8014749262536873 0.09970501474926254 0.08436578171091445
0 0.46607669616519176 0.7365781710914454 0.04837758112094395 0.06666666666666667
1 0.29469026548672567 0.7587020648967552 0.05014749262536873 0.05663716814159292
1 0.30973451327433627 0.6126843657817109 0.058997050147492625 0.06312684365781711
0 0.456047197640118 0.6587020648967552 0.08141592920353982 0.06312684365781711
0 0.636283185840708 0.6557522123893805 0.05368731563421829 0.05486725663716814
0 0.7728613569321534 0.6696165191740413 0.04837758112094395 0.11445427728613569
0 0.8734513274336283 0.668141592920354 0.043067846607669616 0.09852507374631268
0 0.30737463126843656 0.4702064896755162 0.04601769911504425 0.0743362831858407
0 0.46991150442477875 0.5162241887905604 0.061946902654867256 0.0743362831858407
0 0.6415929203539823 0.5209439528023598 0.04896755162241888 0.05781710914454277
0 0.7716814159292036 0.44277286135693217 0.058997050147492625 0.10088495575221239
0 0.8601769911504424 0.4648967551622419 0.06371681415929203 0.08377581120943953
0 0.8690265486725663 0.3041297935103245 0.06607669616519174 0.12448377581120944
0 0.7831858407079646 0.30324483775811206 0.05368731563421829 0.10265486725663717
0 0.6309734513274337 0.3165191740412979 0.043067846607669616 0.07610619469026549
0 0.48436578171091443 0.3728613569321534 0.04365781710914454 0.07315634218289085
0 0.3176991150442478 0.36607669616519173 0.04896755162241888 0.06312684365781711
0 0.3144542772861357 0.16430678466076695 0.0471976401179941 0.08436578171091445
0 0.4952802359882006 0.21533923303834807 0.07846607669616519 0.06607669616519174
0 0.6300884955752213 0.20088495575221238 0.04601769911504425 0.06548672566371681
0 0.771976401179941 0.16430678466076695 0.04424778761061947 0.09734513274336283
0 0.8675516224188791 0.18495575221238938 0.08672566371681416 0.04188790560471976
