0 0.1303834808259587 0.3182890855457227 0.044837758112094395 0.0855457227138643
0 0.13864306784660768 0.8044247787610619 0.08141592920353982 0.03716814159292035
0 0.49852507374631266 0.7716814159292036 0.07315634218289085 0.058997050147492625
0 0.8415929203539823 0.8289085545722714 0.05486725663716814 0.0696165191740413
0 0.6825958702064897 0.6271386430678466 0.04837758112094395 0.06017699115044248
0 0.4982300884955752 0.6070796460176991 0.052507374631268436 0.071976401179941
1 0.24277286135693216 0.18613569321533924 0.05368731563421829 0.0607669616519174
0 0.3519174041297935 0.46135693215339235 0.04896755162241888 0.05073746312684366
0 0.5289085545722714 0.4687315634218289 0.05958702064896755 0.07728613569321534
0 0.8501474926253687 0.5147492625368731 0.04837758112094395 0.0855457227138643
0 0.6926253687315634 0.37846607669616517 0.05663716814159292 0.061946902654867256
0 0.5421828908554572 0.33185840707964603 0.06725663716814159 0.06548672566371681
0 0.5374631268436578 0.25162241887905606 0.0471976401179941 0.06666666666666667
1 0.5374631268436578 0.11887905604719765 0.04247787610619469 0.04070796460176991
1 0.7041297935103245 0.23480825958702065 0.04896755162241888 0.058997050147492625
0 0.8528023598820059 0.2374631268436578 0.06902654867256637 0.057227138643067846
1 0.8581120943952802 0.09174041297935104 0.04424778761061947 0.04188790560471976
0 0.12300884955752212 0.6790560471976401 0.06902654867256637 0.16047197640117994
0 0.2150442477876106 0.6887905604719764 0.06548672566371681 0.11150442477876106
0 0.21297935103244836 0.3079646017699115 0.058997050147492625 0.12625368731563422
0 0.36106194690265486 0.1882005899705015 0.13333333333333333 0.07315634218289085
0 0.7041297935103245 0.8368731563421828 0.08672566371681416 0.07374631268436578
0 0.8557522123893805 0.6306784660766962 0.05486725663716814 0.0471976401179941
0 0.12182890855457226 0.23628318584070795 0.06312684365781711 0.08672566371681416
1 0.8705014749262536 0.38259587020648966 0.05014749262536873 0.06430678466076696
0 0.36106194690265486 0.3424778761061947 0.06489675516224189 0.07138643067846608
0 0.359882005899705 0.7817109144542773 0.05073746312684366 0.08141592920353982
0 0.6761061946902654 0.05545722713864307 0.0943952802359882 0.0471976401179941
0 0.13421828908554573 0.5351032448377581 0.09262536873156342 0.08377581120943953
0 0.22005899705014748 0.5483775811209439 0.06607669616519174 0.1079646017699115
0 0.2103244837758112 0.8336283185840708 0.06902654867256637 0.09793510324483776
0 0.12359882005899706 0.05663716814159292 0.05604719764011799 0.10973451327433628
0 0.2533923303834808 0.05663716814159292 0.07728613569321534 0.05545722713864307
0 0.4050147492625369 0.07020648967551622 0.06548672566371681 0.06135693215339233
0 0.6926253687315634 0.5117994100294985 0.058997050147492625 0.09970501474926254
0 0.3710914454277286 0.6808259587020649 0.06017699115044248 0.0967551622418879
