1 0.06224188790560472 0.1463126843657817 0.03008849557522124 0.024778761061946902
1 0.21297935103244836 0.1743362831858407 0.03775811209439528 0.032448377581120944
1 0.06460176991150443 0.45663716814159294 0.038348082595870206 0.02831858407079646
1 0.0752212389380531 0.7026548672566372 0.03952802359882006 0.024778761061946902
1 0.25722713864306784 0.6946902654867256 0.035398230088495575 0.028908554572271386
1 0.24100294985250736 0.8324483775811209 0.033628318584070796 0.03421828908554572
1 0.24778761061946902 0.5896755162241888 0.025958702064896755 0.027728613569321534
0 0.231858407079646 0.3094395280235988 0.03657817109144543 0.03952802359882006
0 0.0696165191740413 0.30117994100294987 0.03303834808259587 0.032448377581120944
1 0.058997050147492625 0.6106194690265486 0.03657817109144543 0.044837758112094395
0 0.07168141592920355 0.8368731563421828 0.04188790560471976 0.04424778761061947
1 0.41002949852507375 0.8209439528023599 0.049557522123893805 0.03126843657817109
1 0.3973451327433628 0.7312684365781711 0.04188790560471976 0.032448377581120944
1 0.3926253687315634 0.5805309734513274 0.038348082595870206 0.027138643067846607
1 0.3793510324483776 0.46135693215339235 0.03421828908554572 0.04601769911504425
0 0.22890855457227138 0.4336283185840708 0.035398230088495575 0.03775811209439528
1 0.3823008849557522 0.33244837758112095 0.04837758112094395 0.028908554572271386
1 0.5227138643067847 0.12861356932153392 0.03421828908554572 0.03421828908554572
0 0.3663716814159292 0.16017699115044248 0.03303834808259587 0.03952802359882006
1 0.5445427728613569 0.2887905604719764 0.04837758112094395 0.028908554572271386
1 0.5483775811209439 0.4410029498525074 0.038348082595870206 0.028908554572271386
1 0.5530973451327433 0.5761061946902655 0.03126843657817109 0.028908554572271386
0 0.5545722713864307 0.6858407079646017 0.03775811209439528 0.04188790560471976
0 0.547787610619469 0.8716814159292036 0.03716814159292035 0.038348082595870206
1 0.6952802359882005 0.8589970501474926 0.04188790560471976 0.049557522123893805
1 0.8861356932153392 0.8769911504424779 0.04129793510324484 0.043067846607669616
1 0.863716814159292 0.703834808259587 0.03893805309734513 0.03775811209439528
1 0.7073746312684366 0.6985250737463127 0.03303834808259587 0.027138643067846607
1 0.7085545722713864 0.5970501474926253 0.040117994100294985 0.044837758112094395
0 0.8569321533923304 0.5554572271386431 0.04070796460176991 0.038348082595870206
0 0.8634218289085546 0.4640117994100295 0.03008849557522124 0.04070796460176991
1 0.7085545722713864 0.43539823008849554 0.03303834808259587 0.02359882005899705
0 0.68023598820059 0.3058997050147493 0.03185840707964602 0.05014749262536873
1 0.8743362831858407 0.28938053097345134 0.0471976401179941 0.03716814159292035
0 0.8604719764011799 0.09292035398230089 0.043067846607669616 0.032448377581120944
1 0.6982300884955752 0.11946902654867256 0.03008849557522124 0.02654867256637168
