0 0.11651917404129794 0.08200589970501475 0.05486725663716814 0.05781710914454277
0 0.2607669616519174 0.07168141592920355 0.06607669616519174 0.07964601769911504
0 0.40294985250737464 0.08230088495575222 0.05073746312684366 0.07256637168141593
0 0.7097345132743362 0.07138643067846608 0.06371681415929203 0.06017699115044248
0 0.11386430678466077 0.243952802359882 0.06253687315634218 0.06548672566371681
0 0.24572271386430677 0.20088495575221238 0.05604719764011799 0.07138643067846608
0 0.13303834808259588 0.33657817109144544 0.05132743362831858 0.0831858407079646
0 0.22861356932153393 0.3351032448377581 0.061946902654867256 0.09557522123893805
0 0.11474926253687315 0.6873156342182891 0.05368731563421829 0.0943952802359882
0 0.12890855457227138 0.8200589970501475 0.09262536873156342 0.0471976401179941
0 0.2377581120943953 0.835693215339233 0.04601769911504425 0.08908554572271386
0 0.22654867256637168 0.6846607669616519 0.044837758112094395 0.08436578171091445
0 0.231858407079646 0.551622418879056 0.06017699115044248 0.08023598820058997
0 0.5014749262536873 0.7902654867256637 0.0743362831858407 0.061946902654867256
0 0.6914454277286135 0.8188790560471977 0.05309734513274336 0.071976401179941
0 0.8495575221238938 0.8339233038348083 0.06253687315634218 0.06312684365781711
0 0.5176991150442478 0.6250737463126843 0.052507374631268436 0.07492625368731563
0 0.3648967551622419 0.48348082595870207 0.05132743362831858 0.05604719764011799
0 0.5401179941002949 0.47699115044247786 0.0607669616519174 0.06430678466076696
0 0.6964601769911505 0.5156342182890855 0.043067846607669616 0.06607669616519174
0 0.8519174041297934 0.5238938053097345 0.049557522123893805 0.071976401179941
0 0.36607669616519173 0.34129793510324485 0.05368731563421829 0.057227138643067846
0 0.5451327433628319 0.34277286135693213 0.07315634218289085 0.06017699115044248
0 0.5336283185840708 0.2657817109144543 0.04424778761061947 0.061946902654867256
0 0.3997050147492625 0.19970501474926253 0.09144542772861357 0.0808259587020649
1 0.5365781710914455 0.13008849557522123 0.04070796460176991 0.03716814159292035
1 0.8519174041297934 0.09882005899705015 0.03657817109144543 0.028908554572271386
1 0.8545722713864307 0.2592920353982301 0.05486725663716814 0.05132743362831858
1 0.8687315634218289 0.3938053097345133 0.043067846607669616 0.028908554572271386
0 0.6929203539823009 0.3902654867256637 0.05368731563421829 0.04542772861356932
1 0.14837758112094396 0.5215339233038347 0.03008849557522124 0.030678466076696165
0 0.36519174041297936 0.6755162241887905 0.04601769911504425 0.06489675516224189
0 0.3722713864306785 0.803834808259587 0.044837758112094395 0.06312684365781711
0 0.6887905604719764 0.6309734513274337 0.061946902654867256 0.06784660766961652
1 0.8504424778761062 0.6578171091445427 0.03126843657817109 0.02831858407079646
0 0.7044247787610619 0.23864306784660766 0.05663716814159292 0.06548672566371681
