0 0.14277286135693215 0.1448377581120944 0.12389380530973451 0.12330383480825959
0 0.15073746312684366 0.31622418879056047 0.09144542772861357 0.05545722713864307
1 0.15781710914454278 0.39823008849557523 0.027728613569321534 0.04837758112094395
0 0.11150442477876106 0.5056047197640118 0.11799410029498525 0.09793510324483776
0 0.10294985250737462 0.647787610619469 0.12094395280235988 0.1663716814159292
0 0.10294985250737462 0.7817109144542773 0.12684365781710916 0.18053097345132743
0 0.5094395280235988 0.10825958702064897 0.08672566371681416 0.1504424778761062
0 0.6646017699115044 0.1224188790560472 0.07610619469026549 0.20943952802359883
0 0.8775811209439528 0.08613569321533923 0.1457227138643068 0.10383480825958702
0 0.6179941002949852 0.24808259587020648 0.061946902654867256 0.09144542772861357
0 0.30678466076696165 0.2849557522123894 0.03657817109144543 0.044837758112094395
0 0.5283185840707965 0.2855457227138643 0.17050147492625367 0.05073746312684366
0 0.3268436578171091 0.415929203539823 0.19823008849557522 0.08967551622418879
0 0.412094395280236 0.463716814159292 0.06902654867256637 0.1191740412979351
0 0.4725663716814159 0.4150442477876106 0.05073746312684366 0.043067846607669616
0 0.6056047197640118 0.39557522123893807 0.09734513274336283 0.20589970501474925
0 0.7678466076696165 0.41061946902654867 0.07610619469026549 0.049557522123893805
0 0.775811209439528 0.551622418879056 0.0967551622418879 0.04129793510324484
1 0.6761061946902654 0.5619469026548672 0.0471976401179941 0.03008849557522124
1 0.5168141592920354 0.5203539823008849 0.044837758112094395 0.030678466076696165
1 0.24365781710914453 0.5587020648967551 0.03657817109144543 0.03421828908554572
1 0.2471976401179941 0.6749262536873156 0.03303834808259587 0.030678466076696165
1 0.32595870206489674 0.8064896755162242 0.03008849557522124 0.03185840707964602
0 0.38672566371681416 0.6604719764011799 0.0607669616519174 0.1351032448377581
0 0.4646017699115044 0.8135693215339233 0.04070796460176991 0.08259587020648967
0 0.5775811209439528 0.7941002949852507 0.10619469026548672 0.12507374631268436
0 0.6306784660766962 0.6882005899705015 0.10501474926253687 0.16932153392330385
0 0.747787610619469 0.7017699115044248 0.05604719764011799 0.04070796460176991
0 0.41474926253687316 0.5483775811209439 0.09321533923303835 0.13156342182890857
0 0.20766961651917404 0.8224188790560472 0.0696165191740413 0.1368731563421829
0 0.30619469026548674 0.11533923303834809 0.13451327433628318 0.09144542772861357
0 0.7297935103244838 0.7430678466076696 0.08259587020648967 0.17168141592920355
0 0.5135693215339233 0.6342182890855457 0.18112094395280237 0.05663716814159292
0 0.7778761061946903 0.21651917404129795 0.1929203539823009 0.14985250737463127
