0 0.1303834808259587 0.3182890855457227 0.044837758112094395 0.0855457227138643
0 0.13805309734513274 0.7991150442477876 0.08141592920353982 0.03716814159292035
0 0.49734513274336284 0.7705014749262536 0.07315634218289085 0.058997050147492625
0 0.8427728613569322 0.8176991150442477 0.05486725663716814 0.0696165191740413
0 0.6825958702064897 0.6306784660766962 0.04837758112094395 0.06017699115044248
0 0.4982300884955752 0.6070796460176991 0.052507374631268436 0.071976401179941
1 0.24277286135693216 0.18613569321533924 0.05368731563421829 0.0607669616519174
0 0.3519174041297935 0.46135693215339235 0.04896755162241888 0.05073746312684366
0 0.5289085545722714 0.4687315634218289 0.05958702064896755 0.07728613569321534
0 0.8501474926253687 0.5147492625368731 0.04837758112094395 0.0855457227138643
0 0.6914454277286135 0.3631268436578171 0.05663716814159292 0.061946902654867256
0 0.5421828908554572 0.33185840707964603 0.06725663716814159 0.06548672566371681
0 0.5374631268436578 0.25162241887905606 0.0471976401179941 0.06666666666666667
1 0.5374631268436578 0.11887905604719765 0.04247787610619469 0.04070796460176991
1 0.707669616519174 0.22831858407079647 0.04896755162241888 0.058997050147492625
0 0.8528023598820059 0.2374631268436578 0.06902654867256637 0.057227138643067846
1 0.8545722713864307 0.09705014749262536 0.04424778761061947 0.04188790560471976
0 0.2150442477876106 0.6899705014749262 0.06548672566371681 0.11150442477876106
0 0.22123893805309736 0.30678466076696165 0.058997050147492625 0.12625368731563422
0 0.7041297935103245 0.8368731563421828 0.08672566371681416 0.07374631268436578
0 0.8557522123893805 0.6306784660766962 0.05486725663716814 0.0471976401179941
0 0.12182890855457226 0.23628318584070795 0.06312684365781711 0.08672566371681416
1 0.8705014749262536 0.38259587020648966 0.05014749262536873 0.06430678466076696
0 0.37168141592920356 0.7852507374631268 0.05073746312684366 0.08141592920353982
0 0.6867256637168142 0.05663716814159292 0.0943952802359882 0.0471976401179941
0 0.13421828908554573 0.5351032448377581 0.09262536873156342 0.08377581120943953
0 0.12359882005899706 0.05663716814159292 0.05604719764011799 0.10973451327433628
0 0.24454277286135692 0.03303834808259587 0.07728613569321534 0.05545722713864307
0 0.4079646017699115 0.04631268436578171 0.06548672566371681 0.061946902654867256
0 0.6926253687315634 0.5117994100294985 0.058997050147492625 0.09970501474926254
0 0.37492625368731564 0.6988200589970501 0.07256637168141593 0.07492625368731563
0 0.3595870206489675 0.36843657817109143 0.061946902654867256 0.10206489675516224
0 0.23008849557522124 0.8303834808259587 0.05073746312684366 0.11268436578171091
0 0.1336283185840708 0.7153392330383481 0.0607669616519174 0.09026548672566372
0 0.36696165191740415 0.17935103244837758 0.13333333333333333 0.054277286135693215
0 0.22536873156342183 0.5489675516224188 0.06607669616519174 0.11976401179941003
