0 0.10471976401179942 0.1182890855457227 0.03952802359882006 0.03716814159292035
0 0.12389380530973451 0.27876106194690264 0.05663716814159292 0.0855457227138643
0 0.11061946902654868 0.46342182890855455 0.05604719764011799 0.04424778761061947
0 0.14985250737463127 0.6002949852507374 0.0471976401179941 0.05132743362831858
1 0.16755162241887905 0.691150442477876 0.04247787610619469 0.04424778761061947
1 0.2713864306784661 0.7825958702064897 0.035398230088495575 0.0359882005899705
0 0.2728613569321534 0.7268436578171091 0.04188790560471976 0.03775811209439528
0 0.38908554572271387 0.848377581120944 0.13628318584070798 0.1392330383480826
0 0.6554572271386431 0.7876106194690266 0.05073746312684366 0.09911504424778761
0 0.7696165191740413 0.7837758112094395 0.18348082595870208 0.07374631268436578
0 0.7769911504424779 0.671386430678466 0.12625368731563422 0.10855457227138643
0 0.6882005899705015 0.6722713864306784 0.05486725663716814 0.061946902654867256
0 0.5412979351032449 0.6705014749262537 0.0808259587020649 0.08908554572271386
0 0.43716814159292033 0.7601769911504425 0.13215339233038348 0.12684365781710916
0 0.668141592920354 0.567551622418879 0.12330383480825959 0.1191740412979351
0 0.7831858407079646 0.5548672566371682 0.04542772861356932 0.057227138643067846
0 0.7825958702064897 0.4253687315634218 0.05014749262536873 0.0471976401179941
0 0.6737463126843658 0.4631268436578171 0.12035398230088495 0.06607669616519174
0 0.26607669616519175 0.4153392330383481 0.09557522123893805 0.08023598820058997
1 0.2312684365781711 0.2702064896755162 0.05073746312684366 0.044837758112094395
0 0.20825958702064895 0.1592920353982301 0.08967551622418879 0.11799410029498525
0 0.35398230088495575 0.1056047197640118 0.05545722713864307 0.04601769911504425
0 0.479646017699115 0.13805309734513274 0.1368731563421829 0.10265486725663717
0 0.6368731563421829 0.13539823008849558 0.12330383480825959 0.07138643067846608
0 0.7657817109144542 0.17610619469026548 0.06017699115044248 0.0855457227138643
0 0.6575221238938053 0.2584070796460177 0.09852507374631268 0.07315634218289085
1 0.504424778761062 0.2814159292035398 0.0471976401179941 0.035398230088495575
0 0.33539823008849556 0.2587020648967552 0.08436578171091445 0.03952802359882006
1 0.5070796460176991 0.391740412979351 0.06548672566371681 0.04365781710914454
0 0.37551622418879055 0.4551622418879056 0.08200589970501475 0.15162241887905603
1 0.5380530973451327 0.5215339233038347 0.05663716814159292 0.04837758112094395
0 0.11120943952802359 0.8294985250737463 0.06548672566371681 0.09557522123893805
0 0.5460176991150443 0.8383480825958702 0.09262536873156342 0.13097345132743363
0 0.32890855457227136 0.6123893805309735 0.08672566371681416 0.15457227138643068
0 0.41799410029498524 0.6085545722713864 0.12566371681415928 0.08436578171091445
0 0.7646017699115044 0.24100294985250736 0.08259587020648967 0.06902654867256637
