1 0.15073746312684366 0.0855457227138643 0.04424778761061947 0.04129793510324484
0 0.1415929203539823 0.23097345132743363 0.05781710914454277 0.052507374631268436
1 0.13215339233038348 0.3746312684365782 0.049557522123893805 0.06725663716814159
0 0.1592920353982301 0.5076696165191741 0.06135693215339233 0.05486725663716814
0 0.15634218289085544 0.6250737463126843 0.058997050147492625 0.05604719764011799
0 0.15575221238938053 0.8165191740412979 0.07079646017699115 0.07787610619469026
0 0.296165191740413 0.8353982300884956 0.08849557522123894 0.05781710914454277
0 0.49793510324483775 0.7867256637168142 0.06253687315634218 0.052507374631268436
0 0.6292035398230088 0.7849557522123893 0.04424778761061947 0.09262536873156342
0 0.8020648967551622 0.8306784660766962 0.09144542772861357 0.08259587020648967
0 0.8678466076696165 0.799410029498525 0.07551622418879056 0.04837758112094395
0 0.9277286135693216 0.6604719764011799 0.12448377581120944 0.15634218289085544
0 0.7787610619469026 0.6837758112094395 0.049557522123893805 0.10619469026548672
0 0.6392330383480825 0.6938053097345133 0.07492625368731563 0.07315634218289085
0 0.5100294985250737 0.6029498525073747 0.07374631268436578 0.058997050147492625
0 0.3215339233038348 0.6289085545722713 0.05663716814159292 0.054277286135693215
0 0.31209439528023597 0.5141592920353982 0.06017699115044248 0.08436578171091445
0 0.4737463126843658 0.47168141592920354 0.0696165191740413 0.07256637168141593
0 0.6383480825958702 0.4663716814159292 0.06253687315634218 0.05132743362831858
0 0.6377581120943953 0.371976401179941 0.06371681415929203 0.09852507374631268
0 0.8840707964601769 0.3215339233038348 0.06666666666666667 0.06489675516224189
0 0.7935103244837758 0.29056047197640117 0.071976401179941 0.11386430678466077
0 0.8908554572271387 0.23893805309734512 0.0696165191740413 0.07551622418879056
0 0.8761061946902655 0.058112094395280235 0.05663716814159292 0.10206489675516224
0 0.7634218289085546 0.03687315634218289 0.08023598820058997 0.06312684365781711
0 0.6613569321533923 0.1687315634218289 0.10383480825958702 0.08731563421828908
0 0.7566371681415929 0.1855457227138643 0.07610619469026549 0.07728613569321534
1 0.4646017699115044 0.11769911504424779 0.04070796460176991 0.038348082595870206
0 0.4861356932153392 0.2604719764011799 0.08141592920353982 0.06902654867256637
1 0.4533923303834808 0.34188790560471977 0.07846607669616519 0.04896755162241888
0 0.3112094395280236 0.3528023598820059 0.05368731563421829 0.07079646017699115
0 0.3058997050147493 0.22595870206489677 0.06666666666666667 0.06253687315634218
0 0.33303834808259586 0.05103244837758112 0.12330383480825959 0.043067846607669616
0 0.8002949852507375 0.5651917404129794 0.09852507374631268 0.0967551622418879
0 0.8693215339233038 0.5353982300884955 0.08672566371681416 0.08672566371681416
0 0.5899705014749262 0.04365781710914454 0.058997050147492625 0.07079646017699115
