1 0.06224188790560472 0.1463126843657817 0.03008849557522124 0.024778761061946902
1 0.2383480825958702 0.1495575221238938 0.03775811209439528 0.032448377581120944
1 0.06460176991150443 0.45663716814159294 0.038348082595870206 0.02831858407079646
1 0.06283185840707964 0.7227138643067846 0.03952802359882006 0.024778761061946902
1 0.2448377581120944 0.7188790560471976 0.035398230088495575 0.028908554572271386
1 0.24778761061946902 0.5896755162241888 0.025958702064896755 0.027728613569321534
1 0.06607669616519174 0.5982300884955752 0.03657817109144543 0.044837758112094395
1 0.3985250737463127 0.7053097345132743 0.04188790560471976 0.032448377581120944
1 0.3926253687315634 0.5805309734513274 0.038348082595870206 0.027138643067846607
1 0.38997050147492623 0.30117994100294987 0.04837758112094395 0.028908554572271386
1 0.5480825958702065 0.12979351032448377 0.03421828908554572 0.03421828908554572
1 0.5504424778761062 0.29646017699115046 0.04837758112094395 0.028908554572271386
1 0.5483775811209439 0.4410029498525074 0.038348082595870206 0.028908554572271386
1 0.5530973451327433 0.5761061946902655 0.03126843657817109 0.028908554572271386
1 0.8660766961651918 0.7067846607669617 0.03893805309734513 0.03775811209439528
1 0.7073746312684366 0.6985250737463127 0.03303834808259587 0.027138643067846607
1 0.7126843657817109 0.4377581120943953 0.03303834808259587 0.02359882005899705
1 0.8772861356932153 0.28171091445427726 0.0471976401179941 0.03716814159292035
1 0.6982300884955752 0.11946902654867256 0.03008849557522124 0.02654867256637168
1 0.37728613569321534 0.1424778761061947 0.03126843657817109 0.02536873156342183
1 0.3905604719764012 0.44365781710914454 0.03185840707964602 0.025958702064896755
1 0.7020648967551623 0.28230088495575223 0.035398230088495575 0.028908554572271386
1 0.8775811209439528 0.4383480825958702 0.038348082595870206 0.025958702064896755
1 0.7129793510324484 0.5778761061946902 0.028908554572271386 0.02182890855457227
1 0.7250737463126844 0.8374631268436578 0.03421828908554572 0.027728613569321534
1 0.0710914454277286 0.3008849557522124 0.027728613569321534 0.02359882005899705
1 0.24513274336283186 0.2991150442477876 0.02654867256637168 0.02359882005899705
1 0.2424778761061947 0.4474926253687316 0.03421828908554572 0.033628318584070796
1 0.06342182890855458 0.8294985250737463 0.038348082595870206 0.024778761061946902
1 0.5504424778761062 0.8442477876106195 0.03421828908554572 0.024778761061946902
1 0.8772861356932153 0.5820058997050147 0.035398230088495575 0.04070796460176991
1 0.547787610619469 0.6938053097345133 0.04188790560471976 0.03421828908554572
1 0.8758112094395281 0.10973451327433628 0.03952802359882006 0.03303834808259587
1 0.23244837758112094 0.8330383480825958 0.035398230088495575 0.03421828908554572
1 0.8716814159292036 0.8716814159292036 0.033628318584070796 0.04070796460176991
1 0.40766961651917405 0.8321533923303834 0.03657817109144543 0.02536873156342183
