0 0.23244837758112094 0.17463126843657817 0.0743362831858407 0.08377581120943953
0 0.2312684365781711 0.24867256637168142 0.11091445427728613 0.06430678466076696
0 0.21887905604719765 0.42625368731563423 0.04247787610619469 0.052507374631268436
0 0.21474926253687315 0.5530973451327433 0.044837758112094395 0.061946902654867256
0 0.22654867256637168 0.6690265486725664 0.11563421828908554 0.10265486725663717
0 0.23067846607669618 0.7831858407079646 0.1864306784660767 0.07374631268436578
0 0.34277286135693213 0.7849557522123893 0.05663716814159292 0.0831858407079646
0 0.4539823008849557 0.8380530973451328 0.07846607669616519 0.13864306784660768
0 0.6132743362831858 0.8504424778761062 0.12566371681415928 0.1351032448377581
0 0.8817109144542773 0.8085545722713864 0.06430678466076696 0.07728613569321534
0 0.5687315634218288 0.7607669616519174 0.12861356932153392 0.13392330383480827
0 0.45663716814159294 0.6666666666666666 0.0743362831858407 0.08259587020648967
0 0.31710914454277284 0.6731563421828909 0.057227138643067846 0.06017699115044248
0 0.3333333333333333 0.5575221238938053 0.10619469026548672 0.12625368731563422
0 0.32890855457227136 0.4616519174041298 0.12094395280235988 0.06312684365781711
0 0.3421828908554572 0.25781710914454276 0.0943952802359882 0.08495575221238938
0 0.36578171091445427 0.14129793510324484 0.11563421828908554 0.07256637168141593
0 0.51976401179941 0.13539823008849558 0.15103244837758112 0.09380530973451327
1 0.4952802359882006 0.2808259587020649 0.04188790560471976 0.04247787610619469
1 0.4964601769911504 0.39764011799410026 0.052507374631268436 0.044837758112094395
1 0.46519174041297934 0.5206489675516224 0.05486725663716814 0.04424778761061947
0 0.5705014749262537 0.6053097345132743 0.12979351032448377 0.08023598820058997
0 0.6731563421828909 0.6176991150442478 0.07787610619469026 0.15221238938053097
0 0.7283185840707964 0.7294985250737464 0.043067846607669616 0.04188790560471976
1 0.7286135693215339 0.771386430678466 0.044837758112094395 0.04188790560471976
1 0.8309734513274336 0.6908554572271386 0.057227138643067846 0.04601769911504425
1 0.8501474926253687 0.592330383480826 0.04601769911504425 0.05663716814159292
0 0.8890855457227138 0.4631268436578171 0.058997050147492625 0.0471976401179941
0 0.727433628318584 0.4165191740412979 0.0943952802359882 0.08023598820058997
0 0.623598820058997 0.45545722713864306 0.08259587020648967 0.15457227138643068
0 0.6625368731563421 0.2610619469026549 0.08259587020648967 0.04188790560471976
1 0.7660766961651917 0.2702064896755162 0.06666666666666667 0.03421828908554572
0 0.876401179941003 0.28171091445427726 0.0584070796460177 0.09852507374631268
0 0.7938053097345132 0.15368731563421828 0.07964601769911504 0.12330383480825959
0 0.6480825958702064 0.10648967551622418 0.05132743362831858 0.04660766961651917
0 0.8988200589970501 0.1182890855457227 0.043067846607669616 0.03952802359882006
