1 0.11091445427728613 0.12330383480825959 0.030678466076696165 0.04129793510324484
1 0.3058997050147493 0.1433628318584071 0.03126843657817109 0.04247787610619469
1 0.451622418879056 0.1327433628318584 0.03008849557522124 0.03893805309734513
1 0.5946902654867257 0.18289085545722714 0.04365781710914454 0.035398230088495575
1 0.7469026548672566 0.17581120943952802 0.03775811209439528 0.03775811209439528
1 0.13421828908554573 0.2952802359882006 0.032448377581120944 0.028908554572271386
1 0.29380530973451324 0.28761061946902655 0.03421828908554572 0.03126843657817109
0 0.4545722713864307 0.2896755162241888 0.038348082595870206 0.040117994100294985
1 0.6091445427728613 0.28053097345132744 0.03952802359882006 0.038348082595870206
1 0.7412979351032448 0.3041297935103245 0.04070796460176991 0.038348082595870206
0 0.9283185840707965 0.29793510324483774 0.03952802359882006 0.03657817109144543
0 0.14188790560471976 0.4410029498525074 0.027728613569321534 0.03952802359882006
1 0.2935103244837758 0.4050147492625369 0.03716814159292035 0.043067846607669616
1 0.44896755162241886 0.4200589970501475 0.040117994100294985 0.02359882005899705
1 0.608259587020649 0.4191740412979351 0.03185840707964602 0.027728613569321534
1 0.7498525073746313 0.4079646017699115 0.030678466076696165 0.032448377581120944
1 0.9418879056047198 0.391740412979351 0.033628318584070796 0.03303834808259587
0 0.13657817109144543 0.5368731563421829 0.033628318584070796 0.049557522123893805
1 0.2896755162241888 0.5619469026548672 0.03657817109144543 0.027728613569321534
1 0.4533923303834808 0.5575221238938053 0.03126843657817109 0.03185840707964602
1 0.631858407079646 0.53952802359882 0.025958702064896755 0.04070796460176991
1 0.7755162241887905 0.5672566371681416 0.038348082595870206 0.05368731563421829
1 0.9377581120943953 0.5510324483775811 0.03126843657817109 0.03421828908554572
1 0.12418879056047197 0.6979351032448378 0.043067846607669616 0.03657817109144543
0 0.33628318584070793 0.6938053097345133 0.035398230088495575 0.044837758112094395
1 0.45368731563421827 0.7185840707964601 0.04837758112094395 0.04129793510324484
1 0.6283185840707964 0.668141592920354 0.03775811209439528 0.043067846607669616
1 0.1463126843657817 0.9126843657817109 0.03775811209439528 0.03775811209439528
1 0.3014749262536873 0.8808259587020649 0.03657817109144543 0.027138643067846607
1 0.48200589970501473 0.8592920353982301 0.03893805309734513 0.02536873156342183
1 0.6510324483775811 0.8294985250737463 0.0359882005899705 0.049557522123893805
1 0.9410029498525073 0.8548672566371681 0.03421828908554572 0.027138643067846607
1 0.8250737463126844 0.8138643067846607 0.03008849557522124 0.03126843657817109
1 0.9339233038348083 0.6834808259587021 0.03657817109144543 0.02654867256637168
1 0.927433628318584 0.16017699115044248 0.03303834808259587 0.02064896755162242
1 0.7849557522123893 0.664306784660767 0.03952802359882006 0.04365781710914454
