0 0.25545722713864305 0.25309734513274335 0.06843657817109144 0.16519174041297935
0 0.2533923303834808 0.30383480825958703 0.05132743362831858 0.04365781710914454
0 0.22772861356932153 0.44601769911504424 0.08377581120943953 0.044837758112094395
0 0.23008849557522124 0.5914454277286135 0.0920353982300885 0.04188790560471976
0 0.12890855457227138 0.9129793510324483 0.16106194690265485 0.1079646017699115
0 0.3380530973451327 0.8814159292035398 0.08967551622418879 0.21474926253687315
0 0.4902654867256637 0.8932153392330383 0.08141592920353982 0.17345132743362832
0 0.692330383480826 0.8852507374631269 0.1398230088495575 0.16342182890855456
0 0.3852507374631268 0.7486725663716814 0.08967551622418879 0.0943952802359882
0 0.4772861356932153 0.7168141592920354 0.15457227138643068 0.058997050147492625
0 0.3985250737463127 0.5991150442477876 0.1079646017699115 0.1952802359882006
0 0.32595870206489674 0.43952802359882004 0.05132743362831858 0.03775811209439528
0 0.37079646017699114 0.31032448377581123 0.11504424778761062 0.17227138643067846
0 0.4247787610619469 0.20619469026548673 0.13333333333333333 0.12330383480825959
0 0.5020648967551622 0.3631268436578171 0.20176991150442478 0.06430678466076696
0 0.5386430678466076 0.19233038348082596 0.044837758112094395 0.08023598820058997
0 0.6218289085545723 0.3471976401179941 0.06135693215339233 0.11976401179941003
0 0.5846607669616519 0.451622418879056 0.09911504424778761 0.13628318584070798
1 0.4864306784660767 0.4823008849557522 0.05486725663716814 0.038348082595870206
0 0.5238938053097345 0.5793510324483776 0.0696165191740413 0.05663716814159292
0 0.5941002949852507 0.5342182890855457 0.07079646017699115 0.11622418879056047
0 0.6722713864306784 0.5825958702064896 0.18112094395280237 0.09734513274336283
1 0.6935103244837758 0.7162241887905605 0.03952802359882006 0.0471976401179941
0 0.8513274336283185 0.6843657817109144 0.11563421828908554 0.04601769911504425
1 0.843952802359882 0.6011799410029498 0.03126843657817109 0.04601769911504425
0 0.8811209439528024 0.49144542772861355 0.12094395280235988 0.0943952802359882
1 0.7545722713864307 0.43569321533923305 0.035398230088495575 0.03952802359882006
1 0.7522123893805309 0.3215339233038348 0.03421828908554572 0.02831858407079646
1 0.671386430678466 0.19174041297935102 0.03421828908554572 0.03185840707964602
0 0.792330383480826 0.2126843657817109 0.10383480825958702 0.15516224188790562
0 0.8964601769911504 0.34985250737463125 0.12094395280235988 0.17699115044247787
0 0.21150442477876105 0.7510324483775811 0.20353982300884954 0.08259587020648967
0 0.8584070796460177 0.8551622418879056 0.11563421828908554 0.11740412979351032
0 0.8979351032448377 0.21946902654867256 0.11327433628318584 0.1864306784660767
