0 0.23333333333333334 0.17728613569321533 0.07374631268436578 0.09380530973451327
0 0.37079646017699114 0.14601769911504425 0.12330383480825959 0.07374631268436578
0 0.5188790560471976 0.143952802359882 0.13628318584070798 0.09321533923303835
0 0.6457227138643068 0.10589970501474927 0.04070796460176991 0.04542772861356932
0 0.7943952802359882 0.15634218289085544 0.07020648967551622 0.11563421828908554
0 0.8946902654867257 0.1182890855457227 0.038348082595870206 0.04188790560471976
0 0.33480825958702065 0.25781710914454276 0.09970501474926254 0.08023598820058997
0 0.6604719764011799 0.2616519174041298 0.07610619469026549 0.043067846607669616
0 0.8793510324483775 0.27551622418879057 0.052507374631268436 0.08377581120943953
0 0.21563421828908555 0.42359882005899707 0.04896755162241888 0.0471976401179941
0 0.3256637168141593 0.4604719764011799 0.1168141592920354 0.05486725663716814
0 0.21858407079646017 0.5548672566371682 0.03952802359882006 0.05486725663716814
0 0.22536873156342183 0.6657817109144543 0.12389380530973451 0.10324483775811209
0 0.3117994100294985 0.675811209439528 0.0607669616519174 0.052507374631268436
0 0.23539823008849559 0.7831858407079646 0.17699115044247787 0.07610619469026549
0 0.3454277286135693 0.7817109144542773 0.061946902654867256 0.0967551622418879
0 0.4545722713864307 0.8392330383480826 0.07846607669616519 0.13628318584070798
0 0.6103244837758112 0.8513274336283185 0.12448377581120944 0.12861356932153392
0 0.5693215339233039 0.7613569321533923 0.12743362831858407 0.1303834808259587
0 0.456047197640118 0.6637168141592921 0.07905604719764012 0.07551622418879056
0 0.575811209439528 0.6041297935103245 0.12979351032448377 0.08023598820058997
0 0.6737463126843658 0.6179941002949852 0.07905604719764012 0.14926253687315633
0 0.32890855457227136 0.5607669616519174 0.11504424778761062 0.1303834808259587
1 0.4976401179941003 0.28023598820059 0.043067846607669616 0.040117994100294985
1 0.49616519174041296 0.3943952802359882 0.054277286135693215 0.05132743362831858
0 0.46283185840707963 0.5191740412979351 0.05486725663716814 0.0471976401179941
0 0.8533923303834808 0.6008849557522123 0.05132743362831858 0.0607669616519174
1 0.8324483775811209 0.6899705014749262 0.0471976401179941 0.047787610619469026
1 0.7265486725663717 0.7294985250737464 0.04070796460176991 0.0359882005899705
1 0.727433628318584 0.7707964601769911 0.04247787610619469 0.043067846607669616
0 0.8873156342182891 0.8221238938053097 0.05545722713864307 0.10206489675516224
0 0.6233038348082596 0.45634218289085543 0.09026548672566372 0.15988200589970503
0 0.7309734513274336 0.4144542772861357 0.10383480825958702 0.07610619469026549
0 0.8893805309734513 0.46430678466076697 0.06902654867256637 0.049557522123893805
1 0.7660766961651917 0.2669616519174041 0.061946902654867256 0.043067846607669616
1 0.22094395280235987 0.23244837758112094 0.1327433628318584 0.08377581120943953
