1 0.12772861356932153 0.4174041297935103 0.043067846607669616 0.03126843657817109
1 0.12507374631268436 0.5619469026548672 0.030678466076696165 0.027728613569321534
1 0.12182890855457226 0.7253687315634219 0.04660766961651917 0.028908554572271386
1 0.2994100294985251 0.8823008849557522 0.032448377581120944 0.03008849557522124
1 0.30029498525073745 0.7200589970501475 0.03657817109144543 0.033628318584070796
1 0.2887905604719764 0.5622418879056047 0.032448377581120944 0.020058997050147492
1 0.2855457227138643 0.4194690265486726 0.03657817109144543 0.024778761061946902
1 0.29233038348082596 0.2973451327433628 0.03126843657817109 0.024778761061946902
1 0.27728613569321536 0.14778761061946902 0.03775811209439528 0.03716814159292035
1 0.44483775811209436 0.15545722713864307 0.03775811209439528 0.03008849557522124
1 0.45014749262536874 0.2973451327433628 0.03303834808259587 0.024778761061946902
1 0.44837758112094395 0.4230088495575221 0.03185840707964602 0.024778761061946902
1 0.4471976401179941 0.5578171091445427 0.03421828908554572 0.028908554572271386
1 0.45663716814159294 0.6985250737463127 0.035398230088495575 0.027138643067846607
1 0.45073746312684365 0.8766961651917404 0.03657817109144543 0.030678466076696165
1 0.6233038348082596 0.856637168141593 0.03480825958702065 0.02359882005899705
1 0.616519174041298 0.6970501474926254 0.03775811209439528 0.02536873156342183
1 0.6076696165191741 0.552212389380531 0.03303834808259587 0.02831858407079646
1 0.6058997050147492 0.4212389380530973 0.035398230088495575 0.02831858407079646
1 0.603834808259587 0.2952802359882006 0.03008849557522124 0.02654867256637168
1 0.7693215339233038 0.16519174041297935 0.03775811209439528 0.027138643067846607
1 0.7569321533923303 0.2808259587020649 0.030678466076696165 0.02831858407079646
1 0.7486725663716814 0.41061946902654867 0.025958702064896755 0.021238938053097345
1 0.7563421828908554 0.5510324483775811 0.03421828908554572 0.02359882005899705
1 0.7513274336283186 0.7014749262536873 0.028908554572271386 0.02359882005899705
1 0.7613569321533923 0.8530973451327434 0.03126843657817109 0.030678466076696165
1 0.9359882005899705 0.856637168141593 0.028908554572271386 0.02359882005899705
1 0.927433628318584 0.6991150442477876 0.030678466076696165 0.02359882005899705
1 0.9359882005899705 0.5471976401179941 0.023008849557522124 0.02064896755162242
1 0.9348082595870206 0.40648967551622417 0.03126843657817109 0.03421828908554572
1 0.9315634218289085 0.27640117994100294 0.035398230088495575 0.02536873156342183
1 0.935693215339233 0.16696165191740414 0.03657817109144543 0.02359882005899705
1 0.12890855457227138 0.8958702064896755 0.027728613569321534 0.03716814159292035
1 0.11740412979351032 0.12625368731563422 0.03775811209439528 0.025958702064896755
1 0.1191740412979351 0.28820058997050146 0.03421828908554572 0.019469026548672566
1 0.6061946902654867 0.15250737463126843 0.0359882005899705 0.02654867256637168
