0 0.23244837758112094 0.17286135693215338 0.06135693215339233 0.08023598820058997
0 0.6457227138643068 0.10589970501474927 0.05132743362831858 0.05132743362831858
1 0.8979351032448377 0.11769911504424779 0.04129793510324484 0.0359882005899705
0 0.3112094395280236 0.30324483775811206 0.09970501474926254 0.08141592920353982
0 0.8908554572271387 0.2713864306784661 0.05663716814159292 0.08495575221238938
1 0.49557522123893805 0.28112094395280235 0.044837758112094395 0.03952802359882006
0 0.2168141592920354 0.4277286135693215 0.043067846607669616 0.05191740412979351
1 0.4952802359882006 0.39823008849557523 0.05486725663716814 0.04365781710914454
0 0.6259587020648968 0.4592920353982301 0.09085545722713864 0.15752212389380532
0 0.728023598820059 0.415929203539823 0.09085545722713864 0.07905604719764012
1 0.8911504424778761 0.42861356932153394 0.04896755162241888 0.03952802359882006
0 0.21710914454277286 0.5587020648967551 0.03657817109144543 0.05781710914454277
0 0.335693215339233 0.5504424778761062 0.10973451327433628 0.1215339233038348
0 0.46194690265486726 0.5194690265486726 0.04365781710914454 0.04660766961651917
0 0.21946902654867256 0.6690265486725664 0.13451327433628318 0.10265486725663717
0 0.23628318584070795 0.796165191740413 0.1846607669616519 0.07374631268436578
0 0.31327433628318585 0.6743362831858407 0.049557522123893805 0.0471976401179941
0 0.34601769911504426 0.7899705014749262 0.05368731563421829 0.08259587020648967
0 0.4474926253687316 0.8377581120943953 0.08908554572271386 0.13333333333333333
0 0.4575221238938053 0.6648967551622419 0.08436578171091445 0.07905604719764012
0 0.5684365781710914 0.7595870206489675 0.1480825958702065 0.11268436578171091
0 0.6088495575221239 0.8528023598820059 0.12743362831858407 0.1351032448377581
0 0.5716814159292035 0.6079646017699115 0.12861356932153392 0.0855457227138643
0 0.8758112094395281 0.6070796460176991 0.05014749262536873 0.05191740412979351
1 0.7345132743362832 0.7415929203539823 0.035398230088495575 0.03775811209439528
1 0.7430678466076696 0.8374631268436578 0.04188790560471976 0.038348082595870206
0 0.3687315634218289 0.140117994100295 0.08023598820058997 0.09852507374631268
0 0.8876106194690265 0.8427728613569322 0.05486725663716814 0.12212389380530973
1 0.7654867256637168 0.2696165191740413 0.05014749262536873 0.04837758112094395
0 0.20235988200589972 0.28230088495575223 0.06725663716814159 0.13392330383480827
1 0.9005899705014749 0.7212389380530974 0.052507374631268436 0.03952802359882006
0 0.7831858407079646 0.12536873156342182 0.10088495575221239 0.09026548672566372
0 0.3023598820058997 0.4330383480825959 0.10088495575221239 0.09911504424778761
0 0.7265486725663717 0.6162241887905605 0.10914454277286136 0.1504424778761062
0 0.6200589970501474 0.22389380530973452 0.049557522123893805 0.07492625368731563
0 0.49793510324483775 0.14041297935103245 0.0920353982300885 0.1415929203539823
