1 0.13952802359882005 0.12536873156342182 0.038348082595870206 0.01710914454277286
1 0.13864306784660768 0.23480825958702065 0.03657817109144543 0.025958702064896755
1 0.13097345132743363 0.37669616519174043 0.03893805309734513 0.02064896755162242
1 0.1454277286135693 0.49321533923303834 0.04424778761061947 0.02831858407079646
1 0.14601769911504425 0.6637168141592921 0.032448377581120944 0.02359882005899705
1 0.14985250737463127 0.8112094395280236 0.035398230088495575 0.022418879056047197
1 0.30855457227138644 0.8053097345132744 0.03303834808259587 0.029498525073746312
1 0.30737463126843656 0.6616519174041298 0.04365781710914454 0.02182890855457227
1 0.3005899705014749 0.49675516224188787 0.04070796460176991 0.024778761061946902
1 0.30855457227138644 0.363716814159292 0.040117994100294985 0.03126843657817109
1 0.2929203539823009 0.22920353982300884 0.038348082595870206 0.02536873156342183
1 0.28407079646017697 0.11563421828908554 0.04188790560471976 0.021238938053097345
1 0.4557522123893805 0.10825958702064897 0.04070796460176991 0.027728613569321534
1 0.456047197640118 0.23008849557522124 0.03893805309734513 0.02359882005899705
1 0.4533923303834808 0.3702064896755162 0.033628318584070796 0.02654867256637168
1 0.45191740412979353 0.4970501474926254 0.03657817109144543 0.03126843657817109
1 0.46932153392330384 0.6604719764011799 0.03716814159292035 0.02182890855457227
1 0.4846607669616519 0.8176991150442477 0.04188790560471976 0.024778761061946902
1 0.6292035398230088 0.8144542772861357 0.033628318584070796 0.018289085545722714
1 0.6339233038348082 0.6628318584070796 0.04070796460176991 0.03008849557522124
1 0.6292035398230088 0.5070796460176991 0.033628318584070796 0.03008849557522124
1 0.6277286135693215 0.3654867256637168 0.03657817109144543 0.027728613569321534
1 0.6029498525073747 0.228023598820059 0.03421828908554572 0.027728613569321534
1 0.6023598820058997 0.10855457227138643 0.040117994100294985 0.024778761061946902
1 0.7421828908554572 0.10383480825958702 0.03421828908554572 0.025958702064896755
1 0.755457227138643 0.22890855457227138 0.03008849557522124 0.024778761061946902
1 0.7622418879056048 0.3572271386430678 0.03303834808259587 0.028908554572271386
1 0.7634218289085546 0.5268436578171092 0.035398230088495575 0.027138643067846607
1 0.7654867256637168 0.6690265486725664 0.033628318584070796 0.025958702064896755
1 0.763716814159292 0.8100294985250738 0.032448377581120944 0.024778761061946902
1 0.876401179941003 0.8112094395280236 0.032448377581120944 0.022418879056047197
1 0.8837758112094395 0.6619469026548672 0.03421828908554572 0.022418879056047197
1 0.8790560471976401 0.5253687315634218 0.03303834808259587 0.0359882005899705
1 0.8775811209439528 0.36666666666666664 0.0359882005899705 0.02536873156342183
1 0.876401179941003 0.22654867256637168 0.032448377581120944 0.027138643067846607
1 0.8920353982300885 0.10383480825958702 0.035398230088495575 0.02831858407079646
