0 0.1327433628318584 0.3407079646017699 0.044837758112094395 0.0855457227138643
0 0.1368731563421829 0.8215339233038348 0.08141592920353982 0.03716814159292035
0 0.49852507374631266 0.7893805309734513 0.07315634218289085 0.058997050147492625
0 0.8498525073746312 0.8230088495575221 0.05486725663716814 0.0696165191740413
0 0.6837758112094395 0.6241887905604719 0.04837758112094395 0.06017699115044248
0 0.515339233038348 0.6259587020648968 0.052507374631268436 0.071976401179941
1 0.2392330383480826 0.19793510324483776 0.05368731563421829 0.0607669616519174
0 0.3584070796460177 0.4808259587020649 0.04896755162241888 0.05073746312684366
0 0.5289085545722714 0.4687315634218289 0.05958702064896755 0.07728613569321534
0 0.8507374631268436 0.5206489675516224 0.049557522123893805 0.07374631268436578
0 0.6902654867256637 0.38141592920353984 0.05663716814159292 0.061946902654867256
0 0.5410029498525074 0.32949852507374633 0.06725663716814159 0.06548672566371681
0 0.5327433628318584 0.259882005899705 0.0471976401179941 0.06666666666666667
1 0.5374631268436578 0.11887905604719765 0.04247787610619469 0.04070796460176991
1 0.7064896755162242 0.2383480825958702 0.04896755162241888 0.058997050147492625
0 0.8545722713864307 0.24985250737463127 0.06902654867256637 0.057227138643067846
1 0.8545722713864307 0.09056047197640119 0.04424778761061947 0.04188790560471976
0 0.22625368731563422 0.3386430678466077 0.0584070796460177 0.10501474926253687
0 0.8551622418879056 0.6578171091445427 0.05486725663716814 0.0471976401179941
0 0.12182890855457226 0.23628318584070795 0.06312684365781711 0.08672566371681416
0 0.36991150442477877 0.8061946902654867 0.0471976401179941 0.06666666666666667
0 0.403834808259587 0.08289085545722713 0.06548672566371681 0.061946902654867256
0 0.6964601769911505 0.5182890855457227 0.05132743362831858 0.07610619469026549
0 0.371976401179941 0.6811209439528023 0.07256637168141593 0.07492625368731563
0 0.2377581120943953 0.8359882005899705 0.05073746312684366 0.10029498525073746
0 0.2528023598820059 0.07669616519174041 0.06312684365781711 0.08023598820058997
0 0.3693215339233038 0.34277286135693213 0.05663716814159292 0.0696165191740413
0 0.6938053097345133 0.8221238938053097 0.058997050147492625 0.07610619469026549
0 0.39233038348082594 0.20235988200589972 0.09321533923303835 0.07905604719764012
0 0.7011799410029499 0.06932153392330384 0.06548672566371681 0.06666666666666667
0 0.1 0.07463126843657816 0.05604719764011799 0.06430678466076696
0 0.11651917404129794 0.6905604719764011 0.057227138643067846 0.09026548672566372
0 0.22477876106194689 0.6893805309734513 0.058997050147492625 0.07964601769911504
0 0.14926253687315633 0.5253687315634218 0.03657817109144543 0.03480825958702065
0 0.22861356932153393 0.5536873156342182 0.05958702064896755 0.0808259587020649
0 0.8693215339233038 0.38259587020648966 0.04188790560471976 0.038348082595870206
