0 0.12772861356932153 0.1271386430678466 0.08200589970501475 0.04070796460176991
0 0.15073746312684366 0.2398230088495575 0.05486725663716814 0.05132743362831858
0 0.12094395280235988 0.5489675516224188 0.06017699115044248 0.05368731563421829
0 0.1224188790560472 0.6899705014749262 0.05368731563421829 0.05486725663716814
0 0.11061946902654868 0.828613569321534 0.043067846607669616 0.04188790560471976
0 0.2103244837758112 0.6855457227138643 0.05132743362831858 0.06017699115044248
0 0.27404129793510323 0.5746312684365782 0.047787610619469026 0.04601769911504425
0 0.2958702064896755 0.37669616519174043 0.07610619469026549 0.057227138643067846
1 0.2687315634218289 0.2640117994100295 0.03952802359882006 0.03952802359882006
1 0.27728613569321536 0.10442477876106195 0.03303834808259587 0.03303834808259587
0 0.3566371681415929 0.10973451327433628 0.04188790560471976 0.044837758112094395
0 0.3935103244837758 0.2528023598820059 0.06017699115044248 0.06548672566371681
0 0.47581120943952804 0.37079646017699114 0.0607669616519174 0.08790560471976401
0 0.4224188790560472 0.53952802359882 0.08259587020648967 0.06784660766961652
0 0.4474926253687316 0.6920353982300885 0.06666666666666667 0.09793510324483776
0 0.2982300884955752 0.8616519174041298 0.06784660766961652 0.07728613569321534
1 0.591740412979351 0.8622418879056047 0.04837758112094395 0.04070796460176991
0 0.7404129793510325 0.8117994100294985 0.07079646017699115 0.044837758112094395
0 0.8321533923303834 0.8761061946902655 0.06902654867256637 0.05545722713864307
1 0.6613569321533923 0.731858407079646 0.06371681415929203 0.04424778761061947
0 0.5551622418879056 0.6932153392330384 0.054277286135693215 0.054277286135693215
0 0.5631268436578171 0.5351032448377581 0.05368731563421829 0.049557522123893805
0 0.6808259587020649 0.547787610619469 0.05663716814159292 0.05132743362831858
0 0.8469026548672566 0.5817109144542773 0.06548672566371681 0.071976401179941
0 0.8610619469026548 0.46430678466076697 0.04188790560471976 0.04247787610619469
1 0.7135693215339233 0.41061946902654867 0.05132743362831858 0.05545722713864307
0 0.5982300884955752 0.40943952802359884 0.08495575221238938 0.0943952802359882
1 0.51976401179941 0.2587020648967552 0.06371681415929203 0.04188790560471976
1 0.5117994100294985 0.12418879056047197 0.0359882005899705 0.032448377581120944
0 0.719174041297935 0.23392330383480825 0.05663716814159292 0.057227138643067846
0 0.8230088495575221 0.29705014749262537 0.08141592920353982 0.06666666666666667
0 0.7253687315634219 0.10707964601769912 0.052507374631268436 0.05368731563421829
0 0.8519174041297934 0.1486725663716814 0.044837758112094395 0.0471976401179941
0 0.8389380530973451 0.7029498525073746 0.09911504424778761 0.07610619469026549
0 0.3672566371681416 0.824188790560472 0.052507374631268436 0.09321533923303835
0 0.12802359882005898 0.4469026548672566 0.054277286135693215 0.0855457227138643
