0 0.13156342182890857 0.3182890855457227 0.044837758112094395 0.0855457227138643
0 0.1433628318584071 0.7997050147492625 0.08141592920353982 0.03716814159292035
0 0.49911504424778763 0.7710914454277286 0.07315634218289085 0.058997050147492625
0 0.8463126843657817 0.8300884955752212 0.05486725663716814 0.0696165191740413
0 0.6837758112094395 0.6241887905604719 0.04837758112094395 0.06017699115044248
0 0.5117994100294985 0.6106194690265486 0.052507374631268436 0.071976401179941
1 0.2415929203539823 0.19085545722713865 0.05368731563421829 0.0607669616519174
0 0.3584070796460177 0.46194690265486726 0.04896755162241888 0.05073746312684366
0 0.5289085545722714 0.4687315634218289 0.05958702064896755 0.07728613569321534
0 0.8519174041297934 0.5135693215339233 0.049557522123893805 0.07374631268436578
0 0.6902654867256637 0.38141592920353984 0.05663716814159292 0.061946902654867256
0 0.5410029498525074 0.32949852507374633 0.06725663716814159 0.06548672566371681
0 0.5327433628318584 0.259882005899705 0.0471976401179941 0.06666666666666667
1 0.5374631268436578 0.11887905604719765 0.04247787610619469 0.04070796460176991
1 0.7064896755162242 0.2383480825958702 0.04896755162241888 0.058997050147492625
0 0.8545722713864307 0.2294985250737463 0.057227138643067846 0.05781710914454277
1 0.8545722713864307 0.09056047197640119 0.04424778761061947 0.04188790560471976
0 0.22831858407079647 0.31887905604719763 0.06253687315634218 0.14454277286135692
0 0.8551622418879056 0.6312684365781711 0.05486725663716814 0.0471976401179941
0 0.12182890855457226 0.23628318584070795 0.06312684365781711 0.08672566371681416
0 0.371976401179941 0.7843657817109144 0.047787610619469026 0.08200589970501475
0 0.4061946902654867 0.0710914454277286 0.06548672566371681 0.061946902654867256
0 0.6970501474926254 0.5135693215339233 0.052507374631268436 0.0855457227138643
0 0.3705014749262537 0.6846607669616519 0.0696165191740413 0.08200589970501475
0 0.2377581120943953 0.8359882005899705 0.05073746312684366 0.10029498525073746
0 0.26253687315634217 0.05870206489675516 0.06135693215339233 0.07138643067846608
0 0.36666666666666664 0.359882005899705 0.057227138643067846 0.10383480825958702
0 0.7050147492625368 0.8359882005899705 0.07315634218289085 0.071976401179941
0 0.37374631268436576 0.1870206489675516 0.13156342182890857 0.06135693215339233
0 0.6793510324483776 0.06283185840707964 0.11150442477876106 0.06666666666666667
0 0.11976401179941003 0.059882005899705014 0.058997050147492625 0.09616519174041298
0 0.11976401179941003 0.6752212389380531 0.058997050147492625 0.14926253687315633
0 0.21327433628318584 0.6946902654867256 0.06312684365781711 0.10914454277286136
0 0.1383480825958702 0.5283185840707965 0.0584070796460177 0.05368731563421829
0 0.22064896755162242 0.5533923303834808 0.058997050147492625 0.10501474926253687
0 0.8678466076696165 0.3828908554572271 0.04247787610619469 0.05191740412979351
