0 0.13480825958702064 0.0952802359882006 0.08200589970501475 0.04070796460176991
0 0.14837758112094396 0.2545722713864307 0.05486725663716814 0.05132743362831858
0 0.12094395280235988 0.5525073746312684 0.06017699115044248 0.05368731563421829
0 0.1200589970501475 0.6640117994100295 0.043067846607669616 0.052507374631268436
0 0.10943952802359883 0.8457227138643068 0.043067846607669616 0.04188790560471976
0 0.2669616519174041 0.5746312684365782 0.047787610619469026 0.04601769911504425
1 0.2687315634218289 0.2640117994100295 0.03952802359882006 0.03952802359882006
1 0.2790560471976401 0.08495575221238938 0.03303834808259587 0.03303834808259587
0 0.3424778761061947 0.09557522123893805 0.04188790560471976 0.044837758112094395
0 0.3935103244837758 0.2528023598820059 0.06017699115044248 0.06548672566371681
0 0.4663716814159292 0.4073746312684366 0.0607669616519174 0.08790560471976401
0 0.8321533923303834 0.8761061946902655 0.06902654867256637 0.05545722713864307
1 0.6761061946902654 0.692330383480826 0.06371681415929203 0.04424778761061947
0 0.5769911504424778 0.6943952802359882 0.054277286135693215 0.054277286135693215
0 0.5631268436578171 0.5351032448377581 0.05368731563421829 0.049557522123893805
0 0.6808259587020649 0.547787610619469 0.05663716814159292 0.05132743362831858
0 0.8469026548672566 0.5817109144542773 0.06548672566371681 0.071976401179941
0 0.8504424778761062 0.44601769911504424 0.04188790560471976 0.04247787610619469
1 0.7058997050147493 0.40766961651917405 0.06548672566371681 0.054277286135693215
0 0.5646017699115045 0.4259587020648967 0.04601769911504425 0.11327433628318584
1 0.51976401179941 0.2587020648967552 0.06371681415929203 0.04188790560471976
1 0.5076696165191741 0.11887905604719765 0.0359882005899705 0.032448377581120944
0 0.7168141592920354 0.2392330383480826 0.05663716814159292 0.057227138643067846
0 0.8625368731563422 0.22359882005899706 0.05191740412979351 0.08259587020648967
0 0.7271386430678466 0.10294985250737462 0.052507374631268436 0.05368731563421829
0 0.8678466076696165 0.09144542772861357 0.044837758112094395 0.0471976401179941
0 0.8389380530973451 0.7029498525073746 0.09911504424778761 0.07610619469026549
0 0.3926253687315634 0.8330383480825958 0.052507374631268436 0.09321533923303835
0 0.12595870206489676 0.4191740412979351 0.07846607669616519 0.05604719764011799
0 0.2949852507374631 0.38436578171091446 0.07079646017699115 0.08908554572271386
0 0.26194690265486725 0.6495575221238938 0.05545722713864307 0.08141592920353982
1 0.23008849557522124 0.8899705014749263 0.08023598820058997 0.04542772861356932
0 0.43628318584070797 0.7073746312684366 0.09734513274336283 0.0696165191740413
0 0.40353982300884955 0.5817109144542773 0.05545722713864307 0.08259587020648967
1 0.5731563421828908 0.9008849557522124 0.04070796460176991 0.049557522123893805
0 0.7017699115044248 0.9014749262536873 0.05368731563421829 0.08259587020648967
