1 0.15132743362831858 0.11976401179941003 0.04070796460176991 0.02359882005899705
1 0.15752212389380532 0.359882005899705 0.035398230088495575 0.02359882005899705
1 0.16194690265486725 0.5144542772861357 0.038348082595870206 0.021238938053097345
1 0.15398230088495574 0.6324483775811209 0.03303834808259587 0.02359882005899705
1 0.15073746312684366 0.7784660766961652 0.03716814159292035 0.0359882005899705
1 0.13421828908554573 0.9050147492625369 0.032448377581120944 0.021238938053097345
1 0.2911504424778761 0.9141592920353983 0.028908554572271386 0.03126843657817109
1 0.43716814159292033 0.9129793510324483 0.030678466076696165 0.02654867256637168
1 0.5926253687315635 0.9088495575221239 0.03126843657817109 0.02654867256637168
1 0.7333333333333333 0.9017699115044248 0.030678466076696165 0.02536873156342183
1 0.891740412979351 0.9023598820058997 0.03008849557522124 0.018289085545722714
1 0.29233038348082596 0.7755162241887905 0.03952802359882006 0.03008849557522124
1 0.451622418879056 0.772566371681416 0.038348082595870206 0.018289085545722714
1 0.6020648967551623 0.7666666666666666 0.043067846607669616 0.019469026548672566
1 0.7539823008849558 0.7666666666666666 0.03421828908554572 0.019469026548672566
1 0.8973451327433628 0.7640117994100295 0.03303834808259587 0.022418879056047197
1 0.903244837758112 0.6141592920353982 0.03421828908554572 0.02359882005899705
1 0.7607669616519174 0.6230088495575221 0.027728613569321534 0.02359882005899705
1 0.6132743362831858 0.6389380530973451 0.03952802359882006 0.025958702064896755
1 0.47079646017699117 0.6268436578171092 0.03421828908554572 0.02654867256637168
1 0.3112094395280236 0.6265486725663717 0.0359882005899705 0.024778761061946902
1 0.31474926253687313 0.5129793510324484 0.028908554572271386 0.018289085545722714
1 0.4625368731563422 0.5221238938053098 0.03185840707964602 0.02359882005899705
1 0.6200589970501474 0.5008849557522124 0.03421828908554572 0.02359882005899705
1 0.7616519174041297 0.47109144542772863 0.03893805309734513 0.028908554572271386
1 0.9112094395280236 0.4737463126843658 0.03126843657817109 0.02359882005899705
1 0.9002949852507375 0.3333333333333333 0.03421828908554572 0.02359882005899705
1 0.7820058997050148 0.3286135693215339 0.03008849557522124 0.027138643067846607
1 0.6268436578171092 0.32359882005899704 0.04188790560471976 0.02536873156342183
1 0.48436578171091443 0.3525073746312684 0.035398230088495575 0.027728613569321534
1 0.3185840707964602 0.3463126843657817 0.03893805309734513 0.021238938053097345
1 0.3088495575221239 0.14454277286135692 0.03008849557522124 0.03657817109144543
1 0.4654867256637168 0.1421828908554572 0.03657817109144543 0.02359882005899705
1 0.6144542772861357 0.1471976401179941 0.028908554572271386 0.03126843657817109
1 0.7696165191740413 0.1463126843657817 0.03126843657817109 0.024778761061946902
1 0.9011799410029498 0.12684365781710916 0.027728613569321534 0.030678466076696165
