1 0.13333333333333333 0.09941002949852507 0.03421828908554572 0.03008849557522124
1 0.15073746312684366 0.22005899705014748 0.03952802359882006 0.03303834808259587
1 0.15398230088495574 0.3654867256637168 0.03775811209439528 0.03480825958702065
1 0.16460176991150444 0.48584070796460177 0.035398230088495575 0.027728613569321534
1 0.15870206489675515 0.6389380530973451 0.03421828908554572 0.025958702064896755
1 0.1592920353982301 0.8793510324483775 0.04365781710914454 0.032448377581120944
1 0.32359882005899704 0.6563421828908554 0.03952802359882006 0.027728613569321534
1 0.31474926253687313 0.4855457227138643 0.03126843657817109 0.021238938053097345
1 0.31386430678466076 0.37374631268436576 0.035398230088495575 0.03126843657817109
1 0.3005899705014749 0.22389380530973452 0.038348082595870206 0.032448377581120944
1 0.29174041297935105 0.08289085545722713 0.04070796460176991 0.033628318584070796
1 0.4377581120943953 0.08643067846607669 0.03421828908554572 0.03008849557522124
1 0.44896755162241886 0.22920353982300884 0.035398230088495575 0.02536873156342183
1 0.47109144542772863 0.3728613569321534 0.043067846607669616 0.02359882005899705
1 0.46696165191740413 0.4775811209439528 0.03008849557522124 0.024188790560471976
1 0.48761061946902656 0.6486725663716814 0.03716814159292035 0.02536873156342183
1 0.4648967551622419 0.8536873156342183 0.03775811209439528 0.02359882005899705
1 0.6300884955752213 0.6755162241887905 0.035398230088495575 0.02831858407079646
1 0.6209439528023599 0.49852507374631266 0.03008849557522124 0.029498525073746312
1 0.6162241887905605 0.36224188790560474 0.028908554572271386 0.02831858407079646
1 0.6041297935103245 0.23244837758112094 0.03421828908554572 0.021238938053097345
1 0.592330383480826 0.08731563421828908 0.03657817109144543 0.024778761061946902
1 0.7353982300884956 0.0967551622418879 0.033628318584070796 0.024778761061946902
1 0.755457227138643 0.23333333333333334 0.03008849557522124 0.03008849557522124
1 0.8941002949852507 0.1 0.033628318584070796 0.024188790560471976
1 0.8958702064896755 0.23628318584070795 0.027728613569321534 0.023008849557522124
1 0.9070796460176991 0.384070796460177 0.028908554572271386 0.022418879056047197
1 0.7557522123893805 0.37905604719764013 0.030678466076696165 0.02064896755162242
1 0.7675516224188791 0.5274336283185841 0.03303834808259587 0.021238938053097345
1 0.9117994100294985 0.524188790560472 0.032448377581120944 0.027728613569321534
1 0.7846607669616519 0.671386430678466 0.027138643067846607 0.02359882005899705
1 0.903244837758112 0.6648967551622419 0.03185840707964602 0.025958702064896755
1 0.7696165191740413 0.8530973451327434 0.028908554572271386 0.024778761061946902
1 0.3100294985250737 0.8557522123893805 0.027728613569321534 0.038348082595870206
1 0.9005899705014749 0.8743362831858407 0.033628318584070796 0.022418879056047197
1 0.6162241887905605 0.8536873156342183 0.028908554572271386 0.03185840707964602
