1 0.1504424778761062 0.1896755162241888 0.03657817109144543 0.02182890855457227
1 0.1433628318584071 0.3374631268436578 0.04365781710914454 0.025958702064896755
1 0.14601769911504425 0.5097345132743363 0.038348082595870206 0.020058997050147492
1 0.1351032448377581 0.6224188790560472 0.03657817109144543 0.027138643067846607
1 0.140117994100295 0.7660766961651917 0.03952802359882006 0.02654867256637168
1 0.1410029498525074 0.8761061946902655 0.035398230088495575 0.02359882005899705
1 0.28761061946902655 0.8840707964601769 0.043067846607669616 0.02654867256637168
1 0.4569321533923304 0.8932153392330383 0.04070796460176991 0.025958702064896755
1 0.6032448377581121 0.8941002949852507 0.03126843657817109 0.02536873156342183
1 0.7433628318584071 0.8970501474926253 0.03421828908554572 0.02064896755162242
1 0.8905604719764012 0.8970501474926253 0.04070796460176991 0.023008849557522124
1 0.8784660766961652 0.7707964601769911 0.03657817109144543 0.027728613569321534
1 0.7548672566371681 0.7705014749262536 0.03126843657817109 0.022418879056047197
1 0.6041297935103245 0.7743362831858407 0.03657817109144543 0.03008849557522124
1 0.4581120943952802 0.7693215339233038 0.038348082595870206 0.027138643067846607
1 0.29557522123893804 0.7705014749262536 0.03775811209439528 0.022418879056047197
1 0.30855457227138644 0.6342182890855457 0.040117994100294985 0.029498525073746312
1 0.4551622418879056 0.6297935103244837 0.04070796460176991 0.02654867256637168
1 0.6259587020648968 0.6309734513274337 0.03303834808259587 0.024188790560471976
1 0.7619469026548672 0.6383480825958702 0.04070796460176991 0.024778761061946902
1 0.8769911504424779 0.6327433628318584 0.03126843657817109 0.03008849557522124
1 0.8775811209439528 0.47286135693215336 0.02536873156342183 0.02536873156342183
1 0.7663716814159292 0.47581120943952804 0.03775811209439528 0.027728613569321534
1 0.6283185840707964 0.4952802359882006 0.03775811209439528 0.03008849557522124
1 0.452212389380531 0.5005899705014749 0.03952802359882006 0.027728613569321534
1 0.30206489675516224 0.5050147492625369 0.03775811209439528 0.021238938053097345
1 0.3079646017699115 0.3386430678466077 0.03893805309734513 0.025958702064896755
1 0.3079646017699115 0.19616519174041297 0.03185840707964602 0.027728613569321534
1 0.4861356932153392 0.1873156342182891 0.0471976401179941 0.02182890855457227
1 0.4713864306784661 0.3415929203539823 0.035398230088495575 0.024778761061946902
1 0.6342182890855457 0.33421828908554574 0.04247787610619469 0.03008849557522124
1 0.7675516224188791 0.33185840707964603 0.03303834808259587 0.02064896755162242
1 0.883480825958702 0.3374631268436578 0.033628318584070796 0.025958702064896755
1 0.6283185840707964 0.184070796460177 0.03775811209439528 0.02359882005899705
1 0.7648967551622419 0.19085545722713865 0.04070796460176991 0.019469026548672566
1 0.8781710914454277 0.18908554572271385 0.03126843657817109 0.023008849557522124
