1 0.12654867256637167 0.10530973451327433 0.027728613569321534 0.028908554572271386
1 0.12123893805309735 0.279646017699115 0.04070796460176991 0.03185840707964602
1 0.1224188790560472 0.44129793510324483 0.038348082595870206 0.03303834808259587
1 0.12625368731563422 0.5799410029498525 0.03775811209439528 0.03421828908554572
1 0.1182890855457227 0.712094395280236 0.04070796460176991 0.025958702064896755
1 0.1168141592920354 0.8740412979351032 0.03657817109144543 0.032448377581120944
1 0.27935103244837756 0.8575221238938053 0.03952802359882006 0.03126843657817109
1 0.2902654867256637 0.6964601769911505 0.04129793510324484 0.028908554572271386
1 0.287905604719764 0.5799410029498525 0.035398230088495575 0.03185840707964602
1 0.2855457227138643 0.44011799410029495 0.03657817109144543 0.027138643067846607
1 0.2991150442477876 0.28230088495575223 0.035398230088495575 0.028908554572271386
1 0.29793510324483774 0.11563421828908554 0.035398230088495575 0.03185840707964602
1 0.44896755162241886 0.12536873156342182 0.035398230088495575 0.027728613569321534
1 0.452212389380531 0.2973451327433628 0.04188790560471976 0.030678466076696165
1 0.44837758112094395 0.44188790560471974 0.03421828908554572 0.02359882005899705
1 0.4463126843657817 0.5764011799410029 0.04070796460176991 0.024778761061946902
1 0.4463126843657817 0.6964601769911505 0.03480825958702065 0.028908554572271386
1 0.44365781710914454 0.8460176991150442 0.03775811209439528 0.02359882005899705
1 0.6017699115044248 0.8492625368731563 0.03657817109144543 0.03008849557522124
1 0.6011799410029498 0.7056047197640118 0.03775811209439528 0.025958702064896755
1 0.6023598820058997 0.5811209439528023 0.035398230088495575 0.025958702064896755
1 0.6088495575221239 0.4415929203539823 0.03775811209439528 0.02536873156342183
1 0.6132743362831858 0.30117994100294987 0.04188790560471976 0.032448377581120944
1 0.6200589970501474 0.1407079646017699 0.03657817109144543 0.033628318584070796
1 0.7575221238938052 0.1359882005899705 0.03421828908554572 0.027728613569321534
1 0.7510324483775811 0.29646017699115046 0.03893805309734513 0.028908554572271386
1 0.7575221238938052 0.4457227138643068 0.03657817109144543 0.03008849557522124
1 0.747787610619469 0.5861356932153392 0.032448377581120944 0.03126843657817109
1 0.7530973451327434 0.7168141592920354 0.0359882005899705 0.029498525073746312
1 0.756047197640118 0.8421828908554572 0.04188790560471976 0.028908554572271386
1 0.9345132743362832 0.8353982300884956 0.03421828908554572 0.02831858407079646
1 0.9327433628318584 0.7168141592920354 0.040117994100294985 0.029498525073746312
1 0.9362831858407079 0.5979351032448378 0.035398230088495575 0.028908554572271386
1 0.9398230088495575 0.4498525073746313 0.04247787610619469 0.03126843657817109
1 0.927433628318584 0.30117994100294987 0.04365781710914454 0.03008849557522124
1 0.9368731563421828 0.1433628318584071 0.035398230088495575 0.025958702064896755
