0 0.10471976401179942 0.1182890855457227 0.03952802359882006 0.03716814159292035
0 0.11209439528023599 0.27463126843657815 0.05663716814159292 0.0855457227138643
0 0.11061946902654868 0.4575221238938053 0.05604719764011799 0.04424778761061947
0 0.14985250737463127 0.6002949852507374 0.0471976401179941 0.05132743362831858
1 0.15693215339233038 0.667551622418879 0.04247787610619469 0.04424778761061947
1 0.2542772861356932 0.8368731563421828 0.035398230088495575 0.0359882005899705
0 0.27404129793510323 0.7268436578171091 0.04188790560471976 0.03775811209439528
0 0.38495575221238937 0.8501474926253687 0.13628318584070798 0.1392330383480826
0 0.6554572271386431 0.7876106194690266 0.05073746312684366 0.09911504424778761
0 0.7766961651917405 0.7991150442477876 0.18348082595870208 0.07374631268436578
0 0.7769911504424779 0.671386430678466 0.12625368731563422 0.10855457227138643
0 0.6882005899705015 0.6722713864306784 0.05486725663716814 0.061946902654867256
0 0.5436578171091445 0.6669616519174041 0.0808259587020649 0.08908554572271386
0 0.4336283185840708 0.7601769911504425 0.13215339233038348 0.12684365781710916
0 0.668141592920354 0.567551622418879 0.12330383480825959 0.1191740412979351
0 0.7831858407079646 0.5548672566371682 0.04542772861356932 0.057227138643067846
0 0.7825958702064897 0.4253687315634218 0.05014749262536873 0.0471976401179941
0 0.6737463126843658 0.4631268436578171 0.12035398230088495 0.06607669616519174
0 0.26371681415929205 0.4153392330383481 0.09557522123893805 0.08023598820058997
1 0.2312684365781711 0.2702064896755162 0.05073746312684366 0.044837758112094395
0 0.20678466076696164 0.15132743362831858 0.08672566371681416 0.10206489675516224
0 0.35398230088495575 0.1056047197640118 0.05545722713864307 0.04601769911504425
0 0.479646017699115 0.13805309734513274 0.1368731563421829 0.10265486725663717
0 0.6351032448377582 0.14454277286135692 0.11976401179941003 0.08967551622418879
0 0.7740412979351032 0.17492625368731562 0.06017699115044248 0.0855457227138643
0 0.6693215339233038 0.26017699115044246 0.09852507374631268 0.07315634218289085
1 0.504424778761062 0.2814159292035398 0.0471976401179941 0.035398230088495575
0 0.33657817109144544 0.268141592920354 0.08436578171091445 0.03952802359882006
1 0.5112094395280236 0.39823008849557523 0.06548672566371681 0.04365781710914454
0 0.38141592920353984 0.45663716814159294 0.0808259587020649 0.1463126843657817
1 0.5380530973451327 0.5215339233038347 0.05663716814159292 0.04837758112094395
0 0.11297935103244838 0.8398230088495575 0.061946902654867256 0.12684365781710916
0 0.3041297935103245 0.6106194690265486 0.08672566371681416 0.15457227138643068
0 0.41799410029498524 0.6085545722713864 0.12566371681415928 0.08436578171091445
0 0.7902654867256637 0.2383480825958702 0.14690265486725662 0.06725663716814159
0 0.5595870206489676 0.8389380530973451 0.06548672566371681 0.10383480825958702
