1 0.15722713864306784 0.1831858407079646 0.05014749262536873 0.06430678466076696
0 0.29410029498525075 0.17581120943952802 0.08790560471976401 0.04601769911504425
1 0.4935103244837758 0.21415929203539824 0.061946902654867256 0.044837758112094395
0 0.6351032448377582 0.21799410029498525 0.0584070796460177 0.09970501474926254
0 0.7970501474926254 0.17522123893805308 0.08377581120943953 0.08023598820058997
0 0.8702064896755162 0.19911504424778761 0.08377581120943953 0.043067846607669616
0 0.14985250737463127 0.37315634218289084 0.03775811209439528 0.05132743362831858
0 0.15516224188790562 0.49262536873156343 0.04365781710914454 0.04837758112094395
1 0.13421828908554573 0.6179941002949852 0.04660766961651917 0.05486725663716814
1 0.1480825958702065 0.7702064896755162 0.0471976401179941 0.052507374631268436
1 0.14926253687315633 0.9144542772861357 0.0471976401179941 0.035398230088495575
0 0.31327433628318585 0.9489675516224189 0.10501474926253687 0.04542772861356932
0 0.30206489675516224 0.7731563421828909 0.06489675516224189 0.04542772861356932
0 0.31091445427728615 0.6436578171091445 0.058997050147492625 0.058997050147492625
0 0.30383480825958703 0.4864306784660767 0.044837758112094395 0.07610619469026549
0 0.31504424778761064 0.3705014749262537 0.058997050147492625 0.04837758112094395
0 0.5079646017699115 0.39705014749262535 0.08259587020648967 0.05663716814159292
0 0.6348082595870206 0.3064896755162242 0.08259587020648967 0.08200589970501475
0 0.7766961651917405 0.32536873156342183 0.05132743362831858 0.09144542772861357
0 0.9209439528023599 0.34100294985250734 0.1191740412979351 0.15457227138643068
0 0.7949852507374631 0.43864306784660767 0.09262536873156342 0.09026548672566372
1 0.8722713864306785 0.459882005899705 0.09262536873156342 0.06902654867256637
0 0.46814159292035395 0.531858407079646 0.06312684365781711 0.06902654867256637
1 0.6410029498525074 0.5333333333333333 0.06548672566371681 0.058997050147492625
1 0.45368731563421827 0.6587020648967552 0.07079646017699115 0.04188790560471976
0 0.471976401179941 0.7418879056047197 0.07315634218289085 0.05368731563421829
1 0.46430678466076697 0.8858407079646018 0.035398230088495575 0.032448377581120944
0 0.6377581120943953 0.6241887905604719 0.06371681415929203 0.10501474926253687
0 0.6545722713864307 0.8377581120943953 0.0855457227138643 0.08259587020648967
0 0.764306784660767 0.7156342182890856 0.08908554572271386 0.08495575221238938
0 0.8946902654867257 0.6787610619469027 0.08200589970501475 0.061946902654867256
0 0.8882005899705014 0.7628318584070797 0.07256637168141593 0.0743362831858407
0 0.8790560471976401 0.931268436578171 0.058997050147492625 0.07610619469026549
0 0.595575221238938 0.9587020648967551 0.06430678466076696 0.06489675516224189
0 0.7569321533923303 0.9646017699115044 0.08731563421828908 0.06135693215339233
0 0.7584070796460177 0.8147492625368732 0.0607669616519174 0.0471976401179941
