0 0.12566371681415928 0.0920353982300885 0.15221238938053097 0.10737463126843658
0 0.33303834808259586 0.11976401179941003 0.07610619469026549 0.22064896755162242
0 0.21563421828908555 0.24336283185840707 0.20353982300884954 0.09026548672566372
0 0.37728613569321534 0.24601769911504423 0.06312684365781711 0.09321533923303835
0 0.49085545722713864 0.10383480825958702 0.08495575221238938 0.15693215339233038
0 0.6870206489675517 0.13215339233038348 0.13628318584070798 0.1486725663716814
0 0.8622418879056047 0.14926253687315633 0.09970501474926254 0.1168141592920354
0 0.852212389380531 0.31474926253687313 0.10206489675516224 0.052507374631268436
0 0.47581120943952804 0.2867256637168142 0.15516224188790562 0.05663716814159292
0 0.22507374631268437 0.40412979351032446 0.08908554572271386 0.05309734513274336
0 0.22241887905604718 0.5563421828908555 0.0943952802359882 0.0471976401179941
0 0.25250737463126843 0.7017699115044248 0.04837758112094395 0.05014749262536873
0 0.2634218289085546 0.7469026548672566 0.09734513274336283 0.1640117994100295
0 0.37138643067846605 0.6902654867256637 0.10324483775811209 0.18525073746312684
0 0.39410029498525073 0.4008849557522124 0.0920353982300885 0.2
1 0.3224188790560472 0.5707964601769911 0.04188790560471976 0.05486725663716814
0 0.4982300884955752 0.636283185840708 0.19410029498525072 0.06548672566371681
0 0.40176991150442476 0.8176991150442477 0.1616519174041298 0.10619469026548672
0 0.5365781710914455 0.8091445427728613 0.043067846607669616 0.08436578171091445
0 0.7887905604719764 0.7952802359882005 0.10619469026548672 0.15339233038348082
0 0.8932153392330383 0.7825958702064897 0.1168141592920354 0.1823008849557522
1 0.6669616519174041 0.8041297935103244 0.03126843657817109 0.03185840707964602
1 0.7504424778761062 0.6775811209439528 0.03775811209439528 0.027728613569321534
0 0.8973451327433628 0.6424778761061947 0.10855457227138643 0.15457227138643068
0 0.8873156342182891 0.5032448377581121 0.13333333333333333 0.09557522123893805
0 0.675811209439528 0.4212389380530973 0.19882005899705013 0.08849557522123894
0 0.5852507374631268 0.5398230088495575 0.10855457227138643 0.12979351032448377
0 0.5893805309734513 0.4663716814159292 0.0696165191740413 0.1351032448377581
0 0.5218289085545723 0.415929203539823 0.06312684365781711 0.04129793510324484
1 0.48525073746312686 0.5218289085545723 0.05368731563421829 0.027728613569321534
1 0.6938053097345133 0.2843657817109144 0.04601769911504425 0.058997050147492625
1 0.8433628318584071 0.3991150442477876 0.027728613569321534 0.04188790560471976
0 0.6135693215339233 0.6495575221238938 0.049557522123893805 0.10737463126843658
0 0.748377581120944 0.5687315634218288 0.03716814159292035 0.04837758112094395
