0 0.12448377581120944 0.1433628318584071 0.07551622418879056 0.10973451327433628
0 0.15781710914454278 0.31976401179941005 0.09026548672566372 0.05663716814159292
0 0.12507374631268436 0.5088495575221239 0.1215339233038348 0.08672566371681416
0 0.10914454277286136 0.6628318584070796 0.09557522123893805 0.17168141592920355
0 0.10412979351032448 0.7837758112094395 0.10088495575221239 0.17168141592920355
0 0.21150442477876105 0.8194690265486726 0.07492625368731563 0.13097345132743363
0 0.4640117994100295 0.8053097345132744 0.052507374631268436 0.0943952802359882
0 0.38259587020648966 0.6592920353982301 0.06548672566371681 0.12448377581120944
0 0.5041297935103245 0.636283185840708 0.16106194690265485 0.06548672566371681
0 0.6351032448377582 0.6849557522123894 0.10088495575221239 0.17581120943952802
0 0.7333333333333333 0.7442477876106195 0.0743362831858407 0.15634218289085544
0 0.7451327433628319 0.7005899705014749 0.05663716814159292 0.03952802359882006
0 0.5781710914454277 0.7935103244837758 0.10973451327433628 0.12625368731563422
1 0.3224188790560472 0.8026548672566372 0.03126843657817109 0.03716814159292035
1 0.24955752212389382 0.6761061946902654 0.03775811209439528 0.03657817109144543
1 0.24277286135693216 0.5563421828908555 0.03008849557522124 0.03421828908554572
0 0.4109144542772861 0.5404129793510324 0.06902654867256637 0.10501474926253687
1 0.5156342182890855 0.5174041297935104 0.04601769911504425 0.027138643067846607
1 0.671386430678466 0.5528023598820059 0.03657817109144543 0.024778761061946902
0 0.7699115044247787 0.5495575221238937 0.10383480825958702 0.052507374631268436
0 0.771976401179941 0.4085545722713864 0.07374631268436578 0.038348082595870206
1 0.15781710914454278 0.3991150442477876 0.027728613569321534 0.04188790560471976
0 0.3070796460176991 0.28230088495575223 0.05132743362831858 0.04424778761061947
0 0.28023598820059 0.12448377581120944 0.0967551622418879 0.058997050147492625
0 0.5035398230088496 0.115929203539823 0.08672566371681416 0.13628318584070798
0 0.6646017699115044 0.1383480825958702 0.08908554572271386 0.1823008849557522
0 0.8651917404129793 0.07876106194690266 0.12330383480825959 0.11032448377581121
0 0.6265486725663717 0.2519174041297935 0.06489675516224189 0.0943952802359882
0 0.5342182890855457 0.28820058997050146 0.17404129793510326 0.05132743362831858
0 0.6094395280235988 0.39882005899705014 0.11799410029498525 0.21002949852507374
0 0.32890855457227136 0.41002949852507375 0.1882005899705015 0.09085545722713864
0 0.4112094395280236 0.46135693215339235 0.07079646017699115 0.1191740412979351
1 0.479646017699115 0.41976401179941003 0.05191740412979351 0.03716814159292035
0 0.7740412979351032 0.23067846607669618 0.17463126843657817 0.10619469026548672
