0 0.3368731563421829 0.17522123893805308 0.08613569321533923 0.1663716814159292
0 0.2557522123893805 0.3321533923303835 0.08908554572271386 0.08613569321533923
0 0.2672566371681416 0.39233038348082594 0.06017699115044248 0.07551622418879056
0 0.25958702064896755 0.6528023598820059 0.08613569321533923 0.05368731563421829
0 0.2790560471976401 0.7510324483775811 0.17581120943952802 0.04837758112094395
0 0.22536873156342183 0.8843657817109144 0.1592920353982301 0.1168141592920354
0 0.33628318584070793 0.8616519174041298 0.06135693215339233 0.19174041297935102
0 0.46607669616519176 0.8436578171091446 0.15103244837758112 0.058997050147492625
0 0.4002949852507375 0.7410029498525074 0.11386430678466077 0.07551622418879056
0 0.4772861356932153 0.7156342182890856 0.16047197640117994 0.04837758112094395
0 0.391740412979351 0.6023598820058997 0.10737463126843658 0.19941002949852507
1 0.33067846607669615 0.47227138643067845 0.03008849557522124 0.05014749262536873
0 0.39764011799410026 0.20147492625368732 0.15339233038348082 0.11150442477876106
0 0.41327433628318583 0.4008849557522124 0.1374631268436578 0.11150442477876106
0 0.47227138643067845 0.4117994100294985 0.1480825958702065 0.11799410029498525
0 0.5079646017699115 0.5289085545722714 0.14277286135693215 0.13392330383480827
0 0.5221238938053098 0.5634218289085545 0.058997050147492625 0.030678466076696165
0 0.6687315634218289 0.8289085545722714 0.10206489675516224 0.11799410029498525
0 0.8519174041297934 0.8289085545722714 0.12625368731563422 0.08613569321533923
0 0.8469026548672566 0.684070796460177 0.057227138643067846 0.09616519174041298
0 0.7392330383480826 0.7424778761061946 0.13333333333333333 0.06548672566371681
0 0.6790560471976401 0.6348082595870206 0.10501474926253687 0.16283185840707964
0 0.587905604719764 0.5129793510324484 0.12212389380530973 0.07020648967551622
0 0.5433628318584071 0.47640117994100295 0.05663716814159292 0.05486725663716814
0 0.5430678466076696 0.19321533923303835 0.04070796460176991 0.07846607669616519
0 0.6377581120943953 0.3466076696165192 0.1168141592920354 0.14926253687315633
0 0.7412979351032448 0.4073746312684366 0.10088495575221239 0.10324483775811209
0 0.8233038348082595 0.4067846607669616 0.08436578171091445 0.11740412979351032
0 0.8663716814159292 0.18112094395280237 0.13392330383480827 0.143952802359882
0 0.7522123893805309 0.17935103244837758 0.0967551622418879 0.07787610619469026
0 0.7233038348082595 0.2825958702064897 0.0943952802359882 0.0696165191740413
1 0.6734513274336283 0.19498525073746312 0.028908554572271386 0.027728613569321534
1 0.8941002949852507 0.47227138643067845 0.033628318584070796 0.033628318584070796
0 0.8825958702064897 0.3548672566371681 0.10619469026548672 0.1799410029498525
