0 0.13156342182890857 0.3182890855457227 0.044837758112094395 0.0855457227138643
0 0.1415929203539823 0.7967551622418879 0.08141592920353982 0.03716814159292035
0 0.49911504424778763 0.7811209439528024 0.07315634218289085 0.058997050147492625
0 0.8445427728613569 0.8230088495575221 0.05486725663716814 0.0696165191740413
0 0.6837758112094395 0.6241887905604719 0.04837758112094395 0.06017699115044248
0 0.49380530973451325 0.6020648967551623 0.06135693215339233 0.06784660766961652
1 0.2415929203539823 0.19085545722713865 0.05368731563421829 0.0607669616519174
0 0.3584070796460177 0.46194690265486726 0.04896755162241888 0.05073746312684366
0 0.5289085545722714 0.4687315634218289 0.05958702064896755 0.07728613569321534
0 0.8519174041297934 0.5135693215339233 0.049557522123893805 0.07374631268436578
0 0.6908554572271386 0.3536873156342183 0.05663716814159292 0.061946902654867256
0 0.5495575221238937 0.33775811209439527 0.07846607669616519 0.06666666666666667
0 0.5200589970501475 0.25781710914454276 0.07256637168141593 0.06253687315634218
1 0.5374631268436578 0.11887905604719765 0.04247787610619469 0.04070796460176991
1 0.699410029498525 0.231858407079646 0.04896755162241888 0.058997050147492625
0 0.8545722713864307 0.2294985250737463 0.057227138643067846 0.05781710914454277
1 0.851622418879056 0.08938053097345133 0.04424778761061947 0.04188790560471976
0 0.23392330383480825 0.2887905604719764 0.09026548672566372 0.08436578171091445
0 0.12182890855457226 0.23628318584070795 0.06312684365781711 0.08672566371681416
0 0.371976401179941 0.7843657817109144 0.047787610619469026 0.08200589970501475
0 0.4061946902654867 0.0710914454277286 0.06548672566371681 0.061946902654867256
0 0.6970501474926254 0.5135693215339233 0.052507374631268436 0.0855457227138643
0 0.36194690265486723 0.6914454277286135 0.07138643067846608 0.06607669616519174
0 0.20265486725663717 0.8292035398230089 0.0831858407079646 0.08436578171091445
0 0.26253687315634217 0.05870206489675516 0.06135693215339233 0.07138643067846608
0 0.3631268436578171 0.36519174041297936 0.057227138643067846 0.10383480825958702
0 0.7050147492625368 0.8359882005899705 0.07315634218289085 0.071976401179941
0 0.35398230088495575 0.16430678466076695 0.10265486725663717 0.08908554572271386
0 0.11799410029498525 0.06017699115044248 0.05545722713864307 0.09557522123893805
0 0.08938053097345133 0.6572271386430678 0.11622418879056047 0.15693215339233038
0 0.22448377581120943 0.6793510324483776 0.06312684365781711 0.10914454277286136
0 0.1407079646017699 0.5436578171091445 0.0584070796460177 0.05368731563421829
0 0.2056047197640118 0.5539823008849557 0.08672566371681416 0.10619469026548672
0 0.8678466076696165 0.3828908554572271 0.04247787610619469 0.05191740412979351
0 0.675811209439528 0.05486725663716814 0.0855457227138643 0.058997050147492625
1 0.8466076696165191 0.6292035398230088 0.049557522123893805 0.043067846607669616
