0 0.10353982300884956 0.11769911504424779 0.03952802359882006 0.03716814159292035
0 0.10943952802359883 0.275811209439528 0.06666666666666667 0.0831858407079646
0 0.11179941002949853 0.42920353982300885 0.05604719764011799 0.04424778761061947
0 0.1303834808259587 0.6008849557522123 0.0471976401179941 0.05132743362831858
1 0.09911504424778761 0.7171091445427729 0.04247787610619469 0.04424778761061947
1 0.25545722713864305 0.8374631268436578 0.035398230088495575 0.0359882005899705
0 0.2646017699115044 0.744542772861357 0.04188790560471976 0.03775811209439528
0 0.3893805309734513 0.851622418879056 0.1392330383480826 0.1351032448377581
0 0.6554572271386431 0.7876106194690266 0.05073746312684366 0.09911504424778761
0 0.7825958702064897 0.8002949852507375 0.17522123893805308 0.07256637168141593
0 0.7687315634218289 0.6710914454277286 0.10619469026548672 0.1079646017699115
0 0.6846607669616519 0.675811209439528 0.05486725663716814 0.061946902654867256
0 0.5483775811209439 0.667551622418879 0.07728613569321534 0.07610619469026549
0 0.4277286135693215 0.7607669616519174 0.12271386430678466 0.11740412979351032
0 0.6634218289085546 0.5589970501474926 0.11032448377581121 0.09144542772861357
0 0.7831858407079646 0.5548672566371682 0.04542772861356932 0.057227138643067846
0 0.7896755162241887 0.4271386430678466 0.05014749262536873 0.0471976401179941
0 0.6973451327433628 0.43628318584070797 0.10265486725663717 0.09262536873156342
0 0.2672566371681416 0.4088495575221239 0.10029498525073746 0.08259587020648967
1 0.2312684365781711 0.2687315634218289 0.06489675516224189 0.05014749262536873
0 0.21415929203539824 0.12448377581120944 0.10383480825958702 0.08731563421828908
0 0.35398230088495575 0.10737463126843658 0.05545722713864307 0.04601769911504425
0 0.49498525073746313 0.13775811209439529 0.09557522123893805 0.14454277286135692
0 0.7734513274336283 0.16696165191740414 0.07669616519174041 0.08613569321533923
0 0.6905604719764011 0.3053097345132743 0.09852507374631268 0.07374631268436578
1 0.5 0.2814159292035398 0.05604719764011799 0.03657817109144543
0 0.3828908554572271 0.22330383480825958 0.049557522123893805 0.07610619469026549
1 0.5112094395280236 0.39469026548672564 0.06548672566371681 0.04365781710914454
0 0.3787610619469026 0.4551622418879056 0.07551622418879056 0.14454277286135692
1 0.5380530973451327 0.5215339233038347 0.05663716814159292 0.04837758112094395
0 0.11179941002949853 0.8404129793510324 0.057227138643067846 0.11858407079646018
0 0.41887905604719766 0.6032448377581121 0.12743362831858407 0.07610619469026549
0 0.7905604719764012 0.2799410029498525 0.05781710914454277 0.1351032448377581
0 0.6339233038348082 0.14129793510324484 0.08672566371681416 0.09970501474926254
0 0.5628318584070796 0.8348082595870207 0.08259587020648967 0.11445427728613569
0 0.2713864306784661 0.6141592920353982 0.09085545722713864 0.15457227138643068
