0 0.12861356932153392 0.3430678466076696 0.044837758112094395 0.0855457227138643
0 0.1392330383480826 0.8215339233038348 0.08141592920353982 0.03716814159292035
0 0.504424778761062 0.7935103244837758 0.07315634218289085 0.058997050147492625
0 0.8510324483775811 0.831858407079646 0.05486725663716814 0.0696165191740413
0 0.6849557522123894 0.6300884955752213 0.04837758112094395 0.06017699115044248
0 0.5117994100294985 0.6277286135693215 0.052507374631268436 0.071976401179941
0 0.3595870206489675 0.47787610619469023 0.04896755162241888 0.05073746312684366
0 0.5286135693215339 0.4755162241887906 0.058997050147492625 0.06371681415929203
0 0.8519174041297934 0.5171091445427729 0.049557522123893805 0.0808259587020649
0 0.6899705014749262 0.38348082595870203 0.05604719764011799 0.05781710914454277
0 0.5410029498525074 0.32949852507374633 0.06725663716814159 0.06548672566371681
0 0.5327433628318584 0.259882005899705 0.0471976401179941 0.06666666666666667
1 0.5374631268436578 0.11887905604719765 0.04247787610619469 0.04070796460176991
1 0.7064896755162242 0.2383480825958702 0.04896755162241888 0.058997050147492625
0 0.8533923303834808 0.2542772861356932 0.057227138643067846 0.05781710914454277
1 0.8533923303834808 0.0935103244837758 0.04424778761061947 0.04188790560471976
0 0.23008849557522124 0.3407079646017699 0.05663716814159292 0.10088495575221239
0 0.8563421828908554 0.656047197640118 0.05486725663716814 0.0471976401179941
0 0.12035398230088495 0.24424778761061947 0.06017699115044248 0.07079646017699115
0 0.371976401179941 0.7843657817109144 0.047787610619469026 0.08200589970501475
0 0.4056047197640118 0.07787610619469026 0.06430678466076696 0.07551622418879056
0 0.6970501474926254 0.5135693215339233 0.052507374631268436 0.0855457227138643
0 0.3705014749262537 0.6846607669616519 0.0696165191740413 0.08200589970501475
0 0.23539823008849559 0.8392330383480826 0.04601769911504425 0.09380530973451327
0 0.25722713864306784 0.06932153392330384 0.06135693215339233 0.07138643067846608
0 0.363716814159292 0.34749262536873154 0.05132743362831858 0.07905604719764012
0 0.6997050147492625 0.8209439528023599 0.05545722713864307 0.06548672566371681
0 0.3911504424778761 0.19823008849557522 0.10855457227138643 0.07315634218289085
0 0.6941002949852507 0.06460176991150443 0.0831858407079646 0.07610619469026549
0 0.10176991150442477 0.06253687315634218 0.05368731563421829 0.09321533923303835
0 0.11976401179941003 0.6752212389380531 0.058997050147492625 0.14926253687315633
0 0.21327433628318584 0.6946902654867256 0.06312684365781711 0.10914454277286136
0 0.13775811209439529 0.5306784660766961 0.061946902654867256 0.08200589970501475
0 0.22861356932153393 0.5483775811209439 0.05604719764011799 0.09380530973451327
0 0.8678466076696165 0.3828908554572271 0.04247787610619469 0.05191740412979351
0 0.2448377581120944 0.20442477876106194 0.0471976401179941 0.06430678466076696
