1 0.13156342182890857 0.11474926253687315 0.03303834808259587 0.02654867256637168
1 0.14985250737463127 0.22182890855457227 0.03303834808259587 0.03421828908554572
1 0.15339233038348082 0.3640117994100295 0.03185840707964602 0.035398230088495575
1 0.15781710914454278 0.4846607669616519 0.038348082595870206 0.027728613569321534
1 0.15988200589970503 0.6395280235988201 0.03893805309734513 0.030678466076696165
1 0.15899705014749263 0.8775811209439528 0.04070796460176991 0.038348082595870206
1 0.47345132743362833 0.8601769911504424 0.032448377581120944 0.024778761061946902
1 0.6345132743362831 0.856637168141593 0.028908554572271386 0.035398230088495575
1 0.7769911504424779 0.8536873156342183 0.025958702064896755 0.02359882005899705
1 0.8967551622418879 0.8575221238938053 0.03421828908554572 0.028908554572271386
1 0.31887905604719763 0.6525073746312684 0.043067846607669616 0.030678466076696165
1 0.48436578171091443 0.647787610619469 0.04837758112094395 0.025958702064896755
1 0.6292035398230088 0.6740412979351033 0.04188790560471976 0.028908554572271386
1 0.7849557522123893 0.6690265486725664 0.03126843657817109 0.02359882005899705
1 0.9026548672566371 0.6637168141592921 0.035398230088495575 0.025958702064896755
1 0.9156342182890855 0.5289085545722714 0.035398230088495575 0.03008849557522124
1 0.7660766961651917 0.5238938053097345 0.043067846607669616 0.022418879056047197
1 0.6224188790560472 0.49852507374631266 0.03657817109144543 0.029498525073746312
1 0.4631268436578171 0.4814159292035398 0.03775811209439528 0.021238938053097345
1 0.3129793510324484 0.4864306784660767 0.04070796460176991 0.028908554572271386
1 0.3117994100294985 0.37079646017699114 0.03952802359882006 0.03008849557522124
1 0.47404129793510325 0.376401179941003 0.04070796460176991 0.025958702064896755
1 0.615339233038348 0.3616519174041298 0.03775811209439528 0.027138643067846607
1 0.7563421828908554 0.37905604719764013 0.03185840707964602 0.02654867256637168
1 0.9085545722713864 0.3855457227138643 0.03185840707964602 0.028908554572271386
1 0.896165191740413 0.23716814159292035 0.03303834808259587 0.024778761061946902
1 0.7530973451327434 0.23008849557522124 0.032448377581120944 0.02359882005899705
1 0.6023598820058997 0.2342182890855457 0.04601769911504425 0.024778761061946902
1 0.45014749262536874 0.22595870206489677 0.03303834808259587 0.02359882005899705
1 0.29852507374631265 0.22418879056047197 0.03657817109144543 0.02359882005899705
1 0.28761061946902655 0.08259587020648967 0.04542772861356932 0.035398230088495575
1 0.4374631268436578 0.08731563421828908 0.04188790560471976 0.022418879056047197
1 0.5970501474926253 0.08820058997050148 0.03775811209439528 0.03716814159292035
1 0.7327433628318584 0.09793510324483776 0.03893805309734513 0.030678466076696165
1 0.8920353982300885 0.0952802359882006 0.03775811209439528 0.027728613569321534
1 0.31799410029498526 0.8625368731563422 0.030678466076696165 0.03303834808259587
