1 0.10471976401179942 0.13156342182890857 0.033628318584070796 0.03185840707964602
1 0.09970501474926254 0.3333333333333333 0.03421828908554572 0.02831858407079646
1 0.08967551622418879 0.47168141592920354 0.040117994100294985 0.02536873156342183
1 0.09498525073746313 0.616519174041298 0.03775811209439528 0.01887905604719764
1 0.10235988200589971 0.7622418879056048 0.03126843657817109 0.025958702064896755
1 0.10678466076696165 0.9056047197640118 0.03303834808259587 0.022418879056047197
1 0.268141592920354 0.8997050147492626 0.027728613569321534 0.029498525073746312
1 0.2430678466076696 0.7666666666666666 0.03303834808259587 0.027728613569321534
1 0.24188790560471976 0.6200589970501474 0.020058997050147492 0.024778761061946902
1 0.23392330383480825 0.47227138643067845 0.03008849557522124 0.023008849557522124
1 0.21769911504424777 0.3274336283185841 0.03421828908554572 0.024778761061946902
1 0.22979351032448378 0.14985250737463127 0.03126843657817109 0.022418879056047197
1 0.38495575221238937 0.14778761061946902 0.028908554572271386 0.033628318584070796
1 0.37256637168141593 0.3247787610619469 0.04070796460176991 0.03008849557522124
1 0.38082595870206487 0.49616519174041296 0.03008849557522124 0.03421828908554572
1 0.3864306784660767 0.6368731563421829 0.03421828908554572 0.02536873156342183
1 0.39646017699115044 0.7646017699115044 0.03775811209439528 0.02831858407079646
1 0.40825958702064896 0.9129793510324483 0.04601769911504425 0.03008849557522124
1 0.5628318584070796 0.9106194690265487 0.03303834808259587 0.027728613569321534
1 0.5498525073746312 0.772566371681416 0.030678466076696165 0.024188790560471976
1 0.528023598820059 0.6224188790560472 0.03657817109144543 0.029498525073746312
1 0.5345132743362832 0.51976401179941 0.03421828908554572 0.03421828908554572
1 0.5185840707964602 0.3495575221238938 0.03303834808259587 0.027728613569321534
1 0.5389380530973451 0.14690265486725662 0.03716814159292035 0.03421828908554572
1 0.8433628318584071 0.12123893805309735 0.04188790560471976 0.03008849557522124
1 0.6752212389380531 0.34365781710914456 0.04188790560471976 0.028908554572271386
1 0.8433628318584071 0.3595870206489675 0.04070796460176991 0.024188790560471976
1 0.6834808259587021 0.5097345132743363 0.032448377581120944 0.024778761061946902
1 0.8436578171091446 0.5182890855457227 0.035398230088495575 0.03126843657817109
1 0.6893805309734513 0.6274336283185841 0.04424778761061947 0.03008849557522124
1 0.8469026548672566 0.6336283185840708 0.03126843657817109 0.025958702064896755
1 0.7044247787610619 0.775811209439528 0.04129793510324484 0.029498525073746312
1 0.8504424778761062 0.7793510324483776 0.03480825958702065 0.035398230088495575
1 0.7109144542772862 0.915929203539823 0.03775811209439528 0.03008849557522124
1 0.8725663716814159 0.8941002949852507 0.035398230088495575 0.03480825958702065
1 0.6899705014749262 0.1433628318584071 0.03008849557522124 0.049557522123893805
