0 0.12684365781710916 0.08259587020648967 0.15221238938053097 0.10737463126843658
0 0.33303834808259586 0.1327433628318584 0.07610619469026549 0.19469026548672566
0 0.37728613569321534 0.24601769911504423 0.06312684365781711 0.09321533923303835
0 0.49144542772861355 0.11238938053097344 0.08613569321533923 0.1398230088495575
0 0.6882005899705015 0.11415929203539824 0.13864306784660768 0.11268436578171091
0 0.8622418879056047 0.14926253687315633 0.09970501474926254 0.1168141592920354
0 0.852212389380531 0.31474926253687313 0.10206489675516224 0.052507374631268436
0 0.47581120943952804 0.2867256637168142 0.15516224188790562 0.05663716814159292
0 0.22507374631268437 0.40412979351032446 0.08908554572271386 0.05309734513274336
0 0.22241887905604718 0.5563421828908555 0.0943952802359882 0.0471976401179941
0 0.25250737463126843 0.7017699115044248 0.04837758112094395 0.05014749262536873
0 0.252212389380531 0.7469026548672566 0.07492625368731563 0.1640117994100295
0 0.37138643067846605 0.6902654867256637 0.10324483775811209 0.18525073746312684
0 0.39410029498525073 0.4008849557522124 0.0920353982300885 0.2
1 0.3256637168141593 0.5607669616519174 0.04837758112094395 0.03480825958702065
0 0.4982300884955752 0.636283185840708 0.19410029498525072 0.06548672566371681
0 0.4224188790560472 0.7949852507374631 0.1191740412979351 0.13392330383480827
0 0.5365781710914455 0.8091445427728613 0.043067846607669616 0.08436578171091445
0 0.7949852507374631 0.8218289085545722 0.0855457227138643 0.15103244837758112
0 0.8932153392330383 0.7825958702064897 0.1168141592920354 0.1823008849557522
1 0.6699115044247788 0.8064896755162242 0.03126843657817109 0.03185840707964602
1 0.7504424778761062 0.6775811209439528 0.03775811209439528 0.027728613569321534
1 0.7569321533923303 0.5589970501474926 0.027138643067846607 0.03952802359882006
0 0.8914454277286136 0.6392330383480825 0.0967551622418879 0.16106194690265485
0 0.8873156342182891 0.5032448377581121 0.13333333333333333 0.09557522123893805
0 0.675811209439528 0.4212389380530973 0.19882005899705013 0.08849557522123894
0 0.5852507374631268 0.5398230088495575 0.10855457227138643 0.12979351032448377
0 0.5893805309734513 0.4663716814159292 0.0696165191740413 0.1351032448377581
0 0.5218289085545723 0.415929203539823 0.06312684365781711 0.04129793510324484
1 0.48584070796460177 0.5176991150442478 0.05368731563421829 0.027728613569321534
1 0.6938053097345133 0.2843657817109144 0.04601769911504425 0.058997050147492625
1 0.8433628318584071 0.3991150442477876 0.027728613569321534 0.04188790560471976
0 0.22861356932153393 0.21474926253687315 0.17758112094395279 0.15575221238938053
0 0.6191740412979351 0.6604719764011799 0.061946902654867256 0.12920353982300886
