1 0.12566371681415928 0.07640117994100296 0.049557522123893805 0.03716814159292035
1 0.13244837758112094 0.22979351032448378 0.04188790560471976 0.047787610619469026
0 0.1336283185840708 0.4492625368731563 0.052507374631268436 0.043067846607669616
1 0.10678466076696165 0.5787610619469027 0.035398230088495575 0.0471976401179941
1 0.10471976401179942 0.7168141592920354 0.04188790560471976 0.027138643067846607
1 0.08849557522123894 0.9088495575221239 0.035398230088495575 0.05014749262536873
0 0.25663716814159293 0.9179941002949852 0.0471976401179941 0.05545722713864307
1 0.4575221238938053 0.9238938053097345 0.03716814159292035 0.03775811209439528
1 0.6144542772861357 0.891740412979351 0.052507374631268436 0.03716814159292035
1 0.796165191740413 0.891740412979351 0.04070796460176991 0.03952802359882006
1 0.9657817109144543 0.7067846607669617 0.0471976401179941 0.044837758112094395
1 0.7377581120943952 0.743952802359882 0.032448377581120944 0.03657817109144543
1 0.5997050147492625 0.752802359882006 0.032448377581120944 0.03421828908554572
0 0.9492625368731563 0.8418879056047197 0.044837758112094395 0.03421828908554572
1 0.4194690265486726 0.7946902654867256 0.04247787610619469 0.0471976401179941
1 0.25486725663716814 0.7424778761061946 0.05073746312684366 0.06312684365781711
1 0.4575221238938053 0.6389380530973451 0.052507374631268436 0.03657817109144543
1 0.25486725663716814 0.5799410029498525 0.029498525073746312 0.0471976401179941
1 0.259882005899705 0.39144542772861357 0.043067846607669616 0.043067846607669616
1 0.2542772861356932 0.215929203539823 0.04247787610619469 0.03775811209439528
1 0.28053097345132744 0.08171091445427728 0.052507374631268436 0.04188790560471976
1 0.47699115044247786 0.07492625368731563 0.04424778761061947 0.03893805309734513
1 0.41622418879056045 0.2519174041297935 0.04542772861356932 0.049557522123893805
1 0.46135693215339235 0.4480825958702065 0.05781710914454277 0.04896755162241888
1 0.6463126843657817 0.3979351032448378 0.052507374631268436 0.05368731563421829
1 0.608259587020649 0.5740412979351033 0.03893805309734513 0.035398230088495575
0 0.7814159292035399 0.5864306784660767 0.04188790560471976 0.03893805309734513
1 0.9315634218289085 0.5861356932153392 0.03775811209439528 0.03952802359882006
0 0.967551622418879 0.4212389380530973 0.03893805309734513 0.06253687315634218
1 0.7825958702064897 0.41002949852507375 0.03952802359882006 0.027138643067846607
0 0.6106194690265486 0.23333333333333334 0.03657817109144543 0.07728613569321534
0 0.6469026548672566 0.11032448377581121 0.0359882005899705 0.06253687315634218
1 0.7412979351032448 0.2368731563421829 0.038348082595870206 0.04070796460176991
1 0.915929203539823 0.231858407079646 0.03008849557522124 0.04365781710914454
1 0.7958702064896755 0.11504424778761062 0.025958702064896755 0.06371681415929203
0 0.8979351032448377 0.06666666666666667 0.044837758112094395 0.03775811209439528
