1 0.06224188790560472 0.1463126843657817 0.03008849557522124 0.024778761061946902
1 0.1882005899705015 0.1808259587020649 0.03775811209439528 0.032448377581120944
1 0.06460176991150443 0.45663716814159294 0.038348082595870206 0.02831858407079646
1 0.25958702064896755 0.6958702064896755 0.035398230088495575 0.028908554572271386
1 0.24955752212389382 0.8324483775811209 0.035398230088495575 0.04601769911504425
1 0.24778761061946902 0.5896755162241888 0.025958702064896755 0.027728613569321534
0 0.2271386430678466 0.32123893805309733 0.03303834808259587 0.03480825958702065
0 0.06666666666666667 0.3100294985250737 0.03185840707964602 0.03126843657817109
0 0.07168141592920355 0.8368731563421828 0.04188790560471976 0.04424778761061947
1 0.41297935103244837 0.8144542772861357 0.049557522123893805 0.03126843657817109
1 0.3973451327433628 0.7312684365781711 0.04188790560471976 0.032448377581120944
1 0.3926253687315634 0.5805309734513274 0.038348082595870206 0.027138643067846607
1 0.3693215339233038 0.46430678466076697 0.03421828908554572 0.04601769911504425
0 0.2377581120943953 0.44011799410029495 0.035398230088495575 0.03775811209439528
1 0.5227138643067847 0.14041297935103245 0.03421828908554572 0.03421828908554572
0 0.3663716814159292 0.16017699115044248 0.03303834808259587 0.03952802359882006
1 0.5445427728613569 0.28466076696165193 0.04837758112094395 0.028908554572271386
1 0.5483775811209439 0.4410029498525074 0.038348082595870206 0.028908554572271386
1 0.5530973451327433 0.5761061946902655 0.03126843657817109 0.028908554572271386
0 0.5557522123893806 0.6722713864306784 0.03775811209439528 0.04188790560471976
0 0.547787610619469 0.8716814159292036 0.03716814159292035 0.038348082595870206
1 0.6970501474926254 0.8589970501474926 0.04188790560471976 0.049557522123893805
1 0.8861356932153392 0.8769911504424779 0.04129793510324484 0.043067846607669616
1 0.863716814159292 0.703834808259587 0.03893805309734513 0.03775811209439528
1 0.7073746312684366 0.6985250737463127 0.03303834808259587 0.027138643067846607
1 0.7085545722713864 0.5970501474926253 0.040117994100294985 0.044837758112094395
0 0.8569321533923304 0.5554572271386431 0.04070796460176991 0.038348082595870206
0 0.8634218289085546 0.4640117994100295 0.03008849557522124 0.04070796460176991
1 0.7085545722713864 0.43539823008849554 0.03303834808259587 0.02359882005899705
0 0.6707964601769911 0.3058997050147493 0.03185840707964602 0.05014749262536873
1 0.8778761061946903 0.30619469026548674 0.0471976401179941 0.03775811209439528
0 0.8604719764011799 0.09292035398230089 0.043067846607669616 0.032448377581120944
1 0.6982300884955752 0.11946902654867256 0.03008849557522124 0.02654867256637168
1 0.06047197640117994 0.587315634218289 0.038348082595870206 0.032448377581120944
0 0.07728613569321534 0.7032448377581121 0.03421828908554572 0.03657817109144543
0 0.37374631268436576 0.34365781710914456 0.03126843657817109 0.03952802359882006
