0 0.1911504424778761 0.20442477876106194 0.11563421828908554 0.07728613569321534
0 0.20825958702064895 0.2710914454277286 0.06607669616519174 0.12212389380530973
0 0.15752212389380532 0.34129793510324485 0.07079646017699115 0.0808259587020649
0 0.1407079646017699 0.6342182890855457 0.1480825958702065 0.15103244837758112
0 0.09026548672566372 0.7823008849557522 0.08377581120943953 0.18171091445427728
0 0.2849557522123894 0.8289085545722714 0.08259587020648967 0.10029498525073746
1 0.32831858407079645 0.803834808259587 0.03008849557522124 0.03126843657817109
0 0.4575221238938053 0.8050147492625369 0.033628318584070796 0.07610619469026549
0 0.5740412979351033 0.7510324483775811 0.16519174041297935 0.14513274336283186
0 0.6811209439528023 0.7870206489675516 0.10088495575221239 0.16047197640117994
0 0.7292035398230088 0.6533923303834808 0.09557522123893805 0.12094395280235988
0 0.5899705014749262 0.6359882005899705 0.17581120943952802 0.07315634218289085
0 0.5309734513274336 0.5908554572271386 0.16283185840707964 0.10324483775811209
0 0.3858407079646018 0.663126843657817 0.058997050147492625 0.12979351032448377
0 0.26017699115044246 0.6882005899705015 0.07787610619469026 0.09852507374631268
0 0.16991150442477876 0.5351032448377581 0.09557522123893805 0.10973451327433628
1 0.07640117994100296 0.4893805309734513 0.03008849557522124 0.02654867256637168
0 0.2713864306784661 0.5501474926253688 0.10737463126843658 0.1929203539823009
0 0.3271386430678466 0.17315634218289086 0.09026548672566372 0.12330383480825959
0 0.3035398230088496 0.287905604719764 0.10324483775811209 0.18997050147492625
0 0.33421828908554574 0.4430678466076696 0.10206489675516224 0.1191740412979351
0 0.47522123893805307 0.5035398230088496 0.1823008849557522 0.06312684365781711
0 0.7141592920353982 0.11327433628318584 0.10206489675516224 0.1415929203539823
0 0.5303834808259587 0.15398230088495574 0.12743362831858407 0.06017699115044248
0 0.6705014749262537 0.1846607669616519 0.17404129793510326 0.06725663716814159
0 0.7008849557522123 0.24867256637168142 0.20058997050147492 0.10324483775811209
0 0.7398230088495575 0.35339233038348083 0.09557522123893805 0.04837758112094395
0 0.5176991150442478 0.2908554572271386 0.14454277286135692 0.05663716814159292
0 0.6200589970501474 0.31150442477876106 0.08613569321533923 0.10855457227138643
0 0.40648967551622417 0.3973451327433628 0.08141592920353982 0.11268436578171091
0 0.5666666666666667 0.4283185840707965 0.21651917404129795 0.054277286135693215
0 0.47640117994100295 0.43480825958702063 0.05368731563421829 0.024778761061946902
0 0.6418879056047198 0.5392330383480826 0.035398230088495575 0.07079646017699115
0 0.6949852507374631 0.5070796460176991 0.05781710914454277 0.07492625368731563
