0 0.12507374631268436 0.32123893805309733 0.044837758112094395 0.0855457227138643
0 0.1415929203539823 0.7985250737463127 0.08141592920353982 0.03716814159292035
0 0.5073746312684366 0.7828908554572271 0.07315634218289085 0.058997050147492625
0 0.8463126843657817 0.8247787610619469 0.05486725663716814 0.0696165191740413
0 0.6808259587020649 0.6244837758112094 0.05781710914454277 0.0607669616519174
0 0.4893805309734513 0.6026548672566372 0.07138643067846608 0.061946902654867256
1 0.2415929203539823 0.19085545722713865 0.05368731563421829 0.0607669616519174
0 0.3584070796460177 0.46194690265486726 0.04896755162241888 0.05073746312684366
0 0.5289085545722714 0.4687315634218289 0.05958702064896755 0.07728613569321534
0 0.8519174041297934 0.5135693215339233 0.049557522123893805 0.07374631268436578
0 0.6887905604719764 0.35339233038348083 0.05132743362831858 0.06843657817109144
0 0.5483775811209439 0.3398230088495575 0.07256637168141593 0.05545722713864307
0 0.5227138643067847 0.25899705014749264 0.08023598820058997 0.06253687315634218
1 0.5374631268436578 0.11887905604719765 0.04247787610619469 0.04070796460176991
0 0.8498525073746312 0.231858407079646 0.057227138643067846 0.05781710914454277
1 0.852212389380531 0.08820058997050148 0.04424778761061947 0.04188790560471976
0 0.20324483775811208 0.2973451327433628 0.09144542772861357 0.13451327433628318
0 0.8551622418879056 0.6312684365781711 0.05486725663716814 0.0471976401179941
0 0.11061946902654868 0.23156342182890854 0.0855457227138643 0.07728613569321534
0 0.371976401179941 0.7843657817109144 0.047787610619469026 0.08200589970501475
0 0.4050147492625369 0.04601769911504425 0.06548672566371681 0.06253687315634218
0 0.6970501474926254 0.5135693215339233 0.052507374631268436 0.0855457227138643
0 0.3648967551622419 0.6846607669616519 0.07492625368731563 0.08200589970501475
0 0.19498525073746312 0.827433628318584 0.09616519174041298 0.08908554572271386
0 0.23539823008849559 0.03510324483775811 0.07905604719764012 0.061946902654867256
0 0.3631268436578171 0.37168141592920356 0.057227138643067846 0.10383480825958702
0 0.7050147492625368 0.8359882005899705 0.07315634218289085 0.071976401179941
0 0.36047197640117995 0.1616519174041298 0.08613569321533923 0.09911504424778761
0 0.11976401179941003 0.059882005899705014 0.058997050147492625 0.09616519174041298
0 0.07758112094395281 0.6539823008849558 0.1398230088495575 0.1504424778761062
0 0.22920353982300884 0.6858407079646017 0.06312684365781711 0.10914454277286136
0 0.14188790560471976 0.5294985250737463 0.0584070796460177 0.05368731563421829
0 0.20619469026548673 0.551622418879056 0.08790560471976401 0.10147492625368731
0 0.8678466076696165 0.3828908554572271 0.04247787610619469 0.05191740412979351
0 0.6690265486725664 0.054277286135693215 0.10855457227138643 0.05191740412979351
0 0.6929203539823009 0.22772861356932153 0.06548672566371681 0.03775811209439528
