1 0.13215339233038348 0.09085545722713864 0.05545722713864307 0.049557522123893805
0 0.14277286135693215 0.25014749262536873 0.06489675516224189 0.04601769911504425
0 0.12684365781710916 0.4200589970501475 0.08141592920353982 0.0471976401179941
1 0.1191740412979351 0.5530973451327433 0.05545722713864307 0.043067846607669616
1 0.12123893805309735 0.6592920353982301 0.05132743362831858 0.061946902654867256
1 0.10943952802359883 0.8407079646017699 0.04896755162241888 0.04247787610619469
1 0.22979351032448378 0.8926253687315634 0.07492625368731563 0.04365781710914454
0 0.2607669616519174 0.6474926253687315 0.05309734513274336 0.07728613569321534
1 0.2592920353982301 0.5749262536873156 0.04188790560471976 0.03008849557522124
0 0.2952802359882006 0.3805309734513274 0.07728613569321534 0.08377581120943953
1 0.26666666666666666 0.25899705014749264 0.04837758112094395 0.035398230088495575
0 0.28230088495575223 0.08672566371681416 0.04070796460176991 0.03893805309734513
0 0.34277286135693213 0.0967551622418879 0.035398230088495575 0.03303834808259587
0 0.3943952802359882 0.25014749262536873 0.057227138643067846 0.06371681415929203
0 0.5079646017699115 0.11799410029498525 0.03775811209439528 0.035398230088495575
1 0.5224188790560472 0.2575221238938053 0.06430678466076696 0.03952802359882006
0 0.463716814159292 0.4073746312684366 0.0471976401179941 0.09026548672566372
0 0.40176991150442476 0.58023598820059 0.04601769911504425 0.07728613569321534
0 0.4324483775811209 0.7079646017699115 0.09911504424778761 0.058997050147492625
0 0.3905604719764012 0.8336283185840708 0.05191740412979351 0.08495575221238938
1 0.5710914454277286 0.9002949852507375 0.04601769911504425 0.04365781710914454
0 0.6982300884955752 0.9029498525073746 0.05132743362831858 0.07492625368731563
0 0.8297935103244838 0.8787610619469026 0.07846607669616519 0.0607669616519174
0 0.8392330383480826 0.7 0.08908554572271386 0.07492625368731563
0 0.5799410029498525 0.6905604719764011 0.05073746312684366 0.05368731563421829
1 0.6725663716814159 0.6908554572271386 0.05781710914454277 0.04837758112094395
0 0.5607669616519174 0.5356932153392331 0.05486725663716814 0.04601769911504425
1 0.6817109144542772 0.5489675516224188 0.0607669616519174 0.05132743362831858
0 0.8501474926253687 0.58023598820059 0.06371681415929203 0.07492625368731563
0 0.5622418879056047 0.4218289085545723 0.0471976401179941 0.09793510324483776
1 0.703834808259587 0.4088495575221239 0.06607669616519174 0.04837758112094395
1 0.8507374631268436 0.4451327433628319 0.05309734513274336 0.04070796460176991
0 0.8581120943952802 0.22123893805309736 0.05604719764011799 0.08259587020648967
1 0.7103244837758111 0.24041297935103245 0.05781710914454277 0.05486725663716814
1 0.7268436578171091 0.10235988200589971 0.04601769911504425 0.03952802359882006
0 0.8657817109144542 0.08436578171091445 0.05604719764011799 0.049557522123893805
