0 0.3368731563421829 0.17522123893805308 0.08613569321533923 0.1663716814159292
0 0.2557522123893805 0.3321533923303835 0.08908554572271386 0.08613569321533923
0 0.2657817109144543 0.4014749262536873 0.057227138643067846 0.057227138643067846
0 0.25958702064896755 0.6528023598820059 0.08613569321533923 0.05368731563421829
0 0.28820058997050146 0.8935103244837758 0.12566371681415928 0.1398230088495575
0 0.46607669616519176 0.8436578171091446 0.15103244837758112 0.058997050147492625
0 0.4772861356932153 0.7156342182890856 0.16047197640117994 0.04837758112094395
0 0.39410029498525073 0.6029498525073747 0.0920353982300885 0.1911504424778761
1 0.33067846607669615 0.47227138643067845 0.03008849557522124 0.05014749262536873
0 0.39764011799410026 0.20147492625368732 0.15339233038348082 0.11150442477876106
0 0.4085545722713864 0.3646017699115044 0.16814159292035397 0.07079646017699115
0 0.47227138643067845 0.4117994100294985 0.1480825958702065 0.11799410029498525
0 0.5079646017699115 0.5289085545722714 0.14277286135693215 0.13392330383480827
0 0.5221238938053098 0.5634218289085545 0.058997050147492625 0.030678466076696165
0 0.6687315634218289 0.8289085545722714 0.10206489675516224 0.11799410029498525
0 0.8415929203539823 0.7967551622418879 0.09026548672566372 0.06902654867256637
0 0.8501474926253687 0.647787610619469 0.071976401179941 0.07315634218289085
0 0.7392330383480826 0.7424778761061946 0.13333333333333333 0.06548672566371681
0 0.6793510324483776 0.6256637168141593 0.11268436578171091 0.17876106194690267
0 0.5430678466076696 0.19321533923303835 0.04070796460176991 0.07846607669616519
0 0.6132743362831858 0.33952802359882006 0.06784660766961652 0.1351032448377581
0 0.8233038348082595 0.4067846607669616 0.08436578171091445 0.11740412979351032
0 0.8663716814159292 0.18112094395280237 0.13392330383480827 0.143952802359882
0 0.7404129793510325 0.2088495575221239 0.08141592920353982 0.1368731563421829
0 0.7407079646017699 0.30442477876106194 0.0808259587020649 0.11327433628318584
1 0.6734513274336283 0.19498525073746312 0.028908554572271386 0.027728613569321534
1 0.9277286135693216 0.5017699115044247 0.033628318584070796 0.033628318584070796
0 0.8825958702064897 0.3548672566371681 0.10619469026548672 0.1799410029498525
0 0.7064896755162242 0.43569321533923305 0.10206489675516224 0.20235988200589972
0 0.2663716814159292 0.7507374631268436 0.11150442477876106 0.10324483775811209
0 0.3224188790560472 0.8082595870206489 0.13392330383480827 0.035398230088495575
0 0.35929203539823007 0.7194690265486725 0.10501474926253687 0.12448377581120944
0 0.571976401179941 0.5445427728613569 0.0855457227138643 0.10737463126843658
0 0.5846607669616519 0.5510324483775811 0.11563421828908554 0.10737463126843658
