1 0.10176991150442477 0.0663716814159292 0.04070796460176991 0.032448377581120944
1 0.08377581120943953 0.2303834808259587 0.02831858407079646 0.04070796460176991
1 0.07138643067846608 0.588495575221239 0.035398230088495575 0.038348082595870206
1 0.034513274336283185 0.7056047197640118 0.04542772861356932 0.049557522123893805
1 0.04837758112094395 0.851622418879056 0.04129793510324484 0.03008849557522124
1 0.20619469026548673 0.8943952802359882 0.04070796460176991 0.03657817109144543
1 0.384070796460177 0.8911504424778761 0.05781710914454277 0.043067846607669616
1 0.543952802359882 0.9271386430678465 0.04247787610619469 0.03716814159292035
1 0.9123893805309734 0.9106194690265487 0.04424778761061947 0.05132743362831858
0 0.743952802359882 0.9182890855457227 0.05073746312684366 0.06312684365781711
0 0.26135693215339234 0.7469026548672566 0.040117994100294985 0.040117994100294985
1 0.40058997050147493 0.7522123893805309 0.035398230088495575 0.04129793510324484
1 0.5793510324483776 0.7949852507374631 0.03893805309734513 0.052507374631268436
1 0.7418879056047197 0.7383480825958701 0.04424778761061947 0.057227138643067846
1 0.8973451327433628 0.7168141592920354 0.03775811209439528 0.035398230088495575
1 0.8941002949852507 0.5752212389380531 0.04424778761061947 0.04601769911504425
1 0.7457227138643068 0.5790560471976401 0.03185840707964602 0.04542772861356932
1 0.543952802359882 0.6389380530973451 0.05191740412979351 0.03421828908554572
1 0.3887905604719764 0.5769911504424778 0.04601769911504425 0.03657817109144543
0 0.22123893805309736 0.5849557522123894 0.044837758112094395 0.03952802359882006
0 0.033628318584070796 0.4218289085545723 0.0471976401179941 0.06725663716814159
0 0.3519174041297935 0.11238938053097344 0.043067846607669616 0.05604719764011799
1 0.20589970501474925 0.11563421828908554 0.03421828908554572 0.06843657817109144
1 0.25604719764011796 0.23392330383480825 0.035398230088495575 0.03716814159292035
1 0.2135693215339233 0.4126843657817109 0.03893805309734513 0.03008849557522124
1 0.3584070796460177 0.39882005899705014 0.04542772861356932 0.044837758112094395
1 0.5356932153392331 0.44837758112094395 0.04601769911504425 0.04601769911504425
1 0.7386430678466076 0.39233038348082594 0.04365781710914454 0.04247787610619469
1 0.8728613569321534 0.45545722713864306 0.06548672566371681 0.0471976401179941
1 0.7430678466076696 0.21474926253687315 0.04424778761061947 0.03303834808259587
1 0.5820058997050147 0.24926253687315633 0.04424778761061947 0.04424778761061947
1 0.5194690265486726 0.0728613569321534 0.04070796460176991 0.04070796460176991
1 0.7182890855457227 0.08141592920353982 0.052507374631268436 0.049557522123893805
0 0.8781710914454277 0.07787610619469026 0.052507374631268436 0.0471976401179941
1 0.8669616519174042 0.2303834808259587 0.04070796460176991 0.03952802359882006
0 0.387905604719764 0.23244837758112094 0.027728613569321534 0.06843657817109144
