0 0.18436578171091444 0.20294985250737463 0.11150442477876106 0.07787610619469026
0 0.15634218289085544 0.34601769911504426 0.08495575221238938 0.07728613569321534
0 0.12094395280235988 0.6539823008849558 0.10855457227138643 0.1823008849557522
0 0.13421828908554573 0.8230088495575221 0.12684365781710916 0.14277286135693215
0 0.17522123893805308 0.5902654867256637 0.08259587020648967 0.11504424778761062
0 0.26194690265486725 0.6932153392330384 0.08141592920353982 0.10619469026548672
0 0.25545722713864305 0.7893805309734513 0.08377581120943953 0.13097345132743363
0 0.4592920353982301 0.8094395280235989 0.038348082595870206 0.08141592920353982
0 0.6017699115044248 0.7982300884955752 0.14985250737463127 0.1168141592920354
0 0.6672566371681415 0.8294985250737463 0.08613569321533923 0.1640117994100295
0 0.7353982300884956 0.5982300884955752 0.07138643067846608 0.05545722713864307
0 0.7404129793510325 0.6539823008849558 0.0943952802359882 0.12448377581120944
0 0.5905604719764012 0.6368731563421829 0.1663716814159292 0.06902654867256637
0 0.39321533923303836 0.6660766961651917 0.06312684365781711 0.13097345132743363
0 0.2976401179941003 0.5610619469026549 0.08672566371681416 0.18761061946902655
1 0.3271386430678466 0.8070796460176991 0.027728613569321534 0.035398230088495575
1 0.07817109144542772 0.4970501474926254 0.04070796460176991 0.028908554572271386
0 0.3274336283185841 0.17551622418879056 0.0943952802359882 0.12684365781710916
0 0.26991150442477874 0.25486725663716814 0.12330383480825959 0.06843657817109144
0 0.31327433628318585 0.3672566371681416 0.10501474926253687 0.19174041297935102
0 0.4135693215339233 0.4415929203539823 0.1191740412979351 0.10088495575221239
0 0.42861356932153394 0.45663716814159294 0.08672566371681416 0.10501474926253687
0 0.49085545722713864 0.4766961651917404 0.14277286135693215 0.13215339233038348
0 0.4749262536873156 0.4359882005899705 0.058997050147492625 0.024778761061946902
0 0.5380530973451327 0.591740412979351 0.1710914454277286 0.10501474926253687
0 0.528023598820059 0.15427728613569322 0.1415929203539823 0.07492625368731563
0 0.7044247787610619 0.10058997050147492 0.1191740412979351 0.1351032448377581
0 0.6764011799410029 0.184070796460177 0.13864306784660768 0.049557522123893805
0 0.7548672566371681 0.25162241887905606 0.07374631268436578 0.12212389380530973
0 0.5230088495575221 0.2837758112094395 0.15988200589970503 0.05781710914454277
0 0.6536873156342182 0.2820058997050148 0.14277286135693215 0.1392330383480826
0 0.7418879056047197 0.35162241887905604 0.07846607669616519 0.049557522123893805
0 0.6050147492625368 0.40294985250737464 0.10088495575221239 0.20176991150442478
1 0.6663716814159292 0.5182890855457227 0.038348082595870206 0.06784660766961652
