0 0.13952802359882005 0.14454277286135692 0.1056047197640118 0.11209439528023599
0 0.15073746312684366 0.3182890855457227 0.10442477876106195 0.05368731563421829
0 0.11445427728613569 0.5058997050147492 0.1215339233038348 0.08672566371681416
0 0.10265486725663717 0.6530973451327433 0.09911504424778761 0.1911504424778761
0 0.10412979351032448 0.7837758112094395 0.10088495575221239 0.17168141592920355
0 0.20235988200589972 0.7908554572271387 0.09557522123893805 0.13156342182890857
0 0.46106194690265484 0.8100294985250738 0.052507374631268436 0.0943952802359882
0 0.38259587020648966 0.6592920353982301 0.06548672566371681 0.12448377581120944
0 0.5041297935103245 0.636283185840708 0.16106194690265485 0.06548672566371681
0 0.6286135693215339 0.6837758112094395 0.10088495575221239 0.17581120943952802
0 0.7333333333333333 0.7442477876106195 0.0743362831858407 0.15634218289085544
0 0.743952802359882 0.7005899705014749 0.05663716814159292 0.03952802359882006
0 0.5861356932153392 0.8109144542772861 0.12566371681415928 0.11386430678466077
1 0.32595870206489674 0.8061946902654867 0.03126843657817109 0.03716814159292035
1 0.24955752212389382 0.6761061946902654 0.03775811209439528 0.03657817109144543
1 0.24277286135693216 0.5563421828908555 0.03008849557522124 0.03421828908554572
0 0.41622418879056045 0.5436578171091445 0.07964601769911504 0.11150442477876106
1 0.5185840707964602 0.5203539823008849 0.04601769911504425 0.027138643067846607
1 0.6769911504424778 0.5731563421828908 0.04542772861356932 0.047787610619469026
0 0.7764011799410029 0.5513274336283186 0.10383480825958702 0.052507374631268436
0 0.771976401179941 0.4044247787610619 0.07374631268436578 0.038348082595870206
1 0.15781710914454278 0.3991150442477876 0.027728613569321534 0.04188790560471976
0 0.3070796460176991 0.28230088495575223 0.05132743362831858 0.04424778761061947
0 0.3112094395280236 0.13539823008849558 0.13628318584070798 0.16460176991150444
0 0.5067846607669616 0.10530973451327433 0.08023598820058997 0.15752212389380532
0 0.6634218289085546 0.12359882005899706 0.09144542772861357 0.21179941002949854
0 0.8740412979351032 0.08879056047197639 0.1480825958702065 0.09498525073746313
0 0.6265486725663717 0.2519174041297935 0.06489675516224189 0.0943952802359882
0 0.5342182890855457 0.28820058997050146 0.17404129793510326 0.05132743362831858
0 0.6094395280235988 0.39882005899705014 0.11799410029498525 0.21002949852507374
0 0.32654867256637166 0.4153392330383481 0.1882005899705015 0.09085545722713864
0 0.4112094395280236 0.46135693215339235 0.07079646017699115 0.1191740412979351
1 0.479646017699115 0.41976401179941003 0.05191740412979351 0.03716814159292035
0 0.7896755162241887 0.24690265486725663 0.20353982300884954 0.09734513274336283
