0 0.10353982300884956 0.11769911504424779 0.03952802359882006 0.03716814159292035
0 0.11563421828908554 0.27699115044247785 0.05663716814159292 0.0855457227138643
0 0.10943952802359883 0.46106194690265484 0.05604719764011799 0.04424778761061947
0 0.15162241887905603 0.595575221238938 0.0471976401179941 0.05132743362831858
1 0.15752212389380532 0.6651917404129793 0.04247787610619469 0.04424778761061947
1 0.2542772861356932 0.8415929203539823 0.035398230088495575 0.0359882005899705
0 0.27404129793510323 0.7268436578171091 0.04188790560471976 0.03775811209439528
0 0.38820058997050144 0.851622418879056 0.1392330383480826 0.1351032448377581
0 0.6554572271386431 0.7876106194690266 0.05073746312684366 0.09911504424778761
0 0.771976401179941 0.8020648967551622 0.17522123893805308 0.07256637168141593
0 0.7778761061946903 0.6705014749262537 0.12566371681415928 0.10678466076696165
0 0.6846607669616519 0.675811209439528 0.05486725663716814 0.061946902654867256
0 0.547787610619469 0.6710914454277286 0.08672566371681416 0.08790560471976401
0 0.43333333333333335 0.7619469026548672 0.1351032448377581 0.12802359882005898
0 0.6640117994100295 0.5616519174041298 0.11622418879056047 0.143952802359882
0 0.7831858407079646 0.5548672566371682 0.04542772861356932 0.057227138643067846
0 0.7825958702064897 0.4253687315634218 0.05014749262536873 0.0471976401179941
0 0.6625368731563421 0.45781710914454277 0.12035398230088495 0.06607669616519174
0 0.26666666666666666 0.40943952802359884 0.11091445427728613 0.08141592920353982
1 0.2312684365781711 0.2687315634218289 0.06489675516224189 0.05014749262536873
0 0.20471976401179942 0.15781710914454278 0.07787610619469026 0.11504424778761062
0 0.35398230088495575 0.10737463126843658 0.05545722713864307 0.04601769911504425
0 0.4784660766961652 0.13805309734513274 0.1368731563421829 0.10265486725663717
0 0.7734513274336283 0.18171091445427728 0.07669616519174041 0.08613569321533923
0 0.6575221238938053 0.2584070796460177 0.09852507374631268 0.07315634218289085
1 0.5 0.2837758112094395 0.05604719764011799 0.03657817109144543
0 0.33657817109144544 0.2628318584070796 0.08436578171091445 0.03952802359882006
1 0.5112094395280236 0.39469026548672564 0.06548672566371681 0.04365781710914454
0 0.3787610619469026 0.4551622418879056 0.07551622418879056 0.14454277286135692
1 0.5380530973451327 0.5215339233038347 0.05663716814159292 0.04837758112094395
0 0.1135693215339233 0.8253687315634218 0.0607669616519174 0.09321533923303835
0 0.4194690265486726 0.6041297935103245 0.10973451327433628 0.08023598820058997
0 0.784070796460177 0.2424778761061947 0.1215339233038348 0.05781710914454277
0 0.6386430678466076 0.13893805309734514 0.11740412979351032 0.07256637168141593
0 0.5548672566371682 0.8410029498525073 0.06784660766961652 0.11150442477876106
0 0.30206489675516224 0.6194690265486725 0.07787610619469026 0.15693215339233038
