0 0.25545722713864305 0.25309734513274335 0.06843657817109144 0.16519174041297935
0 0.2533923303834808 0.30383480825958703 0.05132743362831858 0.04365781710914454
0 0.22772861356932153 0.44601769911504424 0.08377581120943953 0.044837758112094395
0 0.2294985250737463 0.5902654867256637 0.0920353982300885 0.05486725663716814
0 0.21474926253687315 0.7513274336283186 0.19823008849557522 0.0831858407079646
0 0.13156342182890857 0.915929203539823 0.15457227138643068 0.10678466076696165
0 0.3380530973451327 0.8814159292035398 0.08967551622418879 0.21474926253687315
0 0.4902654867256637 0.8932153392330383 0.08141592920353982 0.17345132743362832
0 0.6902654867256637 0.8902654867256637 0.14277286135693215 0.12861356932153392
0 0.8548672566371681 0.8563421828908554 0.10973451327433628 0.12094395280235988
0 0.3852507374631268 0.7486725663716814 0.08967551622418879 0.0943952802359882
0 0.4772861356932153 0.7168141592920354 0.15457227138643068 0.058997050147492625
0 0.3985250737463127 0.5991150442477876 0.1079646017699115 0.1952802359882006
0 0.37079646017699114 0.31032448377581123 0.11504424778761062 0.17227138643067846
0 0.4088495575221239 0.187905604719764 0.13333333333333333 0.12330383480825959
0 0.5020648967551622 0.3631268436578171 0.20176991150442478 0.06430678466076696
0 0.5386430678466076 0.19233038348082596 0.044837758112094395 0.08023598820058997
0 0.6218289085545723 0.3471976401179941 0.06135693215339233 0.11976401179941003
0 0.5846607669616519 0.451622418879056 0.09911504424778761 0.13628318584070798
1 0.4864306784660767 0.4823008849557522 0.05486725663716814 0.038348082595870206
0 0.5238938053097345 0.5793510324483776 0.0696165191740413 0.05663716814159292
0 0.5941002949852507 0.5342182890855457 0.07079646017699115 0.11622418879056047
0 0.6722713864306784 0.5825958702064896 0.18112094395280237 0.09734513274336283
0 0.8601769911504424 0.6825958702064897 0.11563421828908554 0.04601769911504425
1 0.8492625368731563 0.6011799410029498 0.03126843657817109 0.04601769911504425
0 0.8899705014749263 0.49616519174041296 0.12094395280235988 0.0943952802359882
1 0.7545722713864307 0.43569321533923305 0.035398230088495575 0.03952802359882006
1 0.7522123893805309 0.3215339233038348 0.03421828908554572 0.02831858407079646
1 0.671386430678466 0.19174041297935102 0.03421828908554572 0.03185840707964602
0 0.7938053097345132 0.17581120943952802 0.08436578171091445 0.13569321533923304
0 0.9023598820058997 0.21976401179941002 0.10324483775811209 0.16932153392330385
0 0.8964601769911504 0.34985250737463125 0.12094395280235988 0.17699115044247787
0 0.6941002949852507 0.719174041297935 0.043067846607669616 0.04601769911504425
1 0.3256637168141593 0.4407079646017699 0.040117994100294985 0.03185840707964602
