0 0.16814159292035397 0.12477876106194691 0.071976401179941 0.057227138643067846
0 0.16371681415929204 0.29852507374631265 0.09144542772861357 0.0743362831858407
0 0.15191740412979352 0.4165191740412979 0.06784660766961652 0.07787610619469026
0 0.1454277286135693 0.5345132743362832 0.03952802359882006 0.040117994100294985
0 0.1687315634218289 0.7097345132743362 0.08377581120943953 0.06253687315634218
0 0.1495575221238938 0.8519174041297934 0.05486725663716814 0.05663716814159292
0 0.2752212389380531 0.8923303834808259 0.05486725663716814 0.05368731563421829
0 0.28053097345132744 0.771976401179941 0.057227138643067846 0.04542772861356932
1 0.49085545722713864 0.879646017699115 0.04129793510324484 0.035398230088495575
1 0.6410029498525074 0.887905604719764 0.047787610619469026 0.04247787610619469
1 0.723598820058997 0.9017699115044248 0.04188790560471976 0.04542772861356932
0 0.876401179941003 0.8687315634218289 0.07256637168141593 0.05604719764011799
0 0.8528023598820059 0.7622418879056048 0.05604719764011799 0.06017699115044248
0 0.7353982300884956 0.7398230088495575 0.03716814159292035 0.049557522123893805
0 0.6014749262536873 0.7463126843657817 0.06312684365781711 0.07669616519174041
1 0.4766961651917404 0.7427728613569321 0.071976401179941 0.04837758112094395
1 0.28289085545722714 0.5837758112094396 0.06548672566371681 0.052507374631268436
0 0.40176991150442476 0.591740412979351 0.08495575221238938 0.0920353982300885
0 0.524188790560472 0.6309734513274337 0.061946902654867256 0.08672566371681416
0 0.699410029498525 0.6250737463126843 0.08790560471976401 0.07256637168141593
0 0.8696165191740413 0.5530973451327433 0.05073746312684366 0.07728613569321534
1 0.8811209439528024 0.44483775811209436 0.052507374631268436 0.049557522123893805
1 0.7286135693215339 0.42359882005899707 0.03421828908554572 0.0471976401179941
0 0.5831858407079646 0.4584070796460177 0.0808259587020649 0.06725663716814159
0 0.4389380530973451 0.4625368731563422 0.05781710914454277 0.05073746312684366
1 0.31710914454277284 0.4533923303834808 0.05486725663716814 0.06430678466076696
0 0.2640117994100295 0.1905604719764012 0.061946902654867256 0.05781710914454277
1 0.3351032448377581 0.26253687315634217 0.058997050147492625 0.049557522123893805
1 0.40825958702064896 0.13333333333333333 0.05073746312684366 0.04601769911504425
1 0.4410029498525074 0.3017699115044248 0.04896755162241888 0.057227138643067846
0 0.5622418879056047 0.30678466076696165 0.07079646017699115 0.0943952802359882
0 0.6286135693215339 0.17227138643067846 0.05368731563421829 0.10501474926253687
0 0.703834808259587 0.1407079646017699 0.05191740412979351 0.08436578171091445
0 0.7943952802359882 0.307669616519174 0.052507374631268436 0.09262536873156342
0 0.8817109144542773 0.30973451327433627 0.043067846607669616 0.0471976401179941
0 0.8935103244837758 0.17610619469026548 0.038348082595870206 0.057227138643067846
