0 0.10353982300884956 0.11769911504424779 0.03952802359882006 0.03716814159292035
0 0.11563421828908554 0.27699115044247785 0.05663716814159292 0.0855457227138643
0 0.10943952802359883 0.46106194690265484 0.05604719764011799 0.04424778761061947
0 0.15162241887905603 0.595575221238938 0.0471976401179941 0.05132743362831858
1 0.17345132743362832 0.6887905604719764 0.04247787610619469 0.04424778761061947
1 0.2778761061946903 0.796165191740413 0.035398230088495575 0.0359882005899705
0 0.27404129793510323 0.7150442477876107 0.04188790560471976 0.03775811209439528
0 0.38820058997050144 0.851622418879056 0.1392330383480826 0.1351032448377581
0 0.6554572271386431 0.7876106194690266 0.05073746312684366 0.09911504424778761
0 0.7631268436578171 0.7852507374631268 0.1893805309734513 0.06843657817109144
0 0.7743362831858407 0.6687315634218289 0.12684365781710916 0.12684365781710916
0 0.6846607669616519 0.675811209439528 0.05486725663716814 0.061946902654867256
0 0.547787610619469 0.6710914454277286 0.08672566371681416 0.08790560471976401
0 0.43333333333333335 0.7619469026548672 0.1351032448377581 0.12802359882005898
0 0.6640117994100295 0.5616519174041298 0.11622418879056047 0.143952802359882
0 0.7831858407079646 0.5548672566371682 0.04542772861356932 0.057227138643067846
0 0.7825958702064897 0.4253687315634218 0.05014749262536873 0.0471976401179941
0 0.6625368731563421 0.45781710914454277 0.12035398230088495 0.06607669616519174
0 0.2563421828908555 0.4008849557522124 0.10324483775811209 0.09262536873156342
1 0.22241887905604718 0.26371681415929205 0.0471976401179941 0.040117994100294985
0 0.20471976401179942 0.15781710914454278 0.07787610619469026 0.11504424778761062
0 0.3519174041297935 0.11179941002949853 0.05132743362831858 0.05486725663716814
0 0.4784660766961652 0.13805309734513274 0.1368731563421829 0.10265486725663717
0 0.7734513274336283 0.18171091445427728 0.07669616519174041 0.08613569321533923
0 0.6575221238938053 0.2584070796460177 0.09852507374631268 0.07315634218289085
1 0.5 0.2837758112094395 0.05604719764011799 0.03657817109144543
0 0.33008849557522124 0.28643067846607667 0.08436578171091445 0.03952802359882006
1 0.5112094395280236 0.39469026548672564 0.06548672566371681 0.04365781710914454
0 0.3787610619469026 0.4551622418879056 0.07551622418879056 0.14454277286135692
1 0.5380530973451327 0.5215339233038347 0.05663716814159292 0.04837758112094395
0 0.11415929203539824 0.7979351032448377 0.05958702064896755 0.07728613569321534
0 0.38761061946902653 0.5941002949852507 0.071976401179941 0.08377581120943953
0 0.784070796460177 0.2424778761061947 0.1215339233038348 0.05781710914454277
0 0.6374631268436578 0.13244837758112094 0.11740412979351032 0.07256637168141593
0 0.5483775811209439 0.8424778761061946 0.07728613569321534 0.12979351032448377
0 0.3256637168141593 0.6106194690265486 0.09085545722713864 0.1592920353982301
