0 0.13952802359882005 0.14454277286135692 0.1056047197640118 0.11209439528023599
0 0.15073746312684366 0.3182890855457227 0.10442477876106195 0.05368731563421829
0 0.11976401179941003 0.5053097345132743 0.1215339233038348 0.08672566371681416
0 0.09793510324483776 0.6563421828908554 0.11799410029498525 0.1846607669616519
0 0.10412979351032448 0.7790560471976401 0.10088495575221239 0.17168141592920355
0 0.21091445427728614 0.8191740412979351 0.07374631268436578 0.13864306784660768
0 0.45870206489675514 0.8100294985250738 0.052507374631268436 0.0943952802359882
0 0.38259587020648966 0.6592920353982301 0.06548672566371681 0.12448377581120944
0 0.5041297935103245 0.636283185840708 0.16106194690265485 0.06548672566371681
0 0.6286135693215339 0.6837758112094395 0.10088495575221239 0.17581120943952802
0 0.7333333333333333 0.7442477876106195 0.0743362831858407 0.15634218289085544
0 0.743952802359882 0.7005899705014749 0.05663716814159292 0.03952802359882006
0 0.5781710914454277 0.7946902654867256 0.10973451327433628 0.12625368731563422
1 0.32595870206489674 0.8061946902654867 0.03126843657817109 0.03716814159292035
1 0.24955752212389382 0.6761061946902654 0.03775811209439528 0.03657817109144543
1 0.24277286135693216 0.5563421828908555 0.03008849557522124 0.03421828908554572
0 0.4109144542772861 0.5404129793510324 0.06902654867256637 0.10501474926253687
1 0.5156342182890855 0.5174041297935104 0.04601769911504425 0.027138643067846607
1 0.671386430678466 0.5528023598820059 0.03657817109144543 0.024778761061946902
0 0.7699115044247787 0.5495575221238937 0.10383480825958702 0.052507374631268436
0 0.771976401179941 0.4085545722713864 0.07374631268436578 0.038348082595870206
1 0.15781710914454278 0.3991150442477876 0.027728613569321534 0.04188790560471976
0 0.3070796460176991 0.28230088495575223 0.05132743362831858 0.04424778761061947
0 0.3070796460176991 0.1079646017699115 0.1351032448377581 0.10973451327433628
0 0.5047197640117994 0.11297935103244838 0.08436578171091445 0.13864306784660768
0 0.6634218289085546 0.12418879056047197 0.09144542772861357 0.21061946902654866
0 0.876401179941003 0.0808259587020649 0.1528023598820059 0.11091445427728613
0 0.6265486725663717 0.2519174041297935 0.06489675516224189 0.0943952802359882
0 0.5342182890855457 0.28820058997050146 0.17404129793510326 0.05132743362831858
0 0.6094395280235988 0.39882005899705014 0.11799410029498525 0.21002949852507374
0 0.32772861356932154 0.4153392330383481 0.1882005899705015 0.09085545722713864
0 0.4112094395280236 0.46135693215339235 0.07079646017699115 0.1191740412979351
1 0.479646017699115 0.41976401179941003 0.05191740412979351 0.03716814159292035
0 0.7899705014749262 0.24749262536873157 0.19823008849557522 0.09380530973451327
