1 0.15722713864306784 0.18436578171091444 0.05368731563421829 0.05604719764011799
0 0.2958702064896755 0.16460176991150444 0.09026548672566372 0.07551622418879056
0 0.5032448377581121 0.22861356932153393 0.08023598820058997 0.06902654867256637
0 0.6253687315634218 0.215929203539823 0.05191740412979351 0.08849557522123894
0 0.7764011799410029 0.17168141592920355 0.04837758112094395 0.10973451327433628
0 0.8619469026548673 0.1905604719764012 0.09557522123893805 0.05781710914454277
0 0.1430678466076696 0.3696165191740413 0.05958702064896755 0.06784660766961652
0 0.3182890855457227 0.3746312684365782 0.05604719764011799 0.05781710914454277
0 0.49321533923303834 0.3926253687315634 0.05781710914454277 0.07138643067846608
0 0.6233038348082596 0.31504424778761064 0.05958702064896755 0.11209439528023599
0 0.7870206489675516 0.30855457227138644 0.06017699115044248 0.11091445427728613
0 0.8634218289085546 0.32890855457227136 0.05604719764011799 0.17640117994100296
0 0.8660766961651918 0.4646017699115044 0.08141592920353982 0.07728613569321534
0 0.7766961651917405 0.44955752212389377 0.06430678466076696 0.11209439528023599
0 0.6563421828908554 0.531858407079646 0.09144542772861357 0.07492625368731563
0 0.4755162241887906 0.5303834808259587 0.0743362831858407 0.08023598820058997
0 0.30501474926253686 0.484070796460177 0.06843657817109144 0.09380530973451327
0 0.1463126843657817 0.4905604719764012 0.06017699115044248 0.09262536873156342
1 0.12979351032448377 0.6182890855457227 0.06017699115044248 0.07315634218289085
1 0.3100294985250737 0.6294985250737463 0.05604719764011799 0.06725663716814159
0 0.46814159292035395 0.6702064896755162 0.09970501474926254 0.07079646017699115
0 0.6365781710914454 0.636283185840708 0.071976401179941 0.11504424778761062
0 0.7734513274336283 0.6831858407079646 0.07551622418879056 0.1486725663716814
0 0.8699115044247787 0.6852507374631268 0.06666666666666667 0.0855457227138643
0 0.8778761061946903 0.7634218289085546 0.07315634218289085 0.08023598820058997
0 0.7572271386430678 0.8147492625368732 0.06902654867256637 0.07905604719764012
0 0.631858407079646 0.81976401179941 0.143952802359882 0.0831858407079646
0 0.46991150442477875 0.7489675516224189 0.07020648967551622 0.07846607669616519
0 0.1448377581120944 0.7690265486725664 0.06902654867256637 0.06902654867256637
1 0.2929203539823009 0.7749262536873156 0.06312684365781711 0.0607669616519174
1 0.46578171091445425 0.8899705014749263 0.07846607669616519 0.06902654867256637
1 0.5958702064896755 0.9253687315634218 0.0743362831858407 0.07728613569321534
0 0.740117994100295 0.948377581120944 0.09026548672566372 0.0808259587020649
0 0.8864306784660767 0.9386430678466077 0.07728613569321534 0.11209439528023599
0 0.31887905604719763 0.9371681415929204 0.12920353982300886 0.07610619469026549
1 0.14365781710914455 0.9061946902654867 0.07138643067846608 0.05781710914454277
