0 0.8545722713864307 0.07964601769911504 0.04070796460176991 0.04365781710914454
0 0.8495575221238938 0.23893805309734512 0.04247787610619469 0.0471976401179941
1 0.863716814159292 0.3828908554572271 0.03893805309734513 0.054277286135693215
0 0.6737463126843658 0.06489675516224189 0.08967551622418879 0.058997050147492625
0 0.707669616519174 0.2312684365781711 0.0359882005899705 0.054277286135693215
0 0.851622418879056 0.5129793510324484 0.04896755162241888 0.08672566371681416
0 0.8492625368731563 0.6359882005899705 0.04188790560471976 0.04601769911504425
0 0.8460176991150442 0.8268436578171091 0.05781710914454277 0.06902654867256637
0 0.7041297935103245 0.8395280235988201 0.0831858407079646 0.06843657817109144
0 0.5047197640117994 0.771386430678466 0.06666666666666667 0.06784660766961652
0 0.6849557522123894 0.6203539823008849 0.044837758112094395 0.06312684365781711
0 0.6958702064896755 0.5141592920353982 0.043067846607669616 0.08672566371681416
0 0.6902654867256637 0.3728613569321534 0.049557522123893805 0.058997050147492625
1 0.5359882005899705 0.12094395280235988 0.033628318584070796 0.03893805309734513
0 0.5348082595870206 0.2569321533923304 0.033628318584070796 0.05486725663716814
0 0.5460176991150443 0.3274336283185841 0.06784660766961652 0.06135693215339233
0 0.5265486725663717 0.46991150442477875 0.0584070796460177 0.07964601769911504
0 0.5147492625368731 0.6097345132743363 0.04070796460176991 0.06784660766961652
0 0.37138643067846605 0.6764011799410029 0.04660766961651917 0.09144542772861357
0 0.368141592920354 0.7825958702064897 0.03775811209439528 0.07020648967551622
0 0.4008849557522124 0.06666666666666667 0.04660766961651917 0.0743362831858407
0 0.3775811209439528 0.17787610619469027 0.1215339233038348 0.07728613569321534
0 0.36283185840707965 0.3430678466076696 0.05545722713864307 0.06430678466076696
0 0.35870206489675516 0.46932153392330384 0.049557522123893805 0.0584070796460177
0 0.22595870206489677 0.5486725663716814 0.06135693215339233 0.0967551622418879
0 0.21327433628318584 0.6864306784660766 0.05604719764011799 0.10206489675516224
0 0.22861356932153393 0.823598820058997 0.03126843657817109 0.10147492625368731
0 0.1430678466076696 0.8050147492625369 0.09026548672566372 0.04188790560471976
0 0.12536873156342182 0.6814159292035398 0.04424778761061947 0.1486725663716814
0 0.1359882005899705 0.5312684365781711 0.061946902654867256 0.0808259587020649
0 0.12477876106194691 0.3153392330383481 0.03716814159292035 0.0831858407079646
0 0.22861356932153393 0.31474926253687313 0.047787610619469026 0.11504424778761062
0 0.12182890855457226 0.23628318584070795 0.061946902654867256 0.08672566371681416
0 0.24542772861356932 0.1823008849557522 0.05309734513274336 0.06017699115044248
0 0.11386430678466077 0.05870206489675516 0.058997050147492625 0.0831858407079646
0 0.2634218289085546 0.056342182890855456 0.05486725663716814 0.07846607669616519
