0 0.764306784660767 0.1743362831858407 0.06312684365781711 0.0808259587020649
0 0.768141592920354 0.24188790560471976 0.11209439528023599 0.058997050147492625
0 0.7814159292035399 0.42743362831858406 0.038348082595870206 0.047787610619469026
0 0.7808259587020648 0.5525073746312684 0.03126843657817109 0.05604719764011799
0 0.7752212389380531 0.671976401179941 0.12389380530973451 0.10383480825958702
0 0.7672566371681416 0.7820058997050148 0.17286135693215338 0.06666666666666667
0 0.6542772861356932 0.7817109144542773 0.0471976401179941 0.08259587020648967
0 0.5460176991150443 0.8395280235988201 0.07610619469026549 0.1392330383480826
0 0.39410029498525073 0.8477876106194691 0.13215339233038348 0.1392330383480826
1 0.27079646017699116 0.7678466076696165 0.03303834808259587 0.04424778761061947
1 0.2713864306784661 0.7215339233038348 0.035398230088495575 0.03185840707964602
1 0.1710914454277286 0.695575221238938 0.04247787610619469 0.05545722713864307
0 0.15221238938053097 0.5887905604719764 0.04129793510324484 0.044837758112094395
0 0.11091445427728613 0.4631268436578171 0.05309734513274336 0.03775811209439528
0 0.12212389380530973 0.7997050147492625 0.07551622418879056 0.06430678466076696
0 0.4365781710914454 0.7628318584070797 0.1215339233038348 0.11563421828908554
0 0.5442477876106194 0.6678466076696166 0.07728613569321534 0.08023598820058997
0 0.687905604719764 0.6749262536873156 0.05073746312684366 0.05781710914454277
0 0.6634218289085546 0.5507374631268437 0.11386430678466077 0.11268436578171091
0 0.6781710914454278 0.4616519174041298 0.10442477876106195 0.057227138643067846
0 0.6554572271386431 0.2584070796460177 0.09557522123893805 0.06725663716814159
1 0.49675516224188787 0.2825958702064897 0.044837758112094395 0.03421828908554572
1 0.5035398230088496 0.39557522123893807 0.05486725663716814 0.04070796460176991
0 0.4814159292035398 0.13156342182890857 0.13451327433628318 0.0967551622418879
0 0.6374631268436578 0.13333333333333333 0.11268436578171091 0.06607669616519174
0 0.3507374631268437 0.10471976401179942 0.047787610619469026 0.04070796460176991
0 0.3333333333333333 0.26135693215339234 0.07669616519174041 0.03421828908554572
0 0.37256637168141593 0.45545722713864306 0.07964601769911504 0.15221238938053097
1 0.5356932153392331 0.51976401179941 0.049557522123893805 0.044837758112094395
0 0.3926253687315634 0.5988200589970502 0.06312684365781711 0.07315634218289085
0 0.3262536873156342 0.6194690265486725 0.0743362831858407 0.1463126843657817
0 0.26902654867256637 0.41238938053097346 0.10265486725663717 0.0743362831858407
0 0.12389380530973451 0.28112094395280235 0.049557522123893805 0.08672566371681416
1 0.23067846607669618 0.2687315634218289 0.04601769911504425 0.033628318584070796
1 0.10383480825958702 0.11799410029498525 0.03657817109144543 0.03657817109144543
0 0.20530973451327433 0.16371681415929204 0.0743362831858407 0.1079646017699115
