0 0.8761061946902655 0.07905604719764012 0.15221238938053097 0.11209439528023599
0 0.7828908554572271 0.24955752212389382 0.19823008849557522 0.07787610619469026
0 0.7675516224188791 0.41297935103244837 0.071976401179941 0.05309734513274336
0 0.7766961651917405 0.551622418879056 0.09026548672566372 0.04365781710914454
0 0.7448377581120944 0.7008849557522123 0.04660766961651917 0.044837758112094395
0 0.736283185840708 0.7421828908554572 0.08259587020648967 0.1687315634218289
0 0.6309734513274337 0.6899705014749262 0.10206489675516224 0.17404129793510326
0 0.5725663716814159 0.7938053097345132 0.09852507374631268 0.12330383480825959
0 0.45958702064896756 0.8094395280235989 0.03185840707964602 0.08377581120943953
1 0.32595870206489674 0.8064896755162242 0.02654867256637168 0.030678466076696165
1 0.24749262536873157 0.6778761061946903 0.02654867256637168 0.03185840707964602
1 0.5109144542772861 0.5168141592920354 0.0471976401179941 0.029498525073746312
1 0.6722713864306784 0.5587020648967551 0.03952802359882006 0.029498525073746312
1 0.15575221238938053 0.4020648967551622 0.020058997050147492 0.04188790560471976
1 0.30737463126843656 0.2820058997050148 0.03421828908554572 0.04601769911504425
1 0.2504424778761062 0.56047197640118 0.028908554572271386 0.03657817109144543
0 0.6064896755162241 0.39646017699115044 0.0920353982300885 0.20176991150442478
0 0.6640117994100295 0.12654867256637167 0.07610619469026549 0.21651917404129795
0 0.6182890855457227 0.24867256637168142 0.06843657817109144 0.09852507374631268
0 0.5256637168141592 0.2825958702064897 0.1616519174041298 0.05073746312684366
0 0.5088495575221239 0.11799410029498525 0.07964601769911504 0.14041297935103245
0 0.30737463126843656 0.10855457227138643 0.143952802359882 0.11209439528023599
0 0.47286135693215336 0.4165191740412979 0.05368731563421829 0.03775811209439528
0 0.41150442477876104 0.4678466076696165 0.05604719764011799 0.13215339233038348
0 0.33067846607669615 0.4174041297935103 0.1870206489675516 0.09616519174041298
0 0.1415929203539823 0.143952802359882 0.11563421828908554 0.1191740412979351
0 0.14837758112094396 0.3185840707964602 0.10088495575221239 0.04601769911504425
0 0.1215339233038348 0.5061946902654867 0.11799410029498525 0.08967551622418879
0 0.10029498525073746 0.6557522123893805 0.1168141592920354 0.18112094395280237
0 0.10088495575221239 0.7784660766961652 0.10147492625368731 0.1823008849557522
0 0.2097345132743363 0.8247787610619469 0.07138643067846608 0.14041297935103245
0 0.3793510324483776 0.6625368731563421 0.05191740412979351 0.1368731563421829
0 0.5053097345132743 0.636283185840708 0.19410029498525072 0.061946902654867256
0 0.4174041297935103 0.5495575221238937 0.09380530973451327 0.1457227138643068
