0 0.863716814159292 0.14513274336283186 0.10383480825958702 0.11209439528023599
0 0.8463126843657817 0.3174041297935103 0.09144542772861357 0.044837758112094395
1 0.8421828908554572 0.40117994100294985 0.018289085545722714 0.04365781710914454
0 0.743952802359882 0.56047197640118 0.03657817109144543 0.03657817109144543
1 0.7513274336283186 0.6778761061946903 0.027728613569321534 0.029498525073746312
1 0.6707964601769911 0.807669616519174 0.029498525073746312 0.02831858407079646
0 0.8775811209439528 0.5073746312684366 0.11504424778761062 0.08377581120943953
0 0.8958702064896755 0.6554572271386431 0.10442477876106195 0.17817109144542773
0 0.8958702064896755 0.7799410029498525 0.09262536873156342 0.17463126843657817
0 0.7908554572271387 0.8221238938053097 0.07020648967551622 0.1374631268436578
0 0.6162241887905605 0.6616519174041298 0.047787610619469026 0.12330383480825959
0 0.5389380530973451 0.8079646017699115 0.03126843657817109 0.07374631268436578
0 0.5790560471976401 0.5436578171091445 0.0831858407079646 0.1351032448377581
0 0.6737463126843658 0.415929203539823 0.1911504424778761 0.09793510324483776
0 0.587905604719764 0.46814159292035395 0.05486725663716814 0.1351032448377581
0 0.6908554572271386 0.28466076696165193 0.03657817109144543 0.04070796460176991
0 0.5265486725663717 0.4200589970501475 0.05368731563421829 0.030678466076696165
1 0.4864306784660767 0.5176991150442478 0.043067846607669616 0.02654867256637168
0 0.4911504424778761 0.6377581120943953 0.16814159292035397 0.058997050147492625
0 0.42743362831858406 0.7896755162241887 0.10324483775811209 0.13156342182890857
0 0.27463126843657815 0.7457227138643068 0.07020648967551622 0.16991150442477876
0 0.25545722713864305 0.6985250737463127 0.044837758112094395 0.04247787610619469
0 0.36843657817109143 0.6884955752212389 0.09970501474926254 0.16519174041297935
1 0.32654867256637166 0.5578171091445427 0.04070796460176991 0.02182890855457227
0 0.22861356932153393 0.5530973451327433 0.09616519174041298 0.04070796460176991
0 0.3952802359882006 0.396165191740413 0.0943952802359882 0.19646017699115043
0 0.23067846607669618 0.41327433628318583 0.071976401179941 0.047787610619469026
0 0.4743362831858407 0.28820058997050146 0.16283185840707964 0.03952802359882006
0 0.6970501474926254 0.11268436578171091 0.12802359882005898 0.08731563421828908
0 0.4905604719764012 0.1168141592920354 0.08790560471976401 0.14041297935103245
0 0.38023598820058996 0.24867256637168142 0.06430678466076696 0.09262536873156342
0 0.3374631268436578 0.14277286135693215 0.06253687315634218 0.18997050147492625
0 0.22861356932153393 0.21946902654867256 0.17640117994100296 0.15221238938053097
0 0.13097345132743363 0.08053097345132743 0.14513274336283186 0.10678466076696165
