0 0.2622418879056047 0.25486725663716814 0.08672566371681416 0.16991150442477876
0 0.24690265486725663 0.3005899705014749 0.05368731563421829 0.047787610619469026
0 0.40117994100294985 0.18613569321533924 0.15457227138643068 0.1056047197640118
0 0.5383480825958702 0.1926253687315634 0.03480825958702065 0.09026548672566372
1 0.6716814159292035 0.19469026548672566 0.02654867256637168 0.029498525073746312
1 0.752802359882006 0.3233038348082596 0.030678466076696165 0.03421828908554572
1 0.8454277286135693 0.6008849557522123 0.020058997050147492 0.038348082595870206
1 0.4870206489675516 0.48112094395280236 0.047787610619469026 0.032448377581120944
0 0.7920353982300885 0.2150442477876106 0.10914454277286136 0.12920353982300886
0 0.9002949852507375 0.2191740412979351 0.10147492625368731 0.17168141592920355
0 0.896165191740413 0.3445427728613569 0.10973451327433628 0.1911504424778761
0 0.8876106194690265 0.4958702064896755 0.11268436578171091 0.08672566371681416
0 0.7498525073746313 0.43628318584070797 0.030678466076696165 0.038348082595870206
0 0.6150442477876106 0.34513274336283184 0.047787610619469026 0.13097345132743363
0 0.5026548672566371 0.36224188790560474 0.19233038348082596 0.06607669616519174
0 0.37138643067846605 0.3106194690265487 0.1056047197640118 0.17640117994100296
0 0.3221238938053097 0.4265486725663717 0.040117994100294985 0.05781710914454277
0 0.22566371681415928 0.4463126843657817 0.08436578171091445 0.043067846607669616
0 0.23008849557522124 0.5970501474926253 0.07551622418879056 0.03657817109144543
0 0.3952802359882006 0.5985250737463127 0.08849557522123894 0.1905604719764012
0 0.5277286135693215 0.58023598820059 0.05014749262536873 0.04542772861356932
0 0.5902654867256637 0.5339233038348082 0.05486725663716814 0.12625368731563422
0 0.6755162241887905 0.5817109144542773 0.18289085545722714 0.09793510324483776
0 0.8504424778761062 0.6843657817109144 0.09144542772861357 0.0471976401179941
0 0.8625368731563422 0.8551622418879056 0.10265486725663717 0.11386430678466077
0 0.6914454277286135 0.8640117994100295 0.13333333333333333 0.1457227138643068
0 0.692330383480826 0.7185840707964601 0.03126843657817109 0.04601769911504425
0 0.47522123893805307 0.7179941002949852 0.15870206489675515 0.06135693215339233
0 0.3823008849557522 0.7525073746312684 0.05781710914454277 0.09734513274336283
0 0.21563421828908555 0.763716814159292 0.1952802359882006 0.10206489675516224
0 0.3256637168141593 0.8808259587020649 0.06725663716814159 0.215929203539823
0 0.48731563421828905 0.8958702064896755 0.07905604719764012 0.16460176991150444
0 0.13333333333333333 0.9041297935103245 0.13451327433628318 0.1056047197640118
0 0.5846607669616519 0.456047197640118 0.10737463126843658 0.14041297935103245
