0 0.8973451327433628 0.11799410029498525 0.04247787610619469 0.03657817109144543
0 0.8781710914454277 0.28112094395280235 0.04896755162241888 0.08436578171091445
0 0.8882005899705014 0.46342182890855455 0.052507374631268436 0.04070796460176991
0 0.8492625368731563 0.5905604719764012 0.04188790560471976 0.04365781710914454
1 0.8300884955752212 0.6902654867256637 0.044837758112094395 0.044837758112094395
0 0.8825958702064897 0.8129793510324483 0.06253687315634218 0.08023598820058997
1 0.727433628318584 0.7716814159292036 0.02831858407079646 0.044837758112094395
1 0.7256637168141593 0.7277286135693215 0.03657817109144543 0.04188790560471976
0 0.563716814159292 0.7551622418879056 0.13392330383480827 0.13097345132743363
0 0.6085545722713864 0.8466076696165191 0.12566371681415928 0.1368731563421829
0 0.45545722713864306 0.8407079646017699 0.08023598820058997 0.13333333333333333
0 0.3433628318584071 0.7817109144542773 0.05191740412979351 0.08023598820058997
0 0.231858407079646 0.7828908554572271 0.184070796460177 0.06725663716814159
0 0.22359882005899706 0.6702064896755162 0.12743362831858407 0.10383480825958702
0 0.3144542772861357 0.6761061946902654 0.05663716814159292 0.05309734513274336
0 0.45486725663716815 0.6646017699115044 0.07905604719764012 0.08672566371681416
0 0.5722713864306784 0.6026548672566372 0.12507374631268436 0.07610619469026549
0 0.6734513274336283 0.6176991150442478 0.07138643067846608 0.15339233038348082
0 0.7265486725663717 0.41327433628318583 0.09734513274336283 0.07610619469026549
0 0.6247787610619469 0.4551622418879056 0.07551622418879056 0.15162241887905603
1 0.4958702064896755 0.3973451327433628 0.05604719764011799 0.04070796460176991
1 0.49911504424778763 0.28023598820059 0.04365781710914454 0.03775811209439528
1 0.7678466076696165 0.2693215339233038 0.05368731563421829 0.03480825958702065
1 0.4640117994100295 0.5185840707964602 0.04660766961651917 0.044837758112094395
0 0.6625368731563421 0.26312684365781713 0.07905604719764012 0.03657817109144543
0 0.792330383480826 0.15811209439528023 0.08023598820058997 0.11091445427728613
0 0.6474926253687315 0.10825958702064897 0.04188790560471976 0.047787610619469026
0 0.5209439528023598 0.13657817109144543 0.13805309734513274 0.09026548672566372
0 0.343952802359882 0.25604719764011796 0.09557522123893805 0.07551622418879056
0 0.36342182890855457 0.14188790560471976 0.11563421828908554 0.06430678466076696
0 0.2345132743362832 0.17581120943952802 0.061946902654867256 0.08377581120943953
0 0.23008849557522124 0.243952802359882 0.11209439528023599 0.0607669616519174
0 0.33067846607669615 0.46106194690265484 0.11386430678466077 0.0584070796460177
0 0.21799410029498525 0.42802359882005897 0.038348082595870206 0.043067846607669616
0 0.34100294985250734 0.5622418879056047 0.10737463126843658 0.12625368731563422
0 0.21799410029498525 0.5563421828908555 0.03480825958702065 0.058997050147492625
