0 0.8578171091445428 0.09646017699115045 0.03893805309734513 0.03480825958702065
0 0.855457227138643 0.2592920353982301 0.05073746312684366 0.04896755162241888
1 0.8690265486725663 0.39292035398230085 0.03893805309734513 0.040117994100294985
0 0.8530973451327434 0.5256637168141592 0.04129793510324484 0.07551622418879056
1 0.8525073746312685 0.6616519174041298 0.044837758112094395 0.02536873156342183
0 0.8474926253687316 0.843952802359882 0.05132743362831858 0.06312684365781711
0 0.6864306784660766 0.8289085545722714 0.04188790560471976 0.07551622418879056
0 0.5032448377581121 0.7873156342182891 0.06607669616519174 0.06312684365781711
0 0.3687315634218289 0.8008849557522124 0.03775811209439528 0.06666666666666667
0 0.2312684365781711 0.8415929203539823 0.03893805309734513 0.07610619469026549
0 0.13716814159292035 0.8162241887905605 0.08436578171091445 0.03952802359882006
0 0.12477876106194691 0.6890855457227139 0.05368731563421829 0.10855457227138643
0 0.22300884955752212 0.6929203539823009 0.03657817109144543 0.08436578171091445
0 0.3654867256637168 0.6858407079646017 0.043067846607669616 0.06784660766961652
0 0.5129793510324484 0.6283185840707964 0.043067846607669616 0.06725663716814159
0 0.684070796460177 0.6330383480825958 0.047787610619469026 0.06017699115044248
0 0.6941002949852507 0.5265486725663717 0.03480825958702065 0.06902654867256637
0 0.5327433628318584 0.48584070796460177 0.05191740412979351 0.06902654867256637
0 0.3584070796460177 0.47787610619469023 0.04070796460176991 0.05073746312684366
0 0.22861356932153393 0.5557522123893806 0.05014749262536873 0.08259587020648967
0 0.1368731563421829 0.531858407079646 0.05781710914454277 0.07492625368731563
0 0.13008849557522123 0.33303834808259586 0.04188790560471976 0.08672566371681416
0 0.23067846607669618 0.33657817109144544 0.04129793510324484 0.09970501474926254
0 0.36696165191740415 0.3466076696165192 0.049557522123893805 0.0607669616519174
0 0.5454277286135694 0.3386430678466077 0.07374631268436578 0.058997050147492625
1 0.7097345132743362 0.24188790560471976 0.04129793510324484 0.05073746312684366
0 0.5342182890855457 0.26312684365781713 0.03480825958702065 0.058997050147492625
0 0.39233038348082594 0.19616519174041297 0.08495575221238938 0.0855457227138643
0 0.24808259587020648 0.20589970501474925 0.05604719764011799 0.05781710914454277
0 0.12330383480825959 0.25398230088495577 0.06253687315634218 0.06902654867256637
0 0.12035398230088495 0.0808259587020649 0.04247787610619469 0.071976401179941
0 0.2622418879056047 0.0663716814159292 0.04542772861356932 0.07846607669616519
0 0.40471976401179943 0.07728613569321534 0.04601769911504425 0.08141592920353982
1 0.5392330383480826 0.13156342182890857 0.03893805309734513 0.040117994100294985
0 0.6929203539823009 0.07315634218289085 0.04070796460176991 0.06489675516224189
0 0.6908554572271386 0.38820058997050144 0.05545722713864307 0.06017699115044248
