0 0.8551622418879056 0.16932153392330385 0.13156342182890857 0.0943952802359882
0 0.8457227138643068 0.3174041297935103 0.04070796460176991 0.09557522123893805
1 0.8923303834808259 0.5250737463126843 0.03480825958702065 0.035398230088495575
0 0.8820058997050148 0.651622418879056 0.11209439528023599 0.1952802359882006
0 0.8657817109144542 0.8206489675516224 0.11976401179941003 0.14277286135693215
0 0.7572271386430678 0.8212389380530973 0.11386430678466077 0.07787610619469026
0 0.7224188790560472 0.7182890855457227 0.09970501474926254 0.07846607669616519
1 0.671976401179941 0.8017699115044248 0.03185840707964602 0.029498525073746312
0 0.5421828908554572 0.8064896755162242 0.02831858407079646 0.07905604719764012
0 0.403834808259587 0.8014749262536873 0.1504424778761062 0.11622418879056047
0 0.33775811209439527 0.8227138643067846 0.0855457227138643 0.16460176991150444
0 0.6106194690265486 0.6646017699115044 0.05309734513274336 0.1327433628318584
0 0.7171091445427729 0.6029498525073747 0.18112094395280237 0.11799410029498525
0 0.8253687315634218 0.5932153392330384 0.08141592920353982 0.12094395280235988
0 0.6867256637168142 0.3722713864306785 0.13215339233038348 0.17699115044247787
0 0.735693215339233 0.25309734513274335 0.12861356932153392 0.06253687315634218
0 0.6722713864306784 0.17315634218289086 0.09262536873156342 0.11504424778761062
0 0.46519174041297934 0.15486725663716813 0.14454277286135692 0.06784660766961652
0 0.4814159292035398 0.28407079646017697 0.15693215339233038 0.04542772861356932
0 0.39410029498525073 0.3893805309734513 0.0943952802359882 0.19941002949852507
0 0.523598820058997 0.43480825958702063 0.05604719764011799 0.03185840707964602
0 0.5902654867256637 0.4823008849557522 0.12212389380530973 0.07610619469026549
0 0.5740412979351033 0.5271386430678466 0.13805309734513274 0.061946902654867256
0 0.5076696165191741 0.4743362831858407 0.14454277286135692 0.12507374631268436
0 0.26253687315634217 0.3513274336283186 0.08141592920353982 0.047787610619469026
0 0.23539823008849559 0.24955752212389382 0.08731563421828908 0.04601769911504425
0 0.3507374631268437 0.2557522123893805 0.1870206489675516 0.07846607669616519
0 0.3380530973451327 0.13451327433628318 0.058997050147492625 0.18171091445427728
0 0.2336283185840708 0.11327433628318584 0.1616519174041298 0.10501474926253687
0 0.3333333333333333 0.51976401179941 0.03185840707964602 0.06725663716814159
0 0.4056047197640118 0.6020648967551623 0.16342182890855456 0.1079646017699115
0 0.4672566371681416 0.5887905604719764 0.1463126843657817 0.11445427728613569
0 0.2604719764011799 0.6666666666666666 0.09144542772861357 0.07669616519174041
0 0.2569321533923304 0.5985250737463127 0.07020648967551622 0.06430678466076696
