0 0.8654867256637168 0.1952802359882006 0.0943952802359882 0.05073746312684366
0 0.8687315634218289 0.328023598820059 0.04896755162241888 0.16991150442477876
0 0.8669616519174042 0.46342182890855455 0.07138643067846608 0.07728613569321534
0 0.7752212389380531 0.4480825958702065 0.05309734513274336 0.10678466076696165
0 0.8743362831858407 0.6864306784660766 0.03775811209439528 0.07728613569321534
0 0.8784660766961652 0.7657817109144542 0.06017699115044248 0.08141592920353982
0 0.879646017699115 0.9442477876106194 0.054277286135693215 0.09262536873156342
0 0.7519174041297935 0.815929203539823 0.052507374631268436 0.05781710914454277
0 0.7412979351032448 0.943952802359882 0.07020648967551622 0.05073746312684366
0 0.5949852507374631 0.9203539823008849 0.047787610619469026 0.06489675516224189
1 0.4646017699115044 0.8817109144542773 0.03716814159292035 0.038348082595870206
0 0.3215339233038348 0.9410029498525073 0.12035398230088495 0.05191740412979351
1 0.14513274336283186 0.9029498525073746 0.040117994100294985 0.03480825958702065
0 0.1415929203539823 0.7687315634218289 0.05545722713864307 0.05073746312684366
1 0.2935103244837758 0.775811209439528 0.047787610619469026 0.058997050147492625
0 0.46932153392330384 0.7498525073746313 0.06312684365781711 0.06607669616519174
0 0.6265486725663717 0.8185840707964601 0.13333333333333333 0.052507374631268436
0 0.7764011799410029 0.6890855457227139 0.05309734513274336 0.13333333333333333
0 0.6371681415929203 0.6365781710914454 0.06725663716814159 0.10737463126843658
0 0.640117994100295 0.5339233038348082 0.05309734513274336 0.05663716814159292
0 0.47168141592920354 0.5336283185840708 0.05604719764011799 0.07728613569321534
0 0.45545722713864306 0.6752212389380531 0.071976401179941 0.06548672566371681
0 0.31091445427728615 0.6271386430678466 0.054277286135693215 0.05781710914454277
1 0.13333333333333333 0.6115044247787611 0.04247787610619469 0.05604719764011799
0 0.15014749262536872 0.4911504424778761 0.04188790560471976 0.0855457227138643
0 0.30737463126843656 0.48200589970501473 0.03893805309734513 0.08495575221238938
0 0.3185840707964602 0.37374631268436576 0.05073746312684366 0.061946902654867256
0 0.49144542772861355 0.3985250737463127 0.0471976401179941 0.0607669616519174
0 0.628023598820059 0.3221238938053097 0.04660766961651917 0.10383480825958702
0 0.6324483775811209 0.21858407079646017 0.040117994100294985 0.0855457227138643
0 0.4935103244837758 0.23008849557522124 0.06666666666666667 0.071976401179941
0 0.2949852507374631 0.16371681415929204 0.08141592920353982 0.06902654867256637
1 0.15516224188790562 0.18495575221238938 0.06017699115044248 0.06548672566371681
0 0.1457227138643068 0.36607669616519173 0.058997050147492625 0.0607669616519174
