0 0.8973451327433628 0.22123893805309736 0.08967551622418879 0.17581120943952802
0 0.8929203539823009 0.3415929203539823 0.08672566371681416 0.17935103244837758
0 0.8802359882005899 0.49321533923303834 0.11799410029498525 0.08731563421828908
1 0.8442477876106195 0.6017699115044248 0.022418879056047197 0.044837758112094395
0 0.852212389380531 0.6817109144542772 0.09262536873156342 0.03952802359882006
1 0.6920353982300885 0.7179941002949852 0.03657817109144543 0.03893805309734513
1 0.48849557522123893 0.48200589970501473 0.04837758112094395 0.025958702064896755
1 0.32890855457227136 0.4424778761061947 0.038348082595870206 0.022418879056047197
1 0.6734513274336283 0.1935103244837758 0.02654867256637168 0.029498525073746312
1 0.7530973451327434 0.32271386430678467 0.032448377581120944 0.03775811209439528
0 0.791740412979351 0.18141592920353983 0.06725663716814159 0.1374631268436578
1 0.7463126843657817 0.44011799410029495 0.040117994100294985 0.03657817109144543
0 0.6766961651917404 0.5843657817109145 0.18289085545722714 0.09262536873156342
0 0.5896755162241888 0.5330383480825959 0.05604719764011799 0.1303834808259587
0 0.528023598820059 0.5811209439528023 0.05663716814159292 0.03775811209439528
0 0.4905604719764012 0.36106194690265486 0.16696165191740414 0.058997050147492625
0 0.6203539823008849 0.33657817109144544 0.05368731563421829 0.12802359882005898
0 0.5389380530973451 0.19557522123893806 0.027728613569321534 0.07256637168141593
0 0.4289085545722714 0.20648967551622419 0.09911504424778761 0.12625368731563422
0 0.3693215339233038 0.3094395280235988 0.09793510324483776 0.17168141592920355
0 0.2728613569321534 0.24955752212389382 0.07138643067846608 0.16755162241887905
0 0.2581120943952802 0.3023598820058997 0.04424778761061947 0.0359882005899705
0 0.23156342182890854 0.4469026548672566 0.09262536873156342 0.04424778761061947
0 0.3938053097345133 0.6020648967551623 0.09144542772861357 0.1952802359882006
0 0.4784660766961652 0.7141592920353982 0.15457227138643068 0.047787610619469026
0 0.38259587020648966 0.7498525073746313 0.0607669616519174 0.0967551622418879
0 0.7100294985250737 0.8793510324483775 0.1079646017699115 0.06430678466076696
0 0.4905604719764012 0.8787610619469026 0.0855457227138643 0.14690265486725662
0 0.22743362831858407 0.7595870206489675 0.17404129793510326 0.09970501474926254
0 0.3421828908554572 0.8619469026548673 0.058997050147492625 0.17345132743362832
0 0.1327433628318584 0.9227138643067847 0.13333333333333333 0.11091445427728613
0 0.8793510324483775 0.8572271386430679 0.07020648967551622 0.11209439528023599
0 0.2312684365781711 0.5902654867256637 0.07551622418879056 0.03716814159292035
0 0.5849557522123894 0.4557522123893805 0.07138643067846608 0.12802359882005898
