1 0.8761061946902655 0.10855457227138643 0.03657817109144543 0.02831858407079646
1 0.8755162241887906 0.27463126843657815 0.035398230088495575 0.02654867256637168
1 0.8746312684365781 0.4392330383480826 0.03952802359882006 0.02654867256637168
1 0.8755162241887906 0.5828908554572272 0.035398230088495575 0.030678466076696165
1 0.8634218289085546 0.7053097345132743 0.02536873156342183 0.03716814159292035
1 0.8675516224188791 0.8663716814159292 0.019469026548672566 0.038348082595870206
1 0.7224188790560472 0.8345132743362832 0.032448377581120944 0.033628318584070796
1 0.7094395280235988 0.6997050147492625 0.032448377581120944 0.02831858407079646
1 0.7132743362831858 0.5764011799410029 0.030678466076696165 0.022418879056047197
1 0.7138643067846607 0.43952802359882004 0.029498525073746312 0.022418879056047197
1 0.7002949852507374 0.28053097345132744 0.03657817109144543 0.02654867256637168
1 0.7 0.11474926253687315 0.032448377581120944 0.03008849557522124
1 0.5501474926253688 0.12536873156342182 0.03126843657817109 0.027728613569321534
1 0.5483775811209439 0.29882005899705016 0.038348082595870206 0.028908554572271386
1 0.5513274336283186 0.44011799410029495 0.032448377581120944 0.022418879056047197
1 0.5519174041297935 0.5775811209439528 0.033628318584070796 0.025958702064896755
1 0.5495575221238937 0.7002949852507374 0.028908554572271386 0.027138643067846607
1 0.5566371681415929 0.8445427728613569 0.03480825958702065 0.019469026548672566
1 0.4061946902654867 0.8309734513274336 0.032448377581120944 0.032448377581120944
1 0.396165191740413 0.7073746312684366 0.033628318584070796 0.027138643067846607
1 0.3943952802359882 0.5778761061946902 0.033628318584070796 0.02536873156342183
1 0.39410029498525073 0.44542772861356933 0.03657817109144543 0.02831858407079646
1 0.38672566371681416 0.3008849557522124 0.038348082595870206 0.024778761061946902
1 0.3781710914454277 0.14129793510324484 0.035398230088495575 0.03008849557522124
1 0.23716814159292035 0.1480825958702065 0.03657817109144543 0.029498525073746312
1 0.2448377581120944 0.29852507374631265 0.029498525073746312 0.02359882005899705
1 0.240117994100295 0.44778761061946903 0.03657817109144543 0.02359882005899705
1 0.2510324483775811 0.587905604719764 0.03126843657817109 0.02654867256637168
1 0.24424778761061947 0.720353982300885 0.030678466076696165 0.035398230088495575
1 0.2342182890855457 0.8330383480825958 0.030678466076696165 0.022418879056047197
1 0.0663716814159292 0.8333333333333334 0.03480825958702065 0.027728613569321534
1 0.06548672566371681 0.7215339233038348 0.03657817109144543 0.025958702064896755
1 0.06460176991150443 0.5958702064896755 0.033628318584070796 0.03303834808259587
1 0.06312684365781711 0.4498525073746313 0.02831858407079646 0.023008849557522124
1 0.071976401179941 0.29970501474926253 0.03185840707964602 0.022418879056047197
1 0.06489675516224189 0.1448377581120944 0.027138643067846607 0.02182890855457227
