0 0.8825958702064897 0.18997050147492625 0.06607669616519174 0.07905604719764012
1 0.8348082595870207 0.3079646017699115 0.05191740412979351 0.03657817109144543
0 0.8495575221238938 0.41297935103244837 0.03657817109144543 0.044837758112094395
0 0.8896755162241887 0.536283185840708 0.049557522123893805 0.035398230088495575
0 0.8769911504424779 0.7179941002949852 0.04896755162241888 0.08495575221238938
0 0.8970501474926253 0.8802359882005899 0.04188790560471976 0.04129793510324484
0 0.796165191740413 0.8395280235988201 0.07256637168141593 0.10855457227138643
0 0.6466076696165192 0.8908554572271387 0.04365781710914454 0.04247787610619469
0 0.5215339233038347 0.8663716814159292 0.1415929203539823 0.09144542772861357
0 0.3607669616519174 0.8613569321533923 0.12330383480825959 0.07079646017699115
0 0.23569321533923304 0.8262536873156342 0.061946902654867256 0.0808259587020649
0 0.23156342182890854 0.7563421828908554 0.11858407079646018 0.058997050147492625
0 0.3424778761061947 0.7418879056047197 0.09616519174041298 0.07256637168141593
1 0.5002949852507375 0.7162241887905605 0.04601769911504425 0.03775811209439528
0 0.664306784660767 0.7380530973451327 0.08967551622418879 0.03657817109144543
1 0.7666666666666666 0.7289085545722713 0.05132743362831858 0.033628318584070796
0 0.727433628318584 0.5825958702064896 0.09793510324483776 0.07728613569321534
0 0.6274336283185841 0.5424778761061947 0.07846607669616519 0.15516224188790562
1 0.49675516224188787 0.6014749262536873 0.05073746312684366 0.03952802359882006
0 0.3292035398230089 0.5383480825958702 0.1191740412979351 0.05604719764011799
0 0.21799410029498525 0.5740412979351033 0.043067846607669616 0.04365781710914454
0 0.463716814159292 0.47935103244837757 0.05191740412979351 0.05014749262536873
0 0.3368731563421829 0.44365781710914454 0.11209439528023599 0.1168141592920354
0 0.21946902654867256 0.44424778761061945 0.03775811209439528 0.05309734513274336
0 0.22389380530973452 0.3309734513274336 0.1303834808259587 0.10501474926253687
0 0.3123893805309734 0.3247787610619469 0.05486725663716814 0.05604719764011799
0 0.45781710914454277 0.33421828908554574 0.07905604719764012 0.08436578171091445
0 0.5734513274336284 0.39705014749262535 0.12507374631268436 0.07787610619469026
0 0.6749262536873156 0.3828908554572271 0.0743362831858407 0.14985250737463127
0 0.7253687315634219 0.2713864306784661 0.03480825958702065 0.04247787610619469
1 0.7271386430678466 0.22743362831858407 0.03126843657817109 0.047787610619469026
0 0.5657817109144543 0.24188790560471976 0.13215339233038348 0.12035398230088495
0 0.6106194690265486 0.15368731563421828 0.12625368731563422 0.13628318584070798
0 0.4533923303834808 0.1584070796460177 0.08672566371681416 0.14454277286135692
0 0.3430678466076696 0.2112094395280236 0.05132743362831858 0.08731563421828908
0 0.2351032448377581 0.22094395280235987 0.18348082595870208 0.07020648967551622
