0 0.8607669616519174 0.1831858407079646 0.07905604719764012 0.033628318584070796
0 0.8725663716814159 0.31150442477876106 0.054277286135693215 0.11327433628318584
0 0.863716814159292 0.4672566371681416 0.05663716814159292 0.071976401179941
0 0.8693215339233038 0.6660766961651917 0.03952802359882006 0.08967551622418879
0 0.8781710914454277 0.7463126843657817 0.06312684365781711 0.06725663716814159
0 0.8802359882005899 0.9179941002949852 0.03893805309734513 0.06843657817109144
0 0.7504424778761062 0.7902654867256637 0.05545722713864307 0.057227138643067846
0 0.7380530973451327 0.928023598820059 0.04601769911504425 0.07669616519174041
0 0.5949852507374631 0.9171091445427728 0.03952802359882006 0.07728613569321534
0 0.46135693215339235 0.8663716814159292 0.035398230088495575 0.043067846607669616
0 0.6064896755162241 0.8014749262536873 0.08967551622418879 0.07728613569321534
0 0.46607669616519176 0.7368731563421829 0.030678466076696165 0.06017699115044248
0 0.45663716814159294 0.6589970501474927 0.06607669616519174 0.05545722713864307
0 0.631858407079646 0.6554572271386431 0.05309734513274336 0.06017699115044248
0 0.7728613569321534 0.6622418879056047 0.03775811209439528 0.09970501474926254
0 0.30265486725663715 0.9244837758112094 0.04365781710914454 0.05663716814159292
0 0.14513274336283186 0.9050147492625369 0.04601769911504425 0.03893805309734513
1 0.2926253687315634 0.7581120943952803 0.040117994100294985 0.05191740412979351
0 0.14454277286135692 0.7427728613569321 0.05663716814159292 0.04601769911504425
1 0.13185840707964602 0.6041297935103245 0.04188790560471976 0.03893805309734513
0 0.31091445427728615 0.6123893805309735 0.04601769911504425 0.058997050147492625
0 0.46755162241887904 0.5156342182890855 0.0584070796460177 0.07315634218289085
0 0.6415929203539823 0.523598820058997 0.047787610619469026 0.04660766961651917
0 0.7731563421828909 0.4463126843657817 0.04896755162241888 0.0855457227138643
0 0.7772861356932154 0.30914454277286135 0.03480825958702065 0.07905604719764012
0 0.7699115044247787 0.16607669616519175 0.035398230088495575 0.09262536873156342
0 0.6289085545722713 0.20294985250737463 0.03893805309734513 0.0743362831858407
0 0.631858407079646 0.3141592920353982 0.03893805309734513 0.06548672566371681
0 0.48761061946902656 0.3710914454277286 0.04070796460176991 0.06489675516224189
0 0.31209439528023597 0.36519174041297936 0.049557522123893805 0.06489675516224189
0 0.30737463126843656 0.47168141592920354 0.03303834808259587 0.07138643067846608
0 0.14660766961651917 0.47581120943952804 0.04660766961651917 0.07964601769911504
1 0.14926253687315633 0.3374631268436578 0.04365781710914454 0.030678466076696165
0 0.3135693215339233 0.17286135693215338 0.038348082595870206 0.07315634218289085
0 0.4976401179941003 0.212094395280236 0.06666666666666667 0.05604719764011799
0 0.15132743362831858 0.15899705014749263 0.04542772861356932 0.05604719764011799
