0 0.8991150442477875 0.12035398230088495 0.040117994100294985 0.040117994100294985
0 0.8790560471976401 0.2784660766961652 0.0471976401179941 0.08141592920353982
0 0.8867256637168142 0.4646017699115044 0.054277286135693215 0.04070796460176991
0 0.8528023598820059 0.5929203539823009 0.04070796460176991 0.05663716814159292
1 0.8306784660766962 0.6914454277286135 0.04365781710914454 0.05309734513274336
0 0.8867256637168142 0.8165191740412979 0.05191740412979351 0.08731563421828908
0 0.727433628318584 0.7265486725663717 0.03421828908554572 0.03952802359882006
1 0.7277286135693215 0.772566371681416 0.032448377581120944 0.04188790560471976
0 0.5663716814159292 0.7584070796460177 0.13333333333333333 0.12212389380530973
0 0.6100294985250737 0.8498525073746312 0.12507374631268436 0.1351032448377581
0 0.4575221238938053 0.8392330383480826 0.08436578171091445 0.13628318584070798
0 0.3454277286135693 0.7825958702064897 0.05014749262536873 0.0808259587020649
0 0.23333333333333334 0.7828908554572271 0.17286135693215338 0.07315634218289085
0 0.22595870206489677 0.6687315634218289 0.12389380530973451 0.10442477876106195
0 0.31386430678466076 0.6761061946902654 0.05191740412979351 0.05309734513274336
0 0.45781710914454277 0.6684365781710915 0.07315634218289085 0.08023598820058997
0 0.5775811209439528 0.6056047197640118 0.1168141592920354 0.07846607669616519
0 0.6755162241887905 0.6168141592920354 0.07315634218289085 0.14926253687315633
0 0.735693215339233 0.412094395280236 0.10973451327433628 0.07846607669616519
0 0.6253687315634218 0.45191740412979353 0.07669616519174041 0.15811209439528023
1 0.4958702064896755 0.3985250737463127 0.05604719764011799 0.04660766961651917
0 0.4648967551622419 0.5179941002949853 0.05073746312684366 0.04365781710914454
0 0.3368731563421829 0.5640117994100295 0.10973451327433628 0.13097345132743363
0 0.21710914454277286 0.5507374631268437 0.03657817109144543 0.05368731563421829
0 0.22123893805309736 0.42359882005899707 0.04365781710914454 0.04365781710914454
0 0.32831858407079645 0.4592920353982301 0.11268436578171091 0.061946902654867256
1 0.4952802359882006 0.2784660766961652 0.04188790560471976 0.03657817109144543
0 0.6625368731563421 0.26430678466076696 0.07905604719764012 0.03893805309734513
1 0.7672566371681416 0.27079646017699116 0.05486725663716814 0.03775811209439528
0 0.7955752212389381 0.15899705014749263 0.07492625368731563 0.10914454277286136
0 0.6474926253687315 0.10914454277286136 0.04188790560471976 0.049557522123893805
0 0.5176991150442478 0.14041297935103245 0.13628318584070798 0.08967551622418879
0 0.3640117994100295 0.14424778761061946 0.10855457227138643 0.06666666666666667
0 0.34424778761061947 0.2542772861356932 0.09970501474926254 0.07551622418879056
0 0.2351032448377581 0.17787610619469027 0.06312684365781711 0.08790560471976401
0 0.228023598820059 0.2424778761061947 0.11622418879056047 0.06253687315634218
