1 0.9386430678466077 0.1486725663716814 0.027138643067846607 0.021238938053097345
1 0.931858407079646 0.3209439528023599 0.02654867256637168 0.03775811209439528
1 0.9362831858407079 0.45486725663716815 0.022418879056047197 0.02359882005899705
0 0.9389380530973451 0.5973451327433629 0.032448377581120944 0.0359882005899705
1 0.9191740412979351 0.7044247787610619 0.035398230088495575 0.029498525073746312
1 0.9333333333333333 0.8309734513274336 0.035398230088495575 0.04070796460176991
1 0.7433628318584071 0.8271386430678466 0.027138643067846607 0.04365781710914454
1 0.5870206489675516 0.8079646017699115 0.03657817109144543 0.03126843657817109
1 0.45191740412979353 0.8707964601769911 0.03421828908554572 0.03657817109144543
1 0.3017699115044248 0.8563421828908554 0.02536873156342183 0.04070796460176991
1 0.11091445427728613 0.8746312684365781 0.030678466076696165 0.032448377581120944
1 0.13156342182890857 0.7047197640117994 0.02831858407079646 0.038348082595870206
1 0.2911504424778761 0.7174041297935103 0.038348082595870206 0.03775811209439528
0 0.4604719764011799 0.7109144542772862 0.03952802359882006 0.04837758112094395
1 0.6109144542772861 0.7188790560471976 0.033628318584070796 0.03480825958702065
0 0.7418879056047197 0.699410029498525 0.03480825958702065 0.033628318584070796
0 0.7513274336283186 0.591740412979351 0.02536873156342183 0.024778761061946902
0 0.6070796460176991 0.5814159292035398 0.035398230088495575 0.018289085545722714
0 0.45014749262536874 0.5817109144542773 0.029498525073746312 0.024778761061946902
0 0.29410029498525075 0.5982300884955752 0.038348082595870206 0.03775811209439528
0 0.1415929203539823 0.5566371681415929 0.03303834808259587 0.04188790560471976
0 0.13805309734513274 0.46755162241887904 0.027138643067846607 0.04070796460176991
1 0.2911504424778761 0.43716814159292033 0.03480825958702065 0.024778761061946902
1 0.45191740412979353 0.4421828908554572 0.03421828908554572 0.024188790560471976
1 0.6306784660766962 0.46017699115044247 0.022418879056047197 0.04129793510324484
0 0.7722713864306785 0.43215339233038347 0.022418879056047197 0.04424778761061947
0 0.7820058997050148 0.33539823008849556 0.02536873156342183 0.038348082595870206
1 0.6292035398230088 0.33421828908554574 0.033628318584070796 0.02536873156342183
1 0.4545722713864307 0.28525073746312685 0.03952802359882006 0.027728613569321534
1 0.33421828908554574 0.3070796460176991 0.027728613569321534 0.04896755162241888
1 0.12831858407079647 0.3088495575221239 0.038348082595870206 0.032448377581120944
1 0.1457227138643068 0.08377581120943953 0.03421828908554572 0.03303834808259587
1 0.2994100294985251 0.11858407079646018 0.032448377581120944 0.029498525073746312
1 0.47935103244837757 0.140117994100295 0.032448377581120944 0.032448377581120944
0 0.6451327433628319 0.17168141592920355 0.028908554572271386 0.0471976401179941
1 0.8262536873156342 0.18672566371681415 0.02654867256637168 0.033628318584070796
