1 0.8710914454277287 0.10501474926253687 0.0359882005899705 0.03185840707964602
1 0.8775811209439528 0.27699115044247785 0.033628318584070796 0.02536873156342183
1 0.8740412979351032 0.4383480825958702 0.03480825958702065 0.022418879056047197
1 0.8761061946902655 0.5831858407079646 0.03421828908554572 0.027728613569321534
1 0.8799410029498524 0.7147492625368731 0.03716814159292035 0.024188790560471976
1 0.879646017699115 0.8749262536873156 0.029498525073746312 0.029498525073746312
1 0.5495575221238937 0.7011799410029499 0.032448377581120944 0.027728613569321534
1 0.7070796460176991 0.6988200589970501 0.032448377581120944 0.02654867256637168
1 0.06460176991150443 0.8330383480825958 0.033628318584070796 0.022418879056047197
1 0.06283185840707964 0.7206489675516224 0.03126843657817109 0.02536873156342183
1 0.2424778761061947 0.7194690265486725 0.030678466076696165 0.027728613569321534
1 0.39469026548672564 0.7115044247787611 0.030678466076696165 0.02359882005899705
1 0.7162241887905605 0.58023598820059 0.03421828908554572 0.02536873156342183
1 0.5495575221238937 0.5775811209439528 0.03008849557522124 0.024778761061946902
1 0.3938053097345133 0.5796460176991151 0.032448377581120944 0.024188790560471976
1 0.24985250737463127 0.5867256637168141 0.033628318584070796 0.024188790560471976
1 0.06342182890855458 0.5988200589970502 0.02654867256637168 0.02831858407079646
1 0.06371681415929203 0.4486725663716814 0.03185840707964602 0.02536873156342183
1 0.2392330383480826 0.44778761061946903 0.032448377581120944 0.027138643067846607
1 0.3896755162241888 0.44542772861356933 0.03480825958702065 0.022418879056047197
1 0.5501474926253688 0.4421828908554572 0.033628318584070796 0.02654867256637168
1 0.7144542772861356 0.4392330383480826 0.030678466076696165 0.018289085545722714
1 0.6997050147492625 0.28525073746312685 0.03775811209439528 0.023008849557522124
1 0.5451327433628319 0.2994100294985251 0.03775811209439528 0.02536873156342183
1 0.3846607669616519 0.3014749262536873 0.03657817109144543 0.02359882005899705
1 0.24631268436578171 0.2994100294985251 0.02654867256637168 0.02536873156342183
1 0.06932153392330384 0.30029498525073745 0.03480825958702065 0.021238938053097345
1 0.06283185840707964 0.1433628318584071 0.033628318584070796 0.022418879056047197
1 0.2407079646017699 0.1398230088495575 0.03185840707964602 0.02359882005899705
1 0.375811209439528 0.1398230088495575 0.03657817109144543 0.02359882005899705
1 0.5504424778761062 0.12300884955752212 0.030678466076696165 0.024188790560471976
1 0.7002949852507374 0.11740412979351032 0.029498525073746312 0.029498525073746312
1 0.720353982300885 0.8569321533923304 0.03657817109144543 0.027728613569321534
1 0.5551622418879056 0.8471976401179941 0.035398230088495575 0.025958702064896755
1 0.39557522123893807 0.8471976401179941 0.033628318584070796 0.022418879056047197
1 0.24129793510324482 0.8415929203539823 0.03657817109144543 0.027728613569321534
