1 0.9336283185840708 0.14424778761061946 0.027728613569321534 0.018289085545722714
1 0.9265486725663716 0.2994100294985251 0.033628318584070796 0.01710914454277286
1 0.9345132743362832 0.4498525073746313 0.027138643067846607 0.019469026548672566
1 0.9345132743362832 0.5979351032448378 0.027138643067846607 0.02654867256637168
1 0.935693215339233 0.71976401179941 0.03775811209439528 0.029498525073746312
1 0.9330383480825959 0.8339233038348083 0.03480825958702065 0.02182890855457227
1 0.7566371681415929 0.8415929203539823 0.033628318584070796 0.019469026548672566
1 0.603834808259587 0.8501474926253687 0.0359882005899705 0.022418879056047197
1 0.4421828908554572 0.8486725663716814 0.03716814159292035 0.027728613569321534
1 0.27728613569321536 0.855457227138643 0.029498525073746312 0.022418879056047197
1 0.11799410029498525 0.8755162241887906 0.029498525073746312 0.030678466076696165
1 0.1182890855457227 0.7138643067846607 0.04070796460176991 0.020058997050147492
1 0.29233038348082596 0.6991150442477876 0.032448377581120944 0.021238938053097345
1 0.44837758112094395 0.6985250737463127 0.03775811209439528 0.02831858407079646
1 0.6044247787610619 0.7070796460176991 0.03480825958702065 0.02536873156342183
1 0.7557522123893805 0.7179941002949852 0.029498525073746312 0.02831858407079646
1 0.7492625368731564 0.5867256637168141 0.03185840707964602 0.024188790560471976
1 0.603834808259587 0.5784660766961652 0.0359882005899705 0.02654867256637168
1 0.4469026548672566 0.5781710914454277 0.03480825958702065 0.01887905604719764
1 0.287905604719764 0.5784660766961652 0.03657817109144543 0.02654867256637168
1 0.12359882005899706 0.5828908554572272 0.033628318584070796 0.030678466076696165
1 0.12330383480825959 0.4392330383480826 0.040117994100294985 0.02654867256637168
1 0.2855457227138643 0.4392330383480826 0.03185840707964602 0.024188790560471976
1 0.44778761061946903 0.44365781710914454 0.040117994100294985 0.029498525073746312
1 0.6085545722713864 0.4457227138643068 0.03480825958702065 0.027728613569321534
1 0.7563421828908554 0.4480825958702065 0.035398230088495575 0.02536873156342183
1 0.7542772861356932 0.3005899705014749 0.02536873156342183 0.019469026548672566
1 0.6126843657817109 0.3023598820058997 0.03480825958702065 0.027728613569321534
1 0.4533923303834808 0.3005899705014749 0.04188790560471976 0.02536873156342183
1 0.29970501474926253 0.2825958702064897 0.035398230088495575 0.020058997050147492
1 0.11740412979351032 0.279646017699115 0.044837758112094395 0.02831858407079646
1 0.12477876106194691 0.10619469026548672 0.03126843657817109 0.03775811209439528
1 0.2967551622418879 0.115929203539823 0.035398230088495575 0.032448377581120944
1 0.4498525073746313 0.12123893805309735 0.032448377581120944 0.03126843657817109
1 0.61976401179941 0.14277286135693215 0.038348082595870206 0.025958702064896755
1 0.7581120943952803 0.13775811209439529 0.02831858407079646 0.02536873156342183
