1 0.875221238938053 0.11120943952802359 0.032448377581120944 0.023008849557522124
1 0.8775811209439528 0.27699115044247785 0.033628318584070796 0.02536873156342183
1 0.871976401179941 0.4377581120943953 0.030678466076696165 0.021238938053097345
1 0.8761061946902655 0.5831858407079646 0.03421828908554572 0.027728613569321534
1 0.8651917404129793 0.708259587020649 0.027728613569321534 0.03952802359882006
1 0.8678466076696165 0.8707964601769911 0.024778761061946902 0.03657817109144543
1 0.7224188790560472 0.8351032448377581 0.032448377581120944 0.02654867256637168
1 0.5528023598820059 0.8445427728613569 0.03657817109144543 0.023008849557522124
1 0.5504424778761062 0.7032448377581121 0.03421828908554572 0.02359882005899705
1 0.7056047197640118 0.7002949852507374 0.035398230088495575 0.029498525073746312
1 0.4026548672566372 0.8306784660766962 0.03126843657817109 0.030678466076696165
1 0.23303834808259588 0.8327433628318583 0.03657817109144543 0.02654867256637168
1 0.06460176991150443 0.8330383480825958 0.033628318584070796 0.022418879056047197
1 0.06283185840707964 0.7230088495575221 0.03126843657817109 0.03008849557522124
1 0.2424778761061947 0.7194690265486725 0.030678466076696165 0.027728613569321534
1 0.39469026548672564 0.7115044247787611 0.030678466076696165 0.02359882005899705
1 0.7162241887905605 0.58023598820059 0.03421828908554572 0.02536873156342183
1 0.5492625368731563 0.5769911504424778 0.029498525073746312 0.02359882005899705
1 0.3938053097345133 0.5796460176991151 0.032448377581120944 0.024188790560471976
1 0.24985250737463127 0.5867256637168141 0.033628318584070796 0.024188790560471976
1 0.06135693215339233 0.5967551622418878 0.030678466076696165 0.032448377581120944
1 0.06371681415929203 0.4486725663716814 0.03185840707964602 0.02536873156342183
1 0.2392330383480826 0.44778761061946903 0.032448377581120944 0.027138643067846607
1 0.3896755162241888 0.44542772861356933 0.03480825958702065 0.022418879056047197
1 0.5501474926253688 0.4421828908554572 0.033628318584070796 0.02654867256637168
1 0.7144542772861356 0.4392330383480826 0.030678466076696165 0.018289085545722714
1 0.6997050147492625 0.28112094395280235 0.03775811209439528 0.03126843657817109
1 0.5424778761061947 0.3 0.032448377581120944 0.02654867256637168
1 0.38377581120943954 0.2994100294985251 0.03480825958702065 0.027728613569321534
1 0.24572271386430677 0.2967551622418879 0.02536873156342183 0.020058997050147492
1 0.06814159292035399 0.29882005899705016 0.032448377581120944 0.018289085545722714
1 0.06283185840707964 0.1433628318584071 0.033628318584070796 0.022418879056047197
1 0.2383480825958702 0.1480825958702065 0.03421828908554572 0.029498525073746312
1 0.37168141592920356 0.14277286135693215 0.03657817109144543 0.029498525073746312
1 0.5483775811209439 0.12566371681415928 0.02654867256637168 0.029498525073746312
1 0.7035398230088495 0.11887905604719765 0.0359882005899705 0.032448377581120944
