1 0.8404129793510324 0.12330383480825959 0.04070796460176991 0.029498525073746312
1 0.8424778761061946 0.3607669616519174 0.03657817109144543 0.024188790560471976
1 0.8430678466076696 0.5174041297935104 0.035398230088495575 0.030678466076696165
1 0.8489675516224189 0.6345132743362831 0.03185840707964602 0.02064896755162242
1 0.8489675516224189 0.7825958702064897 0.035398230088495575 0.0359882005899705
1 0.8672566371681416 0.8908554572271387 0.03185840707964602 0.030678466076696165
1 0.7123893805309734 0.9209439528023599 0.024188790560471976 0.035398230088495575
1 0.564306784660767 0.9112094395280236 0.03126843657817109 0.03008849557522124
1 0.4050147492625369 0.911504424778761 0.02654867256637168 0.029498525073746312
1 0.2651917404129793 0.9035398230088495 0.0359882005899705 0.027728613569321534
1 0.10471976401179942 0.9020648967551622 0.02536873156342183 0.02831858407079646
1 0.10501474926253687 0.763716814159292 0.025958702064896755 0.02654867256637168
1 0.24778761061946902 0.7651917404129793 0.03185840707964602 0.029498525073746312
1 0.39764011799410026 0.7651917404129793 0.03775811209439528 0.029498525073746312
1 0.5504424778761062 0.7722713864306785 0.02831858407079646 0.02359882005899705
1 0.7005899705014749 0.7755162241887905 0.03716814159292035 0.027728613569321534
1 0.6855457227138643 0.6265486725663717 0.029498525073746312 0.02831858407079646
1 0.5268436578171092 0.6253687315634218 0.029498525073746312 0.02831858407079646
1 0.3831858407079646 0.6386430678466076 0.027728613569321534 0.02654867256637168
1 0.2377581120943953 0.6194690265486725 0.029498525073746312 0.022418879056047197
1 0.09174041297935104 0.6174041297935103 0.028908554572271386 0.02064896755162242
1 0.08967551622418879 0.4743362831858407 0.02831858407079646 0.035398230088495575
1 0.2365781710914454 0.4743362831858407 0.029498525073746312 0.02359882005899705
1 0.3787610619469026 0.4982300884955752 0.030678466076696165 0.032448377581120944
1 0.5374631268436578 0.5215339233038347 0.02831858407079646 0.030678466076696165
1 0.6887905604719764 0.5141592920353982 0.032448377581120944 0.027728613569321534
1 0.6793510324483776 0.3424778761061947 0.04188790560471976 0.02654867256637168
1 0.5129793510324484 0.35339233038348083 0.038348082595870206 0.027138643067846607
1 0.37315634218289084 0.3233038348082596 0.033628318584070796 0.025958702064896755
1 0.21474926253687315 0.32772861356932154 0.03893805309734513 0.02536873156342183
1 0.09734513274336283 0.33480825958702065 0.040117994100294985 0.02536873156342183
1 0.1 0.1471976401179941 0.032448377581120944 0.03126843657817109
1 0.2215339233038348 0.14837758112094396 0.028908554572271386 0.018289085545722714
1 0.36607669616519173 0.14660766961651917 0.027728613569321534 0.02536873156342183
1 0.6834808259587021 0.13421828908554573 0.0359882005899705 0.023008849557522124
1 0.5265486725663717 0.13952802359882005 0.03480825958702065 0.028908554572271386
