0 0.863716814159292 0.14513274336283186 0.10383480825958702 0.11209439528023599
0 0.8469026548672566 0.3153392330383481 0.09262536873156342 0.04896755162241888
1 0.8433628318584071 0.40176991150442476 0.02064896755162242 0.044837758112094395
0 0.743952802359882 0.56047197640118 0.03657817109144543 0.03657817109144543
1 0.7513274336283186 0.6778761061946903 0.027728613569321534 0.029498525073746312
1 0.6707964601769911 0.807669616519174 0.029498525073746312 0.02831858407079646
0 0.8820058997050148 0.5058997050147492 0.12389380530973451 0.08672566371681416
0 0.8958702064896755 0.6498525073746313 0.10442477876106195 0.1893805309734513
0 0.9023598820058997 0.7805309734513274 0.1056047197640118 0.17581120943952802
0 0.7973451327433628 0.7988200589970501 0.08436578171091445 0.14985250737463127
0 0.6162241887905605 0.6616519174041298 0.047787610619469026 0.12330383480825959
0 0.5398230088495575 0.8079646017699115 0.03303834808259587 0.08200589970501475
0 0.5790560471976401 0.5436578171091445 0.0831858407079646 0.1351032448377581
0 0.6737463126843658 0.415929203539823 0.1911504424778761 0.09793510324483776
0 0.587905604719764 0.46814159292035395 0.05486725663716814 0.1351032448377581
0 0.6943952802359882 0.2820058997050148 0.04365781710914454 0.04601769911504425
0 0.5218289085545723 0.4191740412979351 0.05486725663716814 0.04070796460176991
1 0.4864306784660767 0.5176991150442478 0.043067846607669616 0.02654867256637168
0 0.49911504424778763 0.6380530973451327 0.184070796460177 0.05958702064896755
0 0.4259587020648967 0.8041297935103244 0.10265486725663717 0.11091445427728613
0 0.2533923303834808 0.7498525073746313 0.07020648967551622 0.16991150442477876
0 0.25398230088495577 0.6982300884955752 0.0584070796460177 0.04188790560471976
0 0.36843657817109143 0.6884955752212389 0.09970501474926254 0.16519174041297935
1 0.3215339233038348 0.5628318584070796 0.04247787610619469 0.03303834808259587
0 0.22861356932153393 0.5530973451327433 0.09616519174041298 0.04070796460176991
0 0.3952802359882006 0.396165191740413 0.0943952802359882 0.19646017699115043
0 0.22359882005899706 0.4061946902654867 0.08613569321533923 0.03952802359882006
0 0.4766961651917404 0.2814159292035398 0.16755162241887905 0.05309734513274336
0 0.6935103244837758 0.13716814159292035 0.12094395280235988 0.13628318584070798
0 0.48584070796460177 0.11061946902654868 0.07846607669616519 0.1528023598820059
0 0.38023598820058996 0.24749262536873157 0.06430678466076696 0.09262536873156342
0 0.3339233038348083 0.12654867256637167 0.08967551622418879 0.22241887905604718
0 0.21297935103244836 0.24749262536873157 0.20766961651917404 0.09616519174041298
0 0.13097345132743363 0.08053097345132743 0.14513274336283186 0.10678466076696165
