0 0.7669616519174041 0.11622418879056047 0.16283185840707964 0.11091445427728613
0 0.768141592920354 0.24867256637168142 0.08377581120943953 0.05014749262536873
0 0.7365781710914454 0.35044247787610616 0.0855457227138643 0.05191740412979351
0 0.7368731563421829 0.6020648967551623 0.07315634218289085 0.06548672566371681
0 0.740117994100295 0.6710914454277286 0.09026548672566372 0.0831858407079646
0 0.6648967551622419 0.8212389380530973 0.09085545722713864 0.1640117994100295
0 0.5952802359882006 0.7988200589970501 0.15457227138643068 0.11327433628318584
0 0.4584070796460177 0.8056047197640118 0.03775811209439528 0.07728613569321534
1 0.3256637168141593 0.8047197640117993 0.03421828908554572 0.03775811209439528
0 0.24542772861356932 0.8250737463126844 0.10973451327433628 0.07846607669616519
0 0.13244837758112094 0.8182890855457227 0.11976401179941003 0.14749262536873156
0 0.11769911504424779 0.6498525073746313 0.10678466076696165 0.1846607669616519
0 0.17345132743362832 0.5914454277286135 0.0743362831858407 0.12094395280235988
0 0.2908554572271386 0.5982300884955752 0.16991150442477876 0.11799410029498525
0 0.38820058997050144 0.663126843657817 0.054277286135693215 0.12979351032448377
0 0.5312684365781711 0.592330383480826 0.1421828908554572 0.11091445427728613
0 0.5961651917404129 0.6023598820058997 0.15634218289085544 0.10265486725663717
0 0.2784660766961652 0.7182890855457227 0.0943952802359882 0.07610619469026549
0 0.31209439528023597 0.368141592920354 0.12507374631268436 0.15693215339233038
0 0.41887905604719766 0.5283185840707965 0.12271386430678466 0.052507374631268436
0 0.41327433628318583 0.4861356932153392 0.11976401179941003 0.07551622418879056
0 0.49203539823008846 0.47345132743362833 0.1415929203539823 0.12920353982300886
0 0.4766961651917404 0.4359882005899705 0.05781710914454277 0.022418879056047197
0 0.6056047197640118 0.3949852507374631 0.09970501474926254 0.20471976401179942
0 0.6669616519174041 0.5144542772861357 0.04188790560471976 0.07079646017699115
0 0.5227138643067847 0.2814159292035398 0.15575221238938053 0.05309734513274336
0 0.6380530973451327 0.26135693215339234 0.1893805309734513 0.07315634218289085
0 0.6634218289085546 0.13569321533923304 0.0607669616519174 0.184070796460177
0 0.5300884955752212 0.15486725663716813 0.1421828908554572 0.06784660766961652
0 0.3286135693215339 0.17374631268436577 0.08967551622418879 0.11386430678466077
0 0.2654867256637168 0.25663716814159293 0.12625368731563422 0.06371681415929203
0 0.15545722713864307 0.3144542772861357 0.04188790560471976 0.0967551622418879
0 0.1457227138643068 0.17286135693215338 0.13215339233038348 0.09793510324483776
1 0.10412979351032448 0.5277286135693215 0.03480825958702065 0.028908554572271386
