1 0.932448377581121 0.1687315634218289 0.03716814159292035 0.024778761061946902
1 0.9368731563421828 0.28112094395280235 0.03657817109144543 0.03126843657817109
1 0.9348082595870206 0.4020648967551622 0.032448377581120944 0.027728613569321534
1 0.9353982300884955 0.5501474926253688 0.03126843657817109 0.02182890855457227
1 0.9259587020648967 0.6985250737463127 0.03480825958702065 0.022418879056047197
1 0.9359882005899705 0.8560471976401179 0.02654867256637168 0.022418879056047197
1 0.7589970501474926 0.8619469026548673 0.02654867256637168 0.02359882005899705
1 0.6233038348082596 0.8587020648967552 0.03952802359882006 0.03126843657817109
1 0.4492625368731563 0.8746312684365781 0.03126843657817109 0.028908554572271386
1 0.296165191740413 0.8823008849557522 0.030678466076696165 0.03126843657817109
1 0.1303834808259587 0.8914454277286136 0.025958702064896755 0.027138643067846607
1 0.12182890855457226 0.7209439528023599 0.03716814159292035 0.024778761061946902
1 0.3005899705014749 0.7156342182890856 0.033628318584070796 0.021238938053097345
1 0.45191740412979353 0.6982300884955752 0.03657817109144543 0.027728613569321534
1 0.612094395280236 0.696165191740413 0.0359882005899705 0.02359882005899705
1 0.7545722713864307 0.6985250737463127 0.029498525073746312 0.020058997050147492
1 0.7589970501474926 0.5510324483775811 0.032448377581120944 0.022418879056047197
1 0.6085545722713864 0.5563421828908555 0.032448377581120944 0.024778761061946902
1 0.4463126843657817 0.55929203539823 0.03126843657817109 0.022418879056047197
1 0.2861356932153392 0.55929203539823 0.030678466076696165 0.016519174041297935
1 0.12448377581120944 0.5613569321533923 0.030678466076696165 0.024188790560471976
1 0.12536873156342182 0.4168141592920354 0.032448377581120944 0.028908554572271386
1 0.28702064896755164 0.4230088495575221 0.03480825958702065 0.024778761061946902
1 0.44778761061946903 0.42035398230088494 0.030678466076696165 0.023008849557522124
1 0.6044247787610619 0.42035398230088494 0.03480825958702065 0.023008849557522124
1 0.7507374631268436 0.412094395280236 0.032448377581120944 0.02536873156342183
1 0.7566371681415929 0.2837758112094395 0.03126843657817109 0.030678466076696165
1 0.6050147492625368 0.29469026548672567 0.03126843657817109 0.024188790560471976
1 0.4457227138643068 0.3035398230088496 0.03008849557522124 0.033628318584070796
1 0.2929203539823009 0.3014749262536873 0.033628318584070796 0.029498525073746312
1 0.11710914454277285 0.2855457227138643 0.038348082595870206 0.020058997050147492
1 0.11858407079646018 0.12536873156342182 0.035398230088495575 0.02536873156342183
1 0.2737463126843658 0.1448377581120944 0.03657817109144543 0.027728613569321534
1 0.44424778761061945 0.15221238938053097 0.03775811209439528 0.02831858407079646
1 0.6079646017699115 0.15339233038348082 0.047787610619469026 0.024778761061946902
1 0.7548672566371681 0.15663716814159293 0.043067846607669616 0.024188790560471976
