0 0.8781710914454277 0.058997050147492625 0.0607669616519174 0.10383480825958702
0 0.8784660766961652 0.23569321533923304 0.06371681415929203 0.07964601769911504
0 0.8746312684365781 0.32271386430678467 0.047787610619469026 0.06371681415929203
0 0.8684365781710914 0.5312684365781711 0.07669616519174041 0.08436578171091445
0 0.8887905604719764 0.6536873156342182 0.05014749262536873 0.1486725663716814
0 0.8634218289085546 0.8008849557522124 0.08436578171091445 0.047787610619469026
0 0.7899705014749262 0.8339233038348083 0.06843657817109144 0.1056047197640118
0 0.771386430678466 0.6882005899705015 0.05486725663716814 0.09970501474926254
0 0.7787610619469026 0.5507374631268437 0.06843657817109144 0.11504424778761062
0 0.7882005899705015 0.30914454277286135 0.05781710914454277 0.12035398230088495
0 0.751622418879056 0.18584070796460178 0.05781710914454277 0.05073746312684366
0 0.6504424778761062 0.17581120943952802 0.12212389380530973 0.058997050147492625
0 0.6339233038348082 0.3705014749262537 0.06312684365781711 0.11327433628318584
0 0.6386430678466076 0.46430678466076697 0.05368731563421829 0.06017699115044248
0 0.6380530973451327 0.6926253687315634 0.07138643067846608 0.06135693215339233
0 0.6286135693215339 0.7828908554572271 0.04070796460176991 0.08967551622418879
0 0.4911504424778761 0.7769911504424779 0.06784660766961652 0.06253687315634218
0 0.296165191740413 0.8404129793510324 0.08141592920353982 0.07610619469026549
1 0.15693215339233038 0.8191740412979351 0.058997050147492625 0.06784660766961652
0 0.15014749262536872 0.6315634218289086 0.04188790560471976 0.06548672566371681
0 0.3200589970501475 0.6238938053097345 0.05368731563421829 0.05604719764011799
0 0.5002949852507375 0.6035398230088496 0.06017699115044248 0.06017699115044248
0 0.47109144542772863 0.4687315634218289 0.057227138643067846 0.07374631268436578
0 0.3041297935103245 0.5144542772861357 0.04070796460176991 0.09321533923303835
0 0.15132743362831858 0.5135693215339233 0.04542772861356932 0.08908554572271386
1 0.13126843657817108 0.38259587020648966 0.04070796460176991 0.061946902654867256
0 0.7463126843657817 0.059882005899705014 0.0743362831858407 0.04660766961651917
0 0.591740412979351 0.061946902654867256 0.06253687315634218 0.06489675516224189
0 0.4646017699115044 0.1200589970501475 0.03126843657817109 0.04070796460176991
0 0.4696165191740413 0.26017699115044246 0.07787610619469026 0.06135693215339233
0 0.4533923303834808 0.33362831858407077 0.07020648967551622 0.04896755162241888
0 0.30855457227138644 0.368141592920354 0.05309734513274336 0.05309734513274336
0 0.3017699115044248 0.22359882005899706 0.06430678466076696 0.05073746312684366
0 0.3153392330383481 0.05398230088495575 0.09970501474926254 0.047787610619469026
0 0.14454277286135692 0.10412979351032448 0.03657817109144543 0.04424778761061947
0 0.1415929203539823 0.22418879056047197 0.06489675516224189 0.06371681415929203
