0 0.8530973451327434 0.08997050147492625 0.04129793510324484 0.02536873156342183
1 0.8587020648967552 0.2303834808259587 0.057227138643067846 0.05604719764011799
1 0.8654867256637168 0.38082595870206487 0.04601769911504425 0.05958702064896755
0 0.8504424778761062 0.5109144542772861 0.04660766961651917 0.08259587020648967
0 0.8519174041297934 0.6353982300884956 0.05781710914454277 0.05073746312684366
0 0.8486725663716814 0.8247787610619469 0.0607669616519174 0.0696165191740413
0 0.7047197640117994 0.8374631268436578 0.08436578171091445 0.07256637168141593
0 0.5032448377581121 0.772566371681416 0.06371681415929203 0.06430678466076696
0 0.5064896755162241 0.6100294985250737 0.061946902654867256 0.06489675516224189
0 0.6825958702064897 0.6188790560471976 0.044837758112094395 0.06371681415929203
0 0.3678466076696165 0.7849557522123893 0.033628318584070796 0.07728613569321534
0 0.36991150442477877 0.6784660766961652 0.054277286135693215 0.09557522123893805
0 0.22743362831858407 0.8271386430678466 0.03126843657817109 0.10265486725663717
0 0.1415929203539823 0.8050147492625369 0.0920353982300885 0.047787610619469026
0 0.12595870206489676 0.6814159292035398 0.05014749262536873 0.16283185840707964
0 0.21386430678466076 0.6905604719764011 0.0607669616519174 0.1079646017699115
0 0.22271386430678466 0.5510324483775811 0.061946902654867256 0.10147492625368731
0 0.13569321533923304 0.5306784660766961 0.06489675516224189 0.07728613569321534
0 0.36224188790560474 0.4666666666666667 0.05663716814159292 0.058997050147492625
0 0.5262536873156343 0.46607669616519176 0.06725663716814159 0.0743362831858407
0 0.6943952802359882 0.5185840707964602 0.04129793510324484 0.08495575221238938
0 0.6914454277286135 0.3740412979351032 0.049557522123893805 0.06135693215339233
0 0.5433628318584071 0.3238938053097345 0.07315634218289085 0.06371681415929203
0 0.36224188790560474 0.3466076696165192 0.06489675516224189 0.06902654867256637
0 0.2303834808259587 0.3064896755162242 0.05604719764011799 0.12094395280235988
0 0.12684365781710916 0.31622418879056047 0.04129793510324484 0.09321533923303835
0 0.12094395280235988 0.23569321533923304 0.06607669616519174 0.0831858407079646
0 0.2471976401179941 0.18141592920353983 0.058997050147492625 0.06430678466076696
0 0.37610619469026546 0.17640117994100296 0.1327433628318584 0.049557522123893805
0 0.5342182890855457 0.2551622418879056 0.04070796460176991 0.05486725663716814
0 0.7088495575221239 0.22979351032448378 0.04188790560471976 0.052507374631268436
0 0.684070796460177 0.0663716814159292 0.10678466076696165 0.05604719764011799
0 0.5368731563421829 0.1168141592920354 0.035398230088495575 0.03657817109144543
0 0.4014749262536873 0.07227138643067846 0.047787610619469026 0.06312684365781711
0 0.2604719764011799 0.05073746312684366 0.06312684365781711 0.07079646017699115
0 0.11622418879056047 0.0584070796460177 0.058997050147492625 0.08849557522123894
