0 0.8743362831858407 0.12920353982300886 0.0743362831858407 0.044837758112094395
0 0.8463126843657817 0.23716814159292035 0.05486725663716814 0.04365781710914454
0 0.8693215339233038 0.45014749262536874 0.047787610619469026 0.08023598820058997
1 0.8837758112094395 0.551622418879056 0.049557522123893805 0.040117994100294985
1 0.8811209439528024 0.6899705014749262 0.03480825958702065 0.05368731563421829
0 0.8941002949852507 0.8238938053097346 0.032448377581120944 0.04896755162241888
0 0.7067846607669617 0.8563421828908554 0.03775811209439528 0.07138643067846608
0 0.6312684365781711 0.823598820058997 0.03775811209439528 0.09557522123893805
0 0.7967551622418879 0.6905604719764011 0.03480825958702065 0.07492625368731563
0 0.5587020648967551 0.6946902654867256 0.0696165191740413 0.09144542772861357
0 0.4415929203539823 0.6967551622418879 0.04070796460176991 0.05309734513274336
1 0.41002949852507375 0.8640117994100295 0.03657817109144543 0.04542772861356932
1 0.3374631268436578 0.7348082595870207 0.05191740412979351 0.04542772861356932
0 0.2672566371681416 0.807669616519174 0.054277286135693215 0.044837758112094395
0 0.17138643067846607 0.8766961651917404 0.061946902654867256 0.044837758112094395
0 0.1625368731563422 0.6997050147492625 0.08436578171091445 0.0696165191740413
1 0.31799410029498526 0.5474926253687316 0.049557522123893805 0.05191740412979351
0 0.4392330383480826 0.536283185840708 0.05014749262536873 0.04601769911504425
0 0.5814159292035398 0.5398230088495575 0.07610619469026549 0.06725663716814159
1 0.7283185840707964 0.5778761061946902 0.032448377581120944 0.033628318584070796
0 0.1592920353982301 0.5837758112094396 0.049557522123893805 0.06312684365781711
0 0.14601769911504425 0.4663716814159292 0.04188790560471976 0.03126843657817109
1 0.28702064896755164 0.41386430678466074 0.052507374631268436 0.05132743362831858
0 0.40412979351032446 0.40825958702064896 0.08141592920353982 0.08613569321533923
0 0.5262536873156343 0.37079646017699114 0.05073746312684366 0.07610619469026549
0 0.6997050147492625 0.375811209439528 0.08023598820058997 0.08259587020648967
1 0.7345132743362832 0.2592920353982301 0.04247787610619469 0.04070796460176991
0 0.6029498525073747 0.2545722713864307 0.05781710914454277 0.061946902654867256
1 0.47935103244837757 0.2569321533923304 0.0607669616519174 0.04070796460176991
0 0.2784660766961652 0.2271386430678466 0.049557522123893805 0.04129793510324484
0 0.16991150442477876 0.2914454277286136 0.07315634218289085 0.05781710914454277
0 0.15221238938053097 0.1486725663716814 0.04365781710914454 0.04365781710914454
0 0.275811209439528 0.11238938053097344 0.04070796460176991 0.047787610619469026
1 0.4946902654867257 0.11858407079646018 0.03480825958702065 0.03657817109144543
0 0.6457227138643068 0.1056047197640118 0.03952802359882006 0.03657817109144543
0 0.720353982300885 0.09852507374631268 0.04247787610619469 0.03421828908554572
