0 0.8592920353982301 0.19705014749262537 0.08436578171091445 0.04247787610619469
0 0.8761061946902655 0.3268436578171091 0.044837758112094395 0.1640117994100295
0 0.8657817109144542 0.46519174041297934 0.06312684365781711 0.07846607669616519
0 0.8769911504424779 0.6870206489675517 0.043067846607669616 0.09026548672566372
0 0.8787610619469026 0.7634218289085546 0.061946902654867256 0.08849557522123894
0 0.8802359882005899 0.9433628318584071 0.058997050147492625 0.0943952802359882
0 0.7398230088495575 0.9412979351032448 0.05073746312684366 0.07610619469026549
0 0.5973451327433629 0.9265486725663716 0.04424778761061947 0.07138643067846608
1 0.4640117994100295 0.8820058997050148 0.032448377581120944 0.04365781710914454
1 0.14513274336283186 0.9182890855457227 0.049557522123893805 0.03480825958702065
0 0.3262536873156342 0.9380530973451328 0.10855457227138643 0.06017699115044248
0 0.29410029498525075 0.759882005899705 0.04070796460176991 0.044837758112094395
0 0.4690265486725664 0.747787610619469 0.04247787610619469 0.05604719764011799
0 0.6227138643067847 0.8168141592920354 0.12212389380530973 0.07728613569321534
0 0.755457227138643 0.8176991150442477 0.05368731563421829 0.06135693215339233
0 0.6365781710914454 0.6522123893805309 0.06607669616519174 0.07020648967551622
0 0.4542772861356932 0.6743362831858407 0.06843657817109144 0.058997050147492625
0 0.3112094395280236 0.6233038348082596 0.047787610619469026 0.06312684365781711
1 0.15250737463126843 0.7634218289085546 0.047787610619469026 0.03775811209439528
1 0.13569321533923304 0.6138643067846608 0.03657817109144543 0.047787610619469026
0 0.14985250737463127 0.4855457227138643 0.03893805309734513 0.08495575221238938
0 0.30501474926253686 0.48259587020648964 0.03775811209439528 0.09085545722713864
0 0.47109144542772863 0.5312684365781711 0.0607669616519174 0.07610619469026549
0 0.640117994100295 0.5312684365781711 0.05663716814159292 0.06430678466076696
0 0.7769911504424779 0.4504424778761062 0.05781710914454277 0.1056047197640118
0 0.7899705014749262 0.3135693215339233 0.06017699115044248 0.09852507374631268
0 0.7728613569321534 0.17345132743362832 0.035398230088495575 0.0967551622418879
0 0.631858407079646 0.2191740412979351 0.03893805309734513 0.07610619469026549
0 0.6292035398230088 0.32035398230088497 0.047787610619469026 0.08731563421828908
0 0.4849557522123894 0.39144542772861357 0.04129793510324484 0.06548672566371681
0 0.315929203539823 0.3787610619469026 0.04188790560471976 0.06843657817109144
0 0.14513274336283186 0.3654867256637168 0.04365781710914454 0.047787610619469026
0 0.15250737463126843 0.17551622418879056 0.061946902654867256 0.07846607669616519
0 0.2952802359882006 0.16578171091445426 0.0831858407079646 0.07315634218289085
0 0.4976401179941003 0.228023598820059 0.06666666666666667 0.061946902654867256
0 0.768141592920354 0.6820058997050147 0.06489675516224189 0.1368731563421829
