0 0.7654867256637168 0.17227138643067846 0.07020648967551622 0.07669616519174041
0 0.7982300884955752 0.28112094395280235 0.05191740412979351 0.12920353982300886
0 0.7867256637168142 0.42861356932153394 0.04070796460176991 0.03952802359882006
0 0.7764011799410029 0.5542772861356932 0.044837758112094395 0.052507374631268436
0 0.7640117994100295 0.6699115044247788 0.10383480825958702 0.09970501474926254
0 0.7778761061946903 0.7988200589970501 0.16224188790560473 0.06253687315634218
0 0.6533923303834808 0.7896755162241887 0.04896755162241888 0.08200589970501475
0 0.5536873156342182 0.8297935103244838 0.05486725663716814 0.10206489675516224
0 0.4259587020648967 0.7657817109144542 0.1191740412979351 0.11799410029498525
0 0.5442477876106194 0.6651917404129793 0.06902654867256637 0.07138643067846608
0 0.6861356932153392 0.6784660766961652 0.05191740412979351 0.06725663716814159
0 0.6619469026548672 0.5584070796460177 0.1168141592920354 0.07964601769911504
0 0.5356932153392331 0.523598820058997 0.049557522123893805 0.04896755162241888
0 0.6958702064896755 0.4351032448377581 0.1056047197640118 0.09380530973451327
0 0.4061946902654867 0.6014749262536873 0.09734513274336283 0.07610619469026549
1 0.2646017699115044 0.7398230088495575 0.03480825958702065 0.04365781710914454
1 0.25604719764011796 0.8365781710914454 0.03775811209439528 0.027138643067846607
0 0.387905604719764 0.8530973451327434 0.13864306784660768 0.10973451327433628
0 0.1079646017699115 0.8424778761061946 0.04247787610619469 0.12507374631268436
1 0.09793510324483776 0.7218289085545723 0.04837758112094395 0.04070796460176991
0 0.2728613569321534 0.6171091445427729 0.09734513274336283 0.1486725663716814
0 0.12271386430678466 0.6026548672566372 0.035398230088495575 0.04188790560471976
0 0.10235988200589971 0.4289085545722714 0.04542772861356932 0.058997050147492625
0 0.2646017699115044 0.4126843657817109 0.09970501474926254 0.06902654867256637
0 0.38259587020648966 0.45545722713864306 0.06548672566371681 0.14277286135693215
1 0.5056047197640118 0.39705014749262535 0.05309734513274336 0.04837758112094395
0 0.6964601769911505 0.30914454277286135 0.09498525073746313 0.08141592920353982
1 0.4988200589970501 0.2808259587020649 0.04070796460176991 0.044837758112094395
0 0.38436578171091446 0.22123893805309736 0.033628318584070796 0.0743362831858407
1 0.23097345132743363 0.26784660766961654 0.04896755162241888 0.04601769911504425
0 0.10855457227138643 0.2749262536873156 0.06017699115044248 0.07669616519174041
1 0.1 0.11563421828908554 0.038348082595870206 0.03657817109144543
0 0.21297935103244836 0.12448377581120944 0.10147492625368731 0.09085545722713864
1 0.34926253687315634 0.10825958702064897 0.04247787610619469 0.04542772861356932
0 0.5073746312684366 0.14660766961651917 0.071976401179941 0.1433628318584071
0 0.6289085545722713 0.13864306784660768 0.07551622418879056 0.09911504424778761
