0 0.8519174041297934 0.09970501474926254 0.04365781710914454 0.044837758112094395
1 0.8601769911504424 0.23008849557522124 0.06843657817109144 0.07551622418879056
1 0.8654867256637168 0.38082595870206487 0.04601769911504425 0.05958702064896755
0 0.8536873156342183 0.5109144542772861 0.05309734513274336 0.08259587020648967
0 0.855457227138643 0.6342182890855457 0.058997050147492625 0.06017699115044248
0 0.8466076696165191 0.8224188790560472 0.05663716814159292 0.0743362831858407
0 0.7035398230088495 0.8362831858407079 0.08436578171091445 0.07256637168141593
0 0.5032448377581121 0.772566371681416 0.06371681415929203 0.06430678466076696
0 0.4964601769911504 0.6023598820058997 0.057227138643067846 0.06607669616519174
0 0.68023598820059 0.6182890855457227 0.05545722713864307 0.06253687315634218
0 0.368141592920354 0.784070796460177 0.03775811209439528 0.08141592920353982
0 0.35870206489675516 0.6932153392330384 0.07669616519174041 0.06607669616519174
0 0.20619469026548673 0.8289085545722714 0.07374631268436578 0.10619469026548672
0 0.1415929203539823 0.8050147492625369 0.0920353982300885 0.047787610619469026
0 0.10589970501474927 0.6548672566371682 0.06312684365781711 0.15221238938053097
0 0.22654867256637168 0.68023598820059 0.049557522123893805 0.10973451327433628
0 0.21799410029498525 0.5510324483775811 0.07138643067846608 0.10147492625368731
0 0.12743362831858407 0.531858407079646 0.08259587020648967 0.0855457227138643
0 0.36224188790560474 0.4666666666666667 0.05663716814159292 0.058997050147492625
0 0.5262536873156343 0.46607669616519176 0.06725663716814159 0.0743362831858407
0 0.6949852507374631 0.5150442477876106 0.0471976401179941 0.0920353982300885
0 0.6890855457227139 0.36607669616519173 0.05073746312684366 0.05132743362831858
0 0.5454277286135694 0.33539823008849556 0.07728613569321534 0.04070796460176991
0 0.3640117994100295 0.3696165191740413 0.06843657817109144 0.11504424778761062
0 0.20619469026548673 0.2952802359882006 0.06784660766961652 0.12920353982300886
0 0.12212389380530973 0.31386430678466076 0.05073746312684366 0.08849557522123894
0 0.12094395280235988 0.23569321533923304 0.06607669616519174 0.0831858407079646
0 0.24631268436578171 0.18613569321533924 0.0607669616519174 0.05486725663716814
0 0.3430678466076696 0.16991150442477876 0.11622418879056047 0.07315634218289085
0 0.5265486725663717 0.2551622418879056 0.09026548672566372 0.0607669616519174
0 0.6949852507374631 0.22536873156342183 0.06725663716814159 0.05191740412979351
0 0.684070796460177 0.0663716814159292 0.10678466076696165 0.05604719764011799
0 0.5368731563421829 0.1168141592920354 0.035398230088495575 0.03657817109144543
0 0.4079646017699115 0.05486725663716814 0.0607669616519174 0.06725663716814159
0 0.24631268436578171 0.03657817109144543 0.09144542772861357 0.06135693215339233
0 0.11386430678466077 0.0584070796460177 0.058997050147492625 0.08849557522123894
