1 0.8578171091445428 0.12684365781710916 0.03657817109144543 0.02831858407079646
1 0.8589970501474926 0.23805309734513275 0.035398230088495575 0.02654867256637168
1 0.8693215339233038 0.37964601769911505 0.03952802359882006 0.02654867256637168
1 0.8560471976401179 0.4952802359882006 0.035398230088495575 0.02654867256637168
1 0.8530973451327434 0.6654867256637168 0.035398230088495575 0.03185840707964602
1 0.8466076696165191 0.8117994100294985 0.03657817109144543 0.021238938053097345
1 0.6935103244837758 0.8053097345132744 0.03952802359882006 0.022418879056047197
1 0.6932153392330384 0.6613569321533923 0.03657817109144543 0.02359882005899705
1 0.6985250737463127 0.4988200589970501 0.03775811209439528 0.02536873156342183
1 0.6926253687315634 0.36224188790560474 0.035398230088495575 0.02831858407079646
1 0.7044247787610619 0.22979351032448378 0.03657817109144543 0.02654867256637168
1 0.7135693215339233 0.12064896755162241 0.032448377581120944 0.03008849557522124
1 0.5430678466076696 0.10825958702064897 0.03126843657817109 0.027728613569321534
1 0.5412979351032449 0.23392330383480825 0.038348082595870206 0.028908554572271386
1 0.5471976401179941 0.37168141592920356 0.032448377581120944 0.022418879056047197
1 0.5466076696165192 0.5002949852507375 0.0359882005899705 0.025958702064896755
1 0.5277286135693215 0.6625368731563421 0.028908554572271386 0.027138643067846607
1 0.515929203539823 0.8144542772861357 0.043067846607669616 0.02182890855457227
1 0.37315634218289084 0.8176991150442477 0.03126843657817109 0.024778761061946902
1 0.36666666666666664 0.6651917404129793 0.033628318584070796 0.024188790560471976
1 0.371976401179941 0.5073746312684366 0.03952802359882006 0.024778761061946902
1 0.37256637168141593 0.3710914454277286 0.038348082595870206 0.025958702064896755
1 0.396165191740413 0.22890855457227138 0.038348082595870206 0.024778761061946902
1 0.39882005899705014 0.11120943952802359 0.035398230088495575 0.03008849557522124
1 0.25781710914454276 0.1079646017699115 0.03657817109144543 0.029498525073746312
1 0.2448377581120944 0.228023598820059 0.029498525073746312 0.024188790560471976
1 0.23480825958702065 0.36430678466076694 0.03893805309734513 0.027728613569321534
1 0.2345132743362832 0.528023598820059 0.032448377581120944 0.02359882005899705
1 0.2342182890855457 0.6702064896755162 0.03303834808259587 0.025958702064896755
1 0.2383480825958702 0.8141592920353982 0.030678466076696165 0.022418879056047197
1 0.12123893805309735 0.8085545722713864 0.03480825958702065 0.027728613569321534
1 0.11563421828908554 0.6666666666666666 0.03657817109144543 0.025958702064896755
1 0.11769911504424779 0.5262536873156343 0.033628318584070796 0.027138643067846607
1 0.12182890855457226 0.3705014749262537 0.0359882005899705 0.027138643067846607
1 0.12448377581120944 0.22654867256637168 0.03185840707964602 0.022418879056047197
1 0.11091445427728613 0.10412979351032448 0.03657817109144543 0.02536873156342183
