0 0.8690265486725663 0.17876106194690267 0.07315634218289085 0.03657817109144543
0 0.8846607669616519 0.31474926253687313 0.047787610619469026 0.09026548672566372
0 0.8610619469026548 0.4696165191740413 0.05604719764011799 0.06489675516224189
0 0.8769911504424779 0.6592920353982301 0.043067846607669616 0.09026548672566372
0 0.8802359882005899 0.7589970501474926 0.06489675516224189 0.061946902654867256
0 0.9 0.927433628318584 0.047787610619469026 0.07079646017699115
0 0.7377581120943952 0.9300884955752212 0.04660766961651917 0.07610619469026549
0 0.5973451327433629 0.9224188790560471 0.04424778761061947 0.07492625368731563
1 0.46519174041297934 0.8710914454277287 0.03480825958702065 0.03952802359882006
1 0.14513274336283186 0.9182890855457227 0.049557522123893805 0.03480825958702065
0 0.3041297935103245 0.9271386430678465 0.047787610619469026 0.05604719764011799
0 0.29174041297935105 0.7622418879056048 0.04542772861356932 0.049557522123893805
0 0.4678466076696165 0.7365781710914454 0.04247787610619469 0.05604719764011799
0 0.6056047197640118 0.8035398230088495 0.0855457227138643 0.06843657817109144
0 0.7557522123893805 0.799410029498525 0.06135693215339233 0.06489675516224189
0 0.6303834808259587 0.6563421828908554 0.05368731563421829 0.061946902654867256
0 0.45545722713864306 0.6589970501474927 0.06843657817109144 0.058997050147492625
0 0.3112094395280236 0.6109144542772861 0.047787610619469026 0.06312684365781711
1 0.1454277286135693 0.7501474926253687 0.06312684365781711 0.047787610619469026
1 0.1351032448377581 0.6215339233038348 0.035398230088495575 0.032448377581120944
0 0.14985250737463127 0.4855457227138643 0.03893805309734513 0.08495575221238938
0 0.3005899705014749 0.4814159292035398 0.047787610619469026 0.07669616519174041
0 0.46135693215339235 0.5188790560471976 0.05781710914454277 0.0584070796460177
0 0.6380530973451327 0.5230088495575221 0.04896755162241888 0.05368731563421829
0 0.771976401179941 0.4504424778761062 0.047787610619469026 0.07728613569321534
0 0.771386430678466 0.3123893805309734 0.04188790560471976 0.07728613569321534
0 0.7616519174041297 0.16371681415929204 0.04129793510324484 0.07964601769911504
0 0.6292035398230088 0.20265486725663717 0.0359882005899705 0.05604719764011799
0 0.6312684365781711 0.32123893805309733 0.04365781710914454 0.06902654867256637
0 0.48436578171091443 0.3696165191740413 0.0471976401179941 0.07020648967551622
0 0.31150442477876106 0.3607669616519174 0.06135693215339233 0.06902654867256637
0 0.1448377581120944 0.34129793510324485 0.04660766961651917 0.04896755162241888
0 0.15250737463126843 0.17551622418879056 0.061946902654867256 0.07846607669616519
0 0.2952802359882006 0.16578171091445426 0.0831858407079646 0.07315634218289085
0 0.4976401179941003 0.228023598820059 0.06666666666666667 0.061946902654867256
0 0.7707964601769911 0.6581120943952802 0.05014749262536873 0.09380530973451327
