0 0.8495575221238938 0.14424778761061946 0.0471976401179941 0.04660766961651917
0 0.8283185840707965 0.2943952802359882 0.06725663716814159 0.05781710914454277
0 0.8551622418879056 0.46578171091445425 0.03716814159292035 0.032448377581120944
0 0.8460176991150442 0.5858407079646017 0.06017699115044248 0.058997050147492625
0 0.8362831858407079 0.7002949852507374 0.08790560471976401 0.071976401179941
0 0.8309734513274336 0.8743362831858407 0.07020648967551622 0.05191740412979351
0 0.7339233038348083 0.8050147492625369 0.05781710914454277 0.047787610619469026
1 0.663126843657817 0.7321533923303835 0.05191740412979351 0.04247787610619469
1 0.5902654867256637 0.8654867256637168 0.038348082595870206 0.03303834808259587
1 0.5572271386430678 0.6941002949852507 0.04188790560471976 0.05604719764011799
1 0.6775811209439528 0.5480825958702065 0.05486725663716814 0.0471976401179941
1 0.7103244837758111 0.41150442477876104 0.05309734513274336 0.05604719764011799
1 0.5203539823008849 0.25663716814159293 0.05781710914454277 0.040117994100294985
0 0.7221238938053097 0.10884955752212389 0.03775811209439528 0.04660766961651917
0 0.7188790560471976 0.228023598820059 0.047787610619469026 0.047787610619469026
0 0.5988200589970502 0.40825958702064896 0.08259587020648967 0.08495575221238938
0 0.5607669616519174 0.5371681415929204 0.04896755162241888 0.04070796460176991
0 0.4421828908554572 0.691150442477876 0.06784660766961652 0.09262536873156342
0 0.4176991150442478 0.5415929203539823 0.07669616519174041 0.06607669616519174
1 0.2702064896755162 0.5775811209439528 0.03775811209439528 0.03657817109144543
0 0.20619469026548673 0.6964601769911505 0.0359882005899705 0.06902654867256637
1 0.1168141592920354 0.6890855457227139 0.035398230088495575 0.049557522123893805
0 0.10707964601769912 0.8233038348082595 0.03480825958702065 0.047787610619469026
0 0.29469026548672567 0.8569321533923304 0.03716814159292035 0.07846607669616519
0 0.36902654867256635 0.8221238938053097 0.0359882005899705 0.09852507374631268
1 0.11622418879056047 0.5507374631268437 0.05073746312684366 0.04188790560471976
0 0.13097345132743363 0.4474926253687316 0.04601769911504425 0.07728613569321534
0 0.30029498525073745 0.3740412979351032 0.07905604719764012 0.07551622418879056
0 0.47345132743362833 0.37315634218289084 0.047787610619469026 0.07964601769911504
0 0.39646017699115044 0.2519174041297935 0.05545722713864307 0.058997050147492625
1 0.2663716814159292 0.2607669616519174 0.03952802359882006 0.035398230088495575
0 0.15191740412979352 0.2377581120943953 0.04660766961651917 0.044837758112094395
0 0.12330383480825959 0.12831858407079647 0.0696165191740413 0.04188790560471976
1 0.275811209439528 0.0976401179941003 0.038348082595870206 0.032448377581120944
0 0.3530973451327434 0.10707964601769912 0.032448377581120944 0.03126843657817109
1 0.5047197640117994 0.11799410029498525 0.03008849557522124 0.03657817109144543
