1 0.8769911504424779 0.1870206489675516 0.028908554572271386 0.024778761061946902
1 0.8876106194690265 0.3386430678466077 0.033628318584070796 0.022418879056047197
1 0.8799410029498524 0.4743362831858407 0.02654867256637168 0.03185840707964602
1 0.8778761061946903 0.6324483775811209 0.02831858407079646 0.022418879056047197
1 0.8790560471976401 0.7716814159292036 0.03421828908554572 0.022418879056047197
1 0.8867256637168142 0.8979351032448377 0.03775811209439528 0.020058997050147492
1 0.7454277286135693 0.8988200589970501 0.033628318584070796 0.02654867256637168
1 0.6020648967551623 0.8908554572271387 0.03952802359882006 0.02831858407079646
1 0.4581120943952802 0.8908554572271387 0.04070796460176991 0.020058997050147492
1 0.28761061946902655 0.8837758112094395 0.033628318584070796 0.025958702064896755
1 0.1424778761061947 0.875221238938053 0.03480825958702065 0.019469026548672566
1 0.1410029498525074 0.7640117994100295 0.035398230088495575 0.029498525073746312
1 0.2982300884955752 0.7699115044247787 0.038348082595870206 0.024778761061946902
1 0.4581120943952802 0.7690265486725664 0.032448377581120944 0.02654867256637168
1 0.6058997050147492 0.7693215339233038 0.029498525073746312 0.02359882005899705
1 0.7548672566371681 0.7705014749262536 0.024188790560471976 0.02359882005899705
1 0.7646017699115044 0.6365781710914454 0.035398230088495575 0.024778761061946902
1 0.6297935103244837 0.6294985250737463 0.03480825958702065 0.024778761061946902
1 0.45191740412979353 0.628023598820059 0.03893805309734513 0.023008849557522124
1 0.3064896755162242 0.6353982300884956 0.03480825958702065 0.022418879056047197
1 0.13333333333333333 0.6224188790560472 0.03893805309734513 0.024778761061946902
1 0.1463126843657817 0.5073746312684366 0.03775811209439528 0.024778761061946902
1 0.30206489675516224 0.5053097345132743 0.03657817109144543 0.02064896755162242
1 0.4533923303834808 0.4982300884955752 0.0359882005899705 0.028908554572271386
1 0.6309734513274337 0.4946902654867257 0.038348082595870206 0.02536873156342183
1 0.7646017699115044 0.4749262536873156 0.035398230088495575 0.024778761061946902
1 0.763716814159292 0.3309734513274336 0.03126843657817109 0.021238938053097345
1 0.6327433628318584 0.33303834808259586 0.03480825958702065 0.027728613569321534
1 0.47050147492625366 0.3374631268436578 0.033628318584070796 0.022418879056047197
1 0.30678466076696165 0.33775811209439527 0.035398230088495575 0.02654867256637168
1 0.1457227138643068 0.33716814159292036 0.03657817109144543 0.019469026548672566
1 0.15014749262536872 0.18613569321533924 0.033628318584070796 0.024188790560471976
1 0.30737463126843656 0.1943952802359882 0.03421828908554572 0.02536873156342183
1 0.4855457227138643 0.18849557522123894 0.03893805309734513 0.027728613569321534
1 0.6289085545722713 0.184070796460177 0.03421828908554572 0.02831858407079646
1 0.7625368731563422 0.1911504424778761 0.03126843657817109 0.022418879056047197
