1 0.9359882005899705 0.14277286135693215 0.03008849557522124 0.021238938053097345
1 0.928023598820059 0.3014749262536873 0.02831858407079646 0.02359882005899705
1 0.9359882005899705 0.45132743362831856 0.024188790560471976 0.022418879056047197
1 0.9345132743362832 0.5961651917404129 0.03185840707964602 0.033628318584070796
1 0.9315634218289085 0.7067846607669617 0.029498525073746312 0.025958702064896755
1 0.9218289085545722 0.8348082595870207 0.032448377581120944 0.02831858407079646
1 0.7604719764011799 0.8345132743362832 0.02359882005899705 0.03952802359882006
1 0.5911504424778761 0.8253687315634218 0.02831858407079646 0.029498525073746312
1 0.44277286135693217 0.8451327433628318 0.03008849557522124 0.028908554572271386
1 0.27935103244837756 0.8398230088495575 0.033628318584070796 0.02654867256637168
1 0.12123893805309735 0.8672566371681416 0.02064896755162242 0.03657817109144543
1 0.13451327433628318 0.7047197640117994 0.022418879056047197 0.043067846607669616
1 0.29321533923303833 0.7011799410029499 0.03303834808259587 0.02182890855457227
1 0.44365781710914454 0.6890855457227139 0.03421828908554572 0.029498525073746312
1 0.6061946902654867 0.7144542772861356 0.033628318584070796 0.027138643067846607
1 0.7545722713864307 0.7138643067846607 0.029498525073746312 0.024778761061946902
1 0.7492625368731564 0.5861356932153392 0.02359882005899705 0.02536873156342183
1 0.6064896755162241 0.5796460176991151 0.03421828908554572 0.02654867256637168
1 0.4469026548672566 0.5775811209439528 0.02654867256637168 0.022418879056047197
1 0.2896755162241888 0.5778761061946902 0.029498525073746312 0.02536873156342183
1 0.12684365781710916 0.5775811209439528 0.029498525073746312 0.025958702064896755
1 0.12625368731563422 0.43864306784660767 0.030678466076696165 0.02536873156342183
1 0.2831858407079646 0.43716814159292033 0.030678466076696165 0.022418879056047197
1 0.4457227138643068 0.44011799410029495 0.02654867256637168 0.02831858407079646
1 0.6079646017699115 0.44424778761061945 0.03126843657817109 0.02831858407079646
1 0.7584070796460177 0.44896755162241886 0.033628318584070796 0.029498525073746312
1 0.756047197640118 0.2973451327433628 0.028908554572271386 0.03775811209439528
1 0.615929203539823 0.30678466076696165 0.029498525073746312 0.029498525073746312
1 0.4533923303834808 0.2929203539823009 0.0359882005899705 0.02654867256637168
1 0.2976401179941003 0.2799410029498525 0.033628318584070796 0.033628318584070796
1 0.11799410029498525 0.2734513274336283 0.03657817109144543 0.03716814159292035
1 0.12330383480825959 0.10766961651917403 0.030678466076696165 0.028908554572271386
1 0.29557522123893804 0.11651917404129794 0.029498525073746312 0.02536873156342183
1 0.44837758112094395 0.12595870206489676 0.03185840707964602 0.03008849557522124
1 0.6227138643067847 0.13451327433628318 0.03480825958702065 0.027138643067846607
1 0.7569321533923303 0.1424778761061947 0.02831858407079646 0.032448377581120944
