1 0.8480825958702065 0.11858407079646018 0.033628318584070796 0.022418879056047197
1 0.8445427728613569 0.3640117994100295 0.03480825958702065 0.025958702064896755
1 0.8389380530973451 0.5150442477876106 0.03185840707964602 0.021238938053097345
1 0.8477876106194691 0.6336283185840708 0.03657817109144543 0.020058997050147492
1 0.8489675516224189 0.7805309734513274 0.03185840707964602 0.03303834808259587
1 0.8634218289085546 0.9047197640117994 0.033628318584070796 0.023008849557522124
1 0.7109144542772862 0.9162241887905604 0.03775811209439528 0.03421828908554572
1 0.563716814159292 0.9112094395280236 0.03480825958702065 0.028908554572271386
1 0.4079646017699115 0.9097345132743363 0.02654867256637168 0.029498525073746312
1 0.2657817109144543 0.8991150442477875 0.032448377581120944 0.022418879056047197
1 0.10648967551622418 0.8997050147492626 0.027728613569321534 0.021238938053097345
1 0.10589970501474927 0.7628318584070797 0.032448377581120944 0.022418879056047197
1 0.24572271386430677 0.763716814159292 0.03126843657817109 0.02654867256637168
1 0.3973451327433628 0.7675516224188791 0.03952802359882006 0.029498525073746312
1 0.552212389380531 0.7699115044247787 0.035398230088495575 0.024778761061946902
1 0.7091445427728613 0.7699115044247787 0.04247787610619469 0.030678466076696165
1 0.6852507374631268 0.628023598820059 0.033628318584070796 0.02536873156342183
1 0.5277286135693215 0.6244837758112094 0.033628318584070796 0.02654867256637168
1 0.3873156342182891 0.6386430678466076 0.033628318584070796 0.02654867256637168
1 0.2407079646017699 0.623598820058997 0.029498525073746312 0.022418879056047197
1 0.09646017699115045 0.6168141592920354 0.02536873156342183 0.023008849557522124
1 0.09026548672566372 0.47109144542772863 0.02359882005899705 0.02536873156342183
1 0.2377581120943953 0.4687315634218289 0.027138643067846607 0.02654867256637168
1 0.3831858407079646 0.5020648967551622 0.0359882005899705 0.022418879056047197
1 0.5383480825958702 0.51976401179941 0.028908554572271386 0.020058997050147492
1 0.6858407079646017 0.5150442477876106 0.03480825958702065 0.027138643067846607
1 0.68023598820059 0.34572271386430675 0.03775811209439528 0.025958702064896755
1 0.515929203539823 0.3528023598820059 0.032448377581120944 0.024778761061946902
1 0.3734513274336283 0.3224188790560472 0.030678466076696165 0.02654867256637168
1 0.21622418879056046 0.3274336283185841 0.033628318584070796 0.020058997050147492
1 0.10176991150442477 0.33303834808259586 0.02654867256637168 0.023008849557522124
1 0.10029498525073746 0.12743362831858407 0.03185840707964602 0.027138643067846607
1 0.23156342182890854 0.1454277286135693 0.033628318584070796 0.02654867256637168
1 0.3852507374631268 0.1457227138643068 0.025958702064896755 0.027138643067846607
1 0.5368731563421829 0.1424778761061947 0.029498525073746312 0.02654867256637168
1 0.6920353982300885 0.1448377581120944 0.020058997050147492 0.04542772861356932
