0 0.904424778761062 0.2215339233038348 0.10383480825958702 0.17522123893805308
0 0.8952802359882006 0.3471976401179941 0.09970501474926254 0.1905604719764012
0 0.8843657817109144 0.49380530973451325 0.10973451327433628 0.08613569321533923
1 0.8442477876106195 0.6017699115044248 0.022418879056047197 0.044837758112094395
0 0.8507374631268436 0.6864306784660766 0.08967551622418879 0.04896755162241888
1 0.6920353982300885 0.7179941002949852 0.03657817109144543 0.03893805309734513
1 0.48849557522123893 0.48200589970501473 0.04837758112094395 0.025958702064896755
1 0.32271386430678467 0.4424778761061947 0.044837758112094395 0.02831858407079646
1 0.6722713864306784 0.19233038348082596 0.02654867256637168 0.029498525073746312
1 0.7530973451327434 0.32271386430678467 0.032448377581120944 0.03775811209439528
0 0.7899705014749262 0.20088495575221238 0.11091445427728613 0.15752212389380532
1 0.747787610619469 0.4392330383480826 0.043067846607669616 0.038348082595870206
0 0.6766961651917404 0.5843657817109145 0.18289085545722714 0.09262536873156342
0 0.5896755162241888 0.5330383480825959 0.05604719764011799 0.1303834808259587
0 0.528023598820059 0.5811209439528023 0.05663716814159292 0.03775811209439528
0 0.5011799410029498 0.36430678466076694 0.18584070796460178 0.06666666666666667
0 0.6174041297935103 0.3386430678466077 0.05486725663716814 0.13451327433628318
0 0.536283185840708 0.18997050147492625 0.03303834808259587 0.08377581120943953
0 0.42802359882005897 0.20530973451327433 0.11268436578171091 0.12625368731563422
0 0.3693215339233038 0.3094395280235988 0.09793510324483776 0.17168141592920355
0 0.2504424778761062 0.2587020648967552 0.06902654867256637 0.17758112094395279
0 0.2536873156342183 0.3 0.058997050147492625 0.043067846607669616
0 0.22861356932153393 0.44837758112094395 0.08672566371681416 0.0471976401179941
0 0.396165191740413 0.6020648967551623 0.09144542772861357 0.1952802359882006
0 0.4743362831858407 0.7179941002949852 0.16283185840707964 0.058997050147492625
0 0.37964601769911505 0.7474926253687315 0.06666666666666667 0.10147492625368731
0 0.6938053097345133 0.8766961651917404 0.13215339233038348 0.12389380530973451
0 0.48731563421828905 0.8867256637168142 0.07905604719764012 0.16283185840707964
0 0.21799410029498525 0.7489675516224189 0.1929203539823009 0.08672566371681416
0 0.3386430678466077 0.8808259587020649 0.08023598820058997 0.2112094395280236
0 0.12566371681415928 0.9132743362831859 0.15339233038348082 0.10973451327433628
0 0.8572271386430679 0.8530973451327434 0.11445427728613569 0.11799410029498525
0 0.2327433628318584 0.5929203539823009 0.07256637168141593 0.04247787610619469
0 0.5843657817109145 0.45722713864306785 0.09262536873156342 0.1415929203539823
