0 0.8542772861356932 0.08230088495575222 0.03775811209439528 0.043067846607669616
1 0.8495575221238938 0.23864306784660766 0.058997050147492625 0.047787610619469026
1 0.8648967551622418 0.3823008849557522 0.044837758112094395 0.06253687315634218
0 0.8536873156342183 0.5109144542772861 0.05309734513274336 0.08259587020648967
0 0.8486725663716814 0.6339233038348082 0.043067846607669616 0.03952802359882006
0 0.8466076696165191 0.823598820058997 0.05663716814159292 0.0743362831858407
0 0.6949852507374631 0.8371681415929203 0.06725663716814159 0.0743362831858407
0 0.5032448377581121 0.772566371681416 0.06371681415929203 0.06430678466076696
0 0.5150442477876106 0.6115044247787611 0.044837758112094395 0.061946902654867256
0 0.68023598820059 0.6182890855457227 0.05545722713864307 0.06253687315634218
0 0.368141592920354 0.784070796460177 0.03775811209439528 0.08141592920353982
0 0.3740412979351032 0.6778761061946903 0.04601769911504425 0.09085545722713864
0 0.22772861356932153 0.8294985250737463 0.03775811209439528 0.10265486725663717
0 0.1415929203539823 0.8050147492625369 0.0920353982300885 0.047787610619469026
0 0.12418879056047197 0.6825958702064897 0.05132743362831858 0.14985250737463127
0 0.2144542772861357 0.6858407079646017 0.05604719764011799 0.11268436578171091
0 0.21799410029498525 0.5510324483775811 0.07138643067846608 0.10147492625368731
0 0.1374631268436578 0.5309734513274336 0.06253687315634218 0.08731563421828908
0 0.36224188790560474 0.4666666666666667 0.05663716814159292 0.058997050147492625
0 0.5262536873156343 0.46607669616519176 0.06725663716814159 0.0743362831858407
0 0.6949852507374631 0.5150442477876106 0.0471976401179941 0.0920353982300885
0 0.6890855457227139 0.37256637168141593 0.05073746312684366 0.06666666666666667
0 0.5460176991150443 0.32772861356932154 0.07846607669616519 0.05604719764011799
0 0.36194690265486723 0.34513274336283184 0.06430678466076696 0.06607669616519174
0 0.23008849557522124 0.31976401179941005 0.044837758112094395 0.10855457227138643
0 0.12212389380530973 0.31386430678466076 0.05073746312684366 0.08849557522123894
0 0.12094395280235988 0.23569321533923304 0.06607669616519174 0.0831858407079646
0 0.24837758112094394 0.18348082595870208 0.06489675516224189 0.06017699115044248
0 0.37610619469026546 0.18348082595870208 0.12684365781710916 0.08259587020648967
0 0.5348082595870206 0.252212389380531 0.03716814159292035 0.05486725663716814
0 0.7091445427728613 0.231858407079646 0.044837758112094395 0.06135693215339233
0 0.684070796460177 0.0663716814159292 0.10678466076696165 0.05604719764011799
0 0.5368731563421829 0.12094395280235988 0.035398230088495575 0.03657817109144543
0 0.4079646017699115 0.05486725663716814 0.0607669616519174 0.06725663716814159
0 0.26312684365781713 0.05575221238938053 0.05781710914454277 0.07964601769911504
0 0.11386430678466077 0.0584070796460177 0.058997050147492625 0.08849557522123894
