0 0.8463126843657817 0.08377581120943953 0.04188790560471976 0.03775811209439528
1 0.856637168141593 0.22477876106194689 0.06135693215339233 0.06253687315634218
1 0.8672566371681416 0.38141592920353984 0.03775811209439528 0.0584070796460177
0 0.8445427728613569 0.5147492625368731 0.04660766961651917 0.07020648967551622
0 0.8495575221238938 0.6227138643067847 0.044837758112094395 0.047787610619469026
0 0.8477876106194691 0.815929203539823 0.058997050147492625 0.06017699115044248
0 0.7029498525073746 0.8362831858407079 0.0831858407079646 0.07256637168141593
0 0.5008849557522124 0.7802359882005899 0.058997050147492625 0.04896755162241888
0 0.4870206489675516 0.6035398230088496 0.07374631268436578 0.06607669616519174
0 0.6793510324483776 0.6253687315634218 0.05604719764011799 0.06489675516224189
0 0.36666666666666664 0.7831858407079646 0.04070796460176991 0.07964601769911504
0 0.359882005899705 0.6943952802359882 0.071976401179941 0.06489675516224189
0 0.19852507374631267 0.8262536873156342 0.08908554572271386 0.09026548672566372
0 0.1415929203539823 0.8050147492625369 0.0920353982300885 0.047787610619469026
0 0.07876106194690266 0.6581120943952802 0.13392330383480827 0.15870206489675515
0 0.22300884955752212 0.6834808259587021 0.0471976401179941 0.1079646017699115
0 0.2056047197640118 0.5539823008849557 0.09380530973451327 0.09557522123893805
0 0.13097345132743363 0.5292035398230088 0.08613569321533923 0.08613569321533923
0 0.36224188790560474 0.4666666666666667 0.05663716814159292 0.058997050147492625
0 0.5262536873156343 0.46607669616519176 0.06725663716814159 0.0743362831858407
0 0.6949852507374631 0.5150442477876106 0.0471976401179941 0.0920353982300885
0 0.687905604719764 0.3519174041297935 0.05073746312684366 0.06666666666666667
0 0.5460176991150443 0.32772861356932154 0.07846607669616519 0.05604719764011799
0 0.36342182890855457 0.3625368731563422 0.06725663716814159 0.10088495575221239
0 0.1943952802359882 0.2949852507374631 0.09380530973451327 0.13215339233038348
0 0.11563421828908554 0.32536873156342183 0.05781710914454277 0.0607669616519174
0 0.11769911504424779 0.22507374631268437 0.07020648967551622 0.061946902654867256
0 0.24749262536873157 0.18849557522123894 0.0607669616519174 0.05604719764011799
0 0.3374631268436578 0.1696165191740413 0.11091445427728613 0.0855457227138643
0 0.5209439528023598 0.2575221238938053 0.08141592920353982 0.057227138643067846
0 0.695575221238938 0.22448377581120943 0.07551622418879056 0.05486725663716814
0 0.6752212389380531 0.04926253687315634 0.10678466076696165 0.04188790560471976
0 0.5339233038348082 0.1168141592920354 0.035398230088495575 0.03657817109144543
0 0.4079646017699115 0.04601769911504425 0.0607669616519174 0.07905604719764012
0 0.2471976401179941 0.03126843657817109 0.07551622418879056 0.06135693215339233
0 0.12271386430678466 0.058112094395280235 0.054277286135693215 0.10678466076696165
