1 0.8740412979351032 0.07669616519174041 0.043067846607669616 0.04365781710914454
1 0.8693215339233038 0.23215339233038348 0.04188790560471976 0.05014749262536873
1 0.8775811209439528 0.443952802359882 0.07020648967551622 0.04188790560471976
1 0.8946902654867257 0.5778761061946902 0.033628318584070796 0.04070796460176991
1 0.8964601769911504 0.7171091445427729 0.032448377581120944 0.024188790560471976
1 0.9135693215339233 0.9085545722713864 0.032448377581120944 0.04365781710914454
0 0.7418879056047197 0.9070796460176991 0.04070796460176991 0.038348082595870206
1 0.5424778761061947 0.9265486725663716 0.03480825958702065 0.03008849557522124
1 0.38613569321533925 0.8926253687315634 0.047787610619469026 0.03775811209439528
1 0.20471976401179942 0.8920353982300885 0.03421828908554572 0.03893805309734513
1 0.04837758112094395 0.8486725663716814 0.035398230088495575 0.03126843657817109
1 0.031563421828908554 0.7014749262536873 0.04896755162241888 0.044837758112094395
1 0.25958702064896755 0.7460176991150442 0.03657817109144543 0.03952802359882006
1 0.39882005899705014 0.7525073746312684 0.03893805309734513 0.032448377581120944
1 0.5796460176991151 0.7985250737463127 0.03952802359882006 0.05486725663716814
1 0.7427728613569321 0.7368731563421829 0.03893805309734513 0.05191740412979351
1 0.7433628318584071 0.5805309734513274 0.021238938053097345 0.03893805309734513
1 0.5421828908554572 0.6386430678466076 0.05073746312684366 0.038348082595870206
1 0.391740412979351 0.5766961651917404 0.04247787610619469 0.032448377581120944
1 0.21887905604719765 0.5867256637168141 0.0471976401179941 0.03480825958702065
1 0.06991150442477875 0.5837758112094396 0.0359882005899705 0.04070796460176991
0 0.03126843657817109 0.4224188790560472 0.035398230088495575 0.06843657817109144
1 0.21799410029498525 0.41061946902654867 0.038348082595870206 0.022418879056047197
1 0.35457227138643066 0.3958702064896755 0.02359882005899705 0.03775811209439528
1 0.536283185840708 0.44601769911504424 0.04837758112094395 0.05191740412979351
1 0.7398230088495575 0.3893805309734513 0.03657817109144543 0.04837758112094395
1 0.747787610619469 0.21799410029498525 0.03008849557522124 0.03952802359882006
1 0.5811209439528023 0.2510324483775811 0.03657817109144543 0.043067846607669616
0 0.39085545722713866 0.2327433628318584 0.03008849557522124 0.07374631268436578
0 0.2542772861356932 0.2327433628318584 0.03657817109144543 0.038348082595870206
1 0.08053097345132743 0.22890855457227138 0.024188790560471976 0.03657817109144543
0 0.10412979351032448 0.0663716814159292 0.04070796460176991 0.033628318584070796
0 0.20265486725663717 0.1168141592920354 0.02654867256637168 0.06135693215339233
0 0.35221238938053095 0.11268436578171091 0.03657817109144543 0.05073746312684366
1 0.524188790560472 0.07787610619469026 0.03480825958702065 0.03775811209439528
1 0.7221238938053097 0.07964601769911504 0.05191740412979351 0.05781710914454277
