0 0.8563421828908554 0.0967551622418879 0.04188790560471976 0.03775811209439528
1 0.8498525073746312 0.22831858407079647 0.047787610619469026 0.05781710914454277
1 0.8648967551622418 0.3823008849557522 0.044837758112094395 0.06253687315634218
0 0.8536873156342183 0.5109144542772861 0.05309734513274336 0.08259587020648967
0 0.8480825958702065 0.6351032448377582 0.04542772861356932 0.05368731563421829
0 0.8454277286135693 0.824188790560472 0.05663716814159292 0.0743362831858407
0 0.7029498525073746 0.8389380530973451 0.0831858407079646 0.07787610619469026
0 0.5032448377581121 0.772566371681416 0.06371681415929203 0.06430678466076696
0 0.5150442477876106 0.6115044247787611 0.044837758112094395 0.061946902654867256
0 0.679646017699115 0.6212389380530974 0.05663716814159292 0.05663716814159292
0 0.368141592920354 0.784070796460177 0.03775811209439528 0.08141592920353982
0 0.3740412979351032 0.6778761061946903 0.04601769911504425 0.09085545722713864
0 0.22772861356932153 0.8294985250737463 0.03775811209439528 0.10265486725663717
0 0.1415929203539823 0.8050147492625369 0.0920353982300885 0.047787610619469026
0 0.12743362831858407 0.6781710914454278 0.04247787610619469 0.17168141592920355
0 0.21238938053097345 0.6837758112094395 0.06017699115044248 0.10855457227138643
0 0.21799410029498525 0.5510324483775811 0.07138643067846608 0.10147492625368731
0 0.13333333333333333 0.5336283185840708 0.06725663716814159 0.07728613569321534
0 0.36224188790560474 0.4666666666666667 0.05663716814159292 0.058997050147492625
0 0.5262536873156343 0.46607669616519176 0.06725663716814159 0.0743362831858407
0 0.6949852507374631 0.5150442477876106 0.0471976401179941 0.0920353982300885
0 0.6890855457227139 0.37256637168141593 0.05073746312684366 0.06666666666666667
0 0.5460176991150443 0.32772861356932154 0.07846607669616519 0.05604719764011799
0 0.36342182890855457 0.3625368731563422 0.06725663716814159 0.10088495575221239
0 0.22625368731563422 0.3070796460176991 0.057227138643067846 0.1303834808259587
0 0.12212389380530973 0.31386430678466076 0.05073746312684366 0.08849557522123894
0 0.12094395280235988 0.23569321533923304 0.06607669616519174 0.0831858407079646
0 0.24424778761061947 0.18348082595870208 0.058997050147492625 0.06017699115044248
0 0.37728613569321534 0.17581120943952802 0.12920353982300886 0.06725663716814159
0 0.5348082595870206 0.252212389380531 0.03716814159292035 0.05486725663716814
0 0.7091445427728613 0.231858407079646 0.044837758112094395 0.06135693215339233
0 0.684070796460177 0.0663716814159292 0.10678466076696165 0.05604719764011799
0 0.5368731563421829 0.12094395280235988 0.035398230088495575 0.03657817109144543
0 0.4079646017699115 0.07581120943952802 0.0607669616519174 0.06784660766961652
0 0.2616519174041298 0.05309734513274336 0.0607669616519174 0.0743362831858407
0 0.11386430678466077 0.0584070796460177 0.058997050147492625 0.08849557522123894
