1 0.8802359882005899 0.10914454277286136 0.03893805309734513 0.035398230088495575
1 0.8828908554572271 0.2737463126843658 0.04070796460176991 0.029498525073746312
1 0.8743362831858407 0.4410029498525074 0.029498525073746312 0.02536873156342183
1 0.8740412979351032 0.5817109144542773 0.03008849557522124 0.025958702064896755
1 0.8654867256637168 0.7056047197640118 0.02359882005899705 0.030678466076696165
1 0.8707964601769911 0.8684365781710914 0.022418879056047197 0.03421828908554572
1 0.7176991150442478 0.8383480825958702 0.027728613569321534 0.035398230088495575
1 0.5504424778761062 0.8477876106194691 0.030678466076696165 0.02359882005899705
1 0.40648967551622417 0.8218289085545722 0.029498525073746312 0.024778761061946902
1 0.23215339233038348 0.8353982300884956 0.02064896755162242 0.035398230088495575
1 0.07227138643067846 0.8380530973451328 0.032448377581120944 0.024188790560471976
1 0.06784660766961652 0.7097345132743362 0.029498525073746312 0.030678466076696165
1 0.24424778761061947 0.7168141592920354 0.02831858407079646 0.03893805309734513
1 0.3958702064896755 0.7126843657817109 0.030678466076696165 0.030678466076696165
1 0.5578171091445427 0.6929203539823009 0.032448377581120944 0.033628318584070796
1 0.7073746312684366 0.7005899705014749 0.02831858407079646 0.02654867256637168
1 0.7138643067846607 0.5820058997050147 0.035398230088495575 0.02536873156342183
1 0.5492625368731563 0.5769911504424778 0.029498525073746312 0.027138643067846607
1 0.391740412979351 0.5787610619469027 0.030678466076696165 0.020058997050147492
1 0.24690265486725663 0.5882005899705015 0.0359882005899705 0.02359882005899705
1 0.06519174041297934 0.5979351032448378 0.03480825958702065 0.032448377581120944
1 0.06312684365781711 0.4498525073746313 0.02831858407079646 0.02536873156342183
1 0.23864306784660766 0.4471976401179941 0.03126843657817109 0.02831858407079646
1 0.39144542772861357 0.4457227138643068 0.03126843657817109 0.02536873156342183
1 0.5486725663716814 0.44277286135693217 0.02831858407079646 0.027728613569321534
1 0.7132743362831858 0.43864306784660767 0.02831858407079646 0.02536873156342183
1 0.7026548672566372 0.2808259587020649 0.03775811209439528 0.029498525073746312
1 0.5448377581120943 0.2952802359882006 0.03126843657817109 0.023008849557522124
1 0.3817109144542773 0.3029498525073746 0.02831858407079646 0.028908554572271386
1 0.2448377581120944 0.296165191740413 0.035398230088495575 0.029498525073746312
1 0.06991150442477875 0.30265486725663715 0.03716814159292035 0.029498525073746312
1 0.06371681415929203 0.1448377581120944 0.03185840707964602 0.02536873156342183
1 0.24188790560471976 0.1448377581120944 0.029498525073746312 0.03126843657817109
1 0.3787610619469026 0.13775811209439529 0.03657817109144543 0.033628318584070796
1 0.5483775811209439 0.12949852507374632 0.032448377581120944 0.033628318584070796
1 0.7011799410029499 0.11563421828908554 0.03480825958702065 0.02831858407079646
