0 0.8587020648967552 0.19852507374631267 0.09144542772861357 0.04660766961651917
0 0.8737463126843658 0.3200589970501475 0.044837758112094395 0.15516224188790562
0 0.863716814159292 0.4654867256637168 0.06135693215339233 0.07315634218289085
0 0.875221238938053 0.6902654867256637 0.03952802359882006 0.08849557522123894
0 0.8808259587020649 0.7610619469026548 0.06607669616519174 0.08849557522123894
0 0.8805309734513275 0.9410029498525073 0.05604719764011799 0.10501474926253687
0 0.7365781710914454 0.9371681415929204 0.05486725663716814 0.07020648967551622
0 0.5973451327433629 0.9277286135693216 0.04424778761061947 0.07492625368731563
1 0.4678466076696165 0.8828908554572271 0.03775811209439528 0.04424778761061947
1 0.14513274336283186 0.9182890855457227 0.049557522123893805 0.03480825958702065
0 0.31946902654867254 0.9345132743362832 0.10442477876106195 0.06371681415929203
0 0.2926253687315634 0.7755162241887905 0.04837758112094395 0.05604719764011799
0 0.4702064896755162 0.7489675516224189 0.04247787610619469 0.05604719764011799
0 0.6194690265486725 0.8200589970501475 0.13215339233038348 0.07905604719764012
0 0.7545722713864307 0.8224188790560472 0.06135693215339233 0.06489675516224189
0 0.6303834808259587 0.6563421828908554 0.05368731563421829 0.061946902654867256
0 0.45545722713864306 0.6589970501474927 0.06843657817109144 0.058997050147492625
0 0.3100294985250737 0.6244837758112094 0.047787610619469026 0.06312684365781711
1 0.15486725663716813 0.7648967551622419 0.03480825958702065 0.04660766961651917
1 0.13451327433628318 0.615929203539823 0.03657817109144543 0.0471976401179941
0 0.14778761061946902 0.4864306784660767 0.043067846607669616 0.08672566371681416
0 0.3005899705014749 0.4864306784660767 0.047787610619469026 0.08672566371681416
0 0.47286135693215336 0.5321533923303835 0.061946902654867256 0.08495575221238938
0 0.6380530973451327 0.5230088495575221 0.04896755162241888 0.05368731563421829
0 0.7761061946902654 0.4474926253687316 0.06312684365781711 0.10206489675516224
0 0.7890855457227138 0.3088495575221239 0.061946902654867256 0.09970501474926254
0 0.7707964601769911 0.17964601769911503 0.0359882005899705 0.10678466076696165
0 0.631858407079646 0.21533923303834807 0.04129793510324484 0.08141592920353982
0 0.6309734513274337 0.32890855457227136 0.043067846607669616 0.08436578171091445
0 0.48849557522123893 0.3938053097345133 0.0471976401179941 0.07020648967551622
0 0.315929203539823 0.3787610619469026 0.052507374631268436 0.06843657817109144
0 0.14778761061946902 0.3654867256637168 0.04660766961651917 0.04896755162241888
0 0.15250737463126843 0.17551622418879056 0.061946902654867256 0.07846607669616519
0 0.2952802359882006 0.16578171091445426 0.0831858407079646 0.07315634218289085
0 0.4976401179941003 0.228023598820059 0.06666666666666667 0.061946902654867256
0 0.7707964601769911 0.6581120943952802 0.05014749262536873 0.09380530973451327
