1 0.9380530973451328 0.1471976401179941 0.02831858407079646 0.018289085545722714
1 0.9342182890855457 0.307669616519174 0.02654867256637168 0.027728613569321534
1 0.9380530973451328 0.4575221238938053 0.02831858407079646 0.028908554572271386
1 0.9407079646017699 0.5964601769911504 0.03126843657817109 0.03185840707964602
1 0.9203539823008849 0.7079646017699115 0.035398230088495575 0.030678466076696165
1 0.9303834808259587 0.8345132743362832 0.040117994100294985 0.0359882005899705
1 0.7380530973451327 0.8212389380530973 0.035398230088495575 0.035398230088495575
1 0.5876106194690265 0.8085545722713864 0.035398230088495575 0.03008849557522124
1 0.45073746312684365 0.8699115044247787 0.03657817109144543 0.03952802359882006
1 0.30619469026548674 0.859882005899705 0.022418879056047197 0.03952802359882006
1 0.115929203539823 0.8769911504424779 0.02536873156342183 0.04188790560471976
1 0.1351032448377581 0.7061946902654868 0.029498525073746312 0.04129793510324484
1 0.29469026548672567 0.7014749262536873 0.03716814159292035 0.029498525073746312
0 0.44277286135693217 0.6619469026548672 0.04070796460176991 0.05073746312684366
1 0.6002949852507374 0.736283185840708 0.03480825958702065 0.02831858407079646
1 0.7421828908554572 0.6991150442477876 0.035398230088495575 0.027138643067846607
1 0.7513274336283186 0.5914454277286135 0.0359882005899705 0.03126843657817109
1 0.6050147492625368 0.5811209439528023 0.0359882005899705 0.027138643067846607
1 0.4498525073746313 0.5761061946902655 0.028908554572271386 0.02182890855457227
1 0.29174041297935105 0.5949852507374631 0.0359882005899705 0.04660766961651917
1 0.140117994100295 0.5613569321533923 0.03126843657817109 0.04896755162241888
1 0.1336283185840708 0.46135693215339235 0.03480825958702065 0.04365781710914454
1 0.28761061946902655 0.43952802359882004 0.03126843657817109 0.029498525073746312
1 0.45132743362831856 0.44277286135693217 0.03303834808259587 0.02536873156342183
1 0.6324483775811209 0.4616519174041298 0.027138643067846607 0.04424778761061947
1 0.7687315634218289 0.43569321533923305 0.02359882005899705 0.047787610619469026
1 0.7781710914454277 0.3327433628318584 0.030678466076696165 0.03775811209439528
1 0.6277286135693215 0.34041297935103243 0.03893805309734513 0.02831858407079646
1 0.4575221238938053 0.2896755162241888 0.03952802359882006 0.030678466076696165
1 0.33421828908554574 0.3058997050147493 0.02536873156342183 0.04660766961651917
1 0.12890855457227138 0.3064896755162242 0.0359882005899705 0.02536873156342183
1 0.1410029498525074 0.09646017699115045 0.04601769911504425 0.038348082595870206
1 0.30029498525073745 0.1182890855457227 0.030678466076696165 0.03126843657817109
1 0.48023598820059 0.14041297935103245 0.03421828908554572 0.03657817109144543
1 0.6330383480825958 0.15988200589970503 0.030678466076696165 0.03775811209439528
1 0.8147492625368732 0.1823008849557522 0.029498525073746312 0.029498525073746312
