0 0.8725663716814159 0.08613569321533923 0.14749262536873156 0.10147492625368731
0 0.7855457227138642 0.24601769911504423 0.20117994100294984 0.09321533923303835
0 0.7663716814159292 0.4061946902654867 0.08141592920353982 0.047787610619469026
0 0.7731563421828909 0.5507374631268437 0.0855457227138643 0.04542772861356932
0 0.7480825958702064 0.7005899705014749 0.05073746312684366 0.043067846607669616
0 0.7469026548672566 0.7454277286135693 0.07315634218289085 0.16932153392330385
0 0.6294985250737463 0.6893805309734513 0.10265486725663717 0.17876106194690267
0 0.5725663716814159 0.8041297935103244 0.10678466076696165 0.11091445427728613
0 0.4592920353982301 0.8106194690265487 0.033628318584070796 0.08731563421828908
1 0.3286135693215339 0.8085545722713864 0.02831858407079646 0.032448377581120944
1 0.24778761061946902 0.6784660766961652 0.027138643067846607 0.02831858407079646
1 0.24837758112094394 0.55929203539823 0.030678466076696165 0.03303834808259587
1 0.5123893805309735 0.5162241887905604 0.047787610619469026 0.029498525073746312
1 0.6725663716814159 0.5601769911504425 0.03657817109144543 0.03480825958702065
1 0.15427728613569322 0.40117994100294985 0.023008849557522124 0.04129793510324484
0 0.47522123893805307 0.41858407079646015 0.052507374631268436 0.04188790560471976
0 0.6067846607669617 0.39764011799410026 0.09262536873156342 0.20176991150442478
0 0.6640117994100295 0.12182890855457226 0.08436578171091445 0.22005899705014748
0 0.6221238938053097 0.24867256637168142 0.06430678466076696 0.09262536873156342
0 0.5250737463126843 0.2831858407079646 0.16283185840707964 0.054277286135693215
0 0.5103244837758112 0.10619469026548672 0.07787610619469026 0.1616519174041298
0 0.31091445427728615 0.13156342182890857 0.12743362831858407 0.1616519174041298
0 0.3058997050147493 0.28112094395280235 0.0359882005899705 0.047787610619469026
0 0.1424778761061947 0.14424778761061946 0.1079646017699115 0.1056047197640118
0 0.1471976401179941 0.31622418879056047 0.09616519174041298 0.05073746312684366
0 0.32831858407079645 0.41474926253687316 0.19646017699115043 0.08967551622418879
0 0.4117994100294985 0.4654867256637168 0.06017699115044248 0.12625368731563422
0 0.4168141592920354 0.5424778761061947 0.09262536873156342 0.1374631268436578
0 0.5047197640117994 0.6395280235988201 0.1952802359882006 0.06489675516224189
0 0.20147492625368732 0.8017699115044248 0.0855457227138643 0.15575221238938053
0 0.09882005899705015 0.7799410029498525 0.1056047197640118 0.17699115044247787
0 0.10678466076696165 0.6513274336283186 0.10383480825958702 0.18053097345132743
0 0.11209439528023599 0.5053097345132743 0.12861356932153392 0.08790560471976401
0 0.3855457227138643 0.6519174041297935 0.04660766961651917 0.11799410029498525
