1 0.840117994100295 0.1182890855457227 0.03775811209439528 0.02182890855457227
1 0.8407079646017699 0.3613569321533923 0.03775811209439528 0.027728613569321534
1 0.8389380530973451 0.5150442477876106 0.03185840707964602 0.021238938053097345
1 0.8477876106194691 0.6336283185840708 0.03657817109144543 0.020058997050147492
1 0.8477876106194691 0.7823008849557522 0.029498525073746312 0.03657817109144543
1 0.8669616519174042 0.9005899705014749 0.04070796460176991 0.023008849557522124
1 0.708259587020649 0.9144542772861357 0.032448377581120944 0.030678466076696165
1 0.563716814159292 0.9112094395280236 0.03480825958702065 0.028908554572271386
1 0.4056047197640118 0.9126843657817109 0.03126843657817109 0.035398230088495575
1 0.2657817109144543 0.8991150442477875 0.032448377581120944 0.022418879056047197
1 0.10648967551622418 0.8997050147492626 0.027728613569321534 0.021238938053097345
1 0.10589970501474927 0.7628318584070797 0.032448377581120944 0.022418879056047197
1 0.24572271386430677 0.763716814159292 0.03126843657817109 0.02654867256637168
1 0.3973451327433628 0.7675516224188791 0.03952802359882006 0.029498525073746312
1 0.552212389380531 0.7699115044247787 0.035398230088495575 0.024778761061946902
1 0.7032448377581121 0.7749262536873156 0.04247787610619469 0.03008849557522124
1 0.6852507374631268 0.628023598820059 0.033628318584070796 0.02536873156342183
1 0.5277286135693215 0.6244837758112094 0.033628318584070796 0.02654867256637168
1 0.3855457227138643 0.6380530973451327 0.032448377581120944 0.02536873156342183
1 0.2407079646017699 0.6135693215339233 0.029498525073746312 0.021238938053097345
1 0.0952802359882006 0.6168141592920354 0.027728613569321534 0.023008849557522124
1 0.08879056047197639 0.47227138643067845 0.02654867256637168 0.027728613569321534
1 0.2342182890855457 0.47345132743362833 0.030678466076696165 0.02536873156342183
1 0.3799410029498525 0.5020648967551622 0.029498525073746312 0.022418879056047197
1 0.5345132743362832 0.5218289085545723 0.03657817109144543 0.024188790560471976
1 0.6882005899705015 0.5138643067846608 0.03480825958702065 0.027138643067846607
1 0.6775811209439528 0.34424778761061947 0.038348082595870206 0.027728613569321534
1 0.515929203539823 0.3528023598820059 0.032448377581120944 0.024778761061946902
1 0.371976401179941 0.3233038348082596 0.033628318584070796 0.02831858407079646
1 0.21474926253687315 0.3286135693215339 0.03657817109144543 0.022418879056047197
1 0.09941002949852507 0.33421828908554574 0.03126843657817109 0.02536873156342183
1 0.10324483775811209 0.15103244837758112 0.03185840707964602 0.027138643067846607
1 0.22330383480825958 0.14660766961651917 0.033628318584070796 0.02654867256637168
1 0.3663716814159292 0.14454277286135692 0.025958702064896755 0.027138643067846607
1 0.5250737463126843 0.14601769911504425 0.029498525073746312 0.02654867256637168
1 0.6761061946902654 0.1368731563421829 0.035398230088495575 0.029498525073746312
