1 0.9359882005899705 0.14277286135693215 0.03008849557522124 0.021238938053097345
1 0.928023598820059 0.3014749262536873 0.02831858407079646 0.02359882005899705
1 0.9359882005899705 0.45132743362831856 0.024188790560471976 0.022418879056047197
1 0.9345132743362832 0.5961651917404129 0.03185840707964602 0.033628318584070796
1 0.9377581120943953 0.7230088495575221 0.03126843657817109 0.03008849557522124
1 0.9353982300884955 0.8359882005899705 0.032448377581120944 0.02831858407079646
1 0.7669616519174041 0.8339233038348083 0.030678466076696165 0.028908554572271386
1 0.591740412979351 0.8306784660766962 0.029498525073746312 0.027138643067846607
1 0.44277286135693217 0.8451327433628318 0.03008849557522124 0.028908554572271386
1 0.27935103244837756 0.8386430678466077 0.033628318584070796 0.02654867256637168
1 0.13067846607669617 0.8660766961651918 0.02064896755162242 0.03657817109144543
1 0.13451327433628318 0.7047197640117994 0.022418879056047197 0.043067846607669616
1 0.29321533923303833 0.7011799410029499 0.03303834808259587 0.02182890855457227
1 0.44660766961651915 0.6991150442477876 0.03421828908554572 0.029498525073746312
1 0.6061946902654867 0.7056047197640118 0.033628318584070796 0.027138643067846607
1 0.755457227138643 0.720353982300885 0.03126843657817109 0.02359882005899705
1 0.7492625368731564 0.5861356932153392 0.02359882005899705 0.02536873156342183
1 0.6064896755162241 0.5796460176991151 0.03421828908554572 0.02654867256637168
1 0.4469026548672566 0.5775811209439528 0.02654867256637168 0.022418879056047197
1 0.2896755162241888 0.5778761061946902 0.029498525073746312 0.02536873156342183
1 0.12536873156342182 0.58023598820059 0.02654867256637168 0.03126843657817109
1 0.12625368731563422 0.43864306784660767 0.030678466076696165 0.02536873156342183
1 0.2831858407079646 0.43716814159292033 0.030678466076696165 0.022418879056047197
1 0.4457227138643068 0.44011799410029495 0.02654867256637168 0.02831858407079646
1 0.6079646017699115 0.44424778761061945 0.03126843657817109 0.02831858407079646
1 0.7584070796460177 0.44896755162241886 0.033628318584070796 0.029498525073746312
1 0.7563421828908554 0.2982300884955752 0.029498525073746312 0.027728613569321534
1 0.6156342182890855 0.3047197640117994 0.028908554572271386 0.02536873156342183
1 0.4533923303834808 0.2994100294985251 0.0359882005899705 0.02654867256637168
1 0.2976401179941003 0.2799410029498525 0.033628318584070796 0.033628318584070796
1 0.11799410029498525 0.2734513274336283 0.03657817109144543 0.03716814159292035
1 0.12330383480825959 0.10766961651917403 0.030678466076696165 0.028908554572271386
1 0.29557522123893804 0.11651917404129794 0.029498525073746312 0.02536873156342183
1 0.44837758112094395 0.12595870206489676 0.03185840707964602 0.03008849557522124
1 0.623598820058997 0.14424778761061946 0.03657817109144543 0.02654867256637168
1 0.7592920353982301 0.14896755162241887 0.027138643067846607 0.02536873156342183
