0 0.8575221238938053 0.08259587020648967 0.03952802359882006 0.035398230088495575
1 0.8480825958702065 0.2430678466076696 0.04542772861356932 0.03893805309734513
1 0.8654867256637168 0.38436578171091446 0.03775811209439528 0.043067846607669616
0 0.8536873156342183 0.5179941002949853 0.044837758112094395 0.08495575221238938
0 0.8486725663716814 0.6383480825958702 0.043067846607669616 0.04129793510324484
0 0.8471976401179941 0.8265486725663717 0.05781710914454277 0.0696165191740413
0 0.7073746312684366 0.835693215339233 0.08259587020648967 0.07374631268436578
0 0.5023598820058996 0.7752212389380531 0.06784660766961652 0.058997050147492625
0 0.5144542772861357 0.6091445427728613 0.049557522123893805 0.057227138643067846
0 0.6834808259587021 0.6330383480825958 0.047787610619469026 0.071976401179941
0 0.36755162241887906 0.7852507374631268 0.040117994100294985 0.07079646017699115
0 0.37079646017699114 0.6772861356932154 0.047787610619469026 0.0920353982300885
0 0.2294985250737463 0.8268436578171091 0.035398230088495575 0.10324483775811209
0 0.1410029498525074 0.8029498525073746 0.08613569321533923 0.04365781710914454
0 0.12625368731563422 0.6825958702064897 0.044837758112094395 0.1486725663716814
0 0.21386430678466076 0.6855457227138643 0.052507374631268436 0.09793510324483776
0 0.22271386430678466 0.5525073746312684 0.061946902654867256 0.10206489675516224
0 0.13539823008849558 0.5336283185840708 0.06312684365781711 0.07728613569321534
0 0.35870206489675516 0.4666666666666667 0.05191740412979351 0.05073746312684366
0 0.5294985250737463 0.4690265486725664 0.05604719764011799 0.07079646017699115
0 0.6967551622418879 0.5176991150442478 0.04365781710914454 0.0808259587020649
0 0.6882005899705015 0.3746312684365782 0.047787610619469026 0.06253687315634218
0 0.5389380530973451 0.33185840707964603 0.08436578171091445 0.061946902654867256
0 0.3625368731563422 0.34985250737463125 0.06312684365781711 0.07079646017699115
0 0.22861356932153393 0.3165191740412979 0.04542772861356932 0.12094395280235988
0 0.12684365781710916 0.3141592920353982 0.035398230088495575 0.0855457227138643
0 0.12123893805309735 0.2365781710914454 0.05958702064896755 0.08849557522123894
0 0.24837758112094394 0.18348082595870208 0.06489675516224189 0.06017699115044248
0 0.3775811209439528 0.17817109144542773 0.12389380530973451 0.0743362831858407
0 0.5351032448377581 0.2557522123893805 0.03303834808259587 0.05604719764011799
0 0.7056047197640118 0.23480825958702065 0.040117994100294985 0.0471976401179941
0 0.6761061946902654 0.06519174041297934 0.09911504424778761 0.05486725663716814
0 0.5356932153392331 0.12094395280235988 0.035398230088495575 0.03657817109144543
0 0.4008849557522124 0.06843657817109144 0.043067846607669616 0.08613569321533923
0 0.2669616519174041 0.0584070796460177 0.05486725663716814 0.07787610619469026
0 0.11179941002949853 0.059882005899705014 0.057227138643067846 0.0808259587020649
