0 0.7666666666666666 0.17581120943952802 0.07610619469026549 0.08495575221238938
0 0.7672566371681416 0.24336283185840707 0.11150442477876106 0.05368731563421829
0 0.7825958702064897 0.4259587020648967 0.04070796460176991 0.0471976401179941
0 0.7814159292035399 0.5525073746312684 0.03480825958702065 0.05604719764011799
0 0.7755162241887905 0.6716814159292035 0.12212389380530973 0.10678466076696165
0 0.7648967551622419 0.7814159292035399 0.18112094395280237 0.061946902654867256
0 0.6536873156342182 0.7814159292035399 0.049557522123893805 0.07846607669616519
0 0.6870206489675517 0.6752212389380531 0.05486725663716814 0.0607669616519174
0 0.6654867256637168 0.5601769911504425 0.11563421828908554 0.1303834808259587
0 0.6705014749262537 0.46194690265486726 0.11622418879056047 0.05781710914454277
0 0.6542772861356932 0.2551622418879056 0.09321533923303835 0.07374631268436578
0 0.6371681415929203 0.1398230088495575 0.10973451327433628 0.06843657817109144
0 0.4808259587020649 0.13775811209439529 0.1368731563421829 0.08436578171091445
1 0.4976401179941003 0.2814159292035398 0.04660766961651917 0.03657817109144543
1 0.5047197640117994 0.39557522123893807 0.052507374631268436 0.043067846607669616
1 0.5351032448377581 0.5206489675516224 0.05073746312684366 0.04424778761061947
0 0.5474926253687316 0.6702064896755162 0.08967551622418879 0.08731563421828908
0 0.5451327433628319 0.8407079646017699 0.08023598820058997 0.1392330383480826
0 0.39085545722713866 0.8474926253687316 0.12802359882005898 0.1351032448377581
0 0.43480825958702063 0.751622418879056 0.11799410029498525 0.10973451327433628
0 0.4150442477876106 0.6023598820058997 0.1056047197640118 0.08023598820058997
0 0.32536873156342183 0.6185840707964602 0.07610619469026549 0.15634218289085544
1 0.27079646017699116 0.7292035398230088 0.03657817109144543 0.03893805309734513
1 0.2713864306784661 0.7693215339233038 0.03303834808259587 0.040117994100294985
1 0.1687315634218289 0.6941002949852507 0.04365781710914454 0.04542772861356932
0 0.11858407079646018 0.8085545722713864 0.06843657817109144 0.07138643067846608
0 0.1486725663716814 0.5852507374631268 0.03421828908554572 0.04601769911504425
0 0.10973451327433628 0.46342182890855455 0.04601769911504425 0.04070796460176991
0 0.2728613569321534 0.4153392330383481 0.09380530973451327 0.08023598820058997
0 0.3746312684365782 0.45486725663716815 0.07905604719764012 0.15339233038348082
0 0.3383480825958702 0.2669616519174041 0.08436578171091445 0.03716814159292035
1 0.2303834808259587 0.26843657817109146 0.047787610619469026 0.03657817109144543
0 0.12389380530973451 0.28053097345132744 0.04601769911504425 0.09144542772861357
1 0.10117994100294986 0.11622418879056047 0.047787610619469026 0.03893805309734513
0 0.20324483775811208 0.16017699115044248 0.07610619469026549 0.10914454277286136
0 0.35103244837758113 0.10973451327433628 0.04247787610619469 0.044837758112094395
