0 0.8495575221238938 0.14424778761061946 0.0471976401179941 0.04660766961651917
0 0.8283185840707965 0.2943952802359882 0.06725663716814159 0.05781710914454277
0 0.8551622418879056 0.46578171091445425 0.03716814159292035 0.032448377581120944
0 0.8460176991150442 0.5858407079646017 0.06017699115044248 0.058997050147492625
0 0.764306784660767 0.7342182890855458 0.06312684365781711 0.0831858407079646
0 0.8610619469026548 0.8259587020648967 0.0607669616519174 0.05073746312684366
0 0.7436578171091446 0.8129793510324483 0.06548672566371681 0.04365781710914454
1 0.663126843657817 0.7321533923303835 0.05191740412979351 0.04247787610619469
1 0.5902654867256637 0.8654867256637168 0.038348082595870206 0.03303834808259587
1 0.5572271386430678 0.6941002949852507 0.04188790560471976 0.05604719764011799
1 0.6775811209439528 0.5480825958702065 0.05486725663716814 0.0471976401179941
1 0.7103244837758111 0.41150442477876104 0.05309734513274336 0.05604719764011799
1 0.5203539823008849 0.25663716814159293 0.05781710914454277 0.040117994100294985
0 0.7221238938053097 0.10884955752212389 0.03775811209439528 0.04660766961651917
0 0.7188790560471976 0.228023598820059 0.047787610619469026 0.047787610619469026
0 0.5988200589970502 0.40825958702064896 0.08259587020648967 0.08495575221238938
0 0.5607669616519174 0.5371681415929204 0.04896755162241888 0.04070796460176991
0 0.4421828908554572 0.691150442477876 0.06784660766961652 0.09262536873156342
0 0.4176991150442478 0.5415929203539823 0.07669616519174041 0.06607669616519174
1 0.29321533923303833 0.524188790560472 0.044837758112094395 0.03952802359882006
0 0.23539823008849559 0.6581120943952802 0.05191740412979351 0.0607669616519174
1 0.15693215339233038 0.6569321533923304 0.05663716814159292 0.052507374631268436
0 0.17905604719764012 0.7911504424778761 0.04660766961651917 0.03657817109144543
0 0.3943952802359882 0.771386430678466 0.08200589970501475 0.047787610619469026
0 0.3958702064896755 0.8404129793510324 0.0471976401179941 0.07020648967551622
1 0.15958702064896754 0.49911504424778763 0.047787610619469026 0.05073746312684366
0 0.17286135693215338 0.38377581120943954 0.07551622418879056 0.05368731563421829
0 0.2967551622418879 0.37315634218289084 0.071976401179941 0.04660766961651917
0 0.47345132743362833 0.37315634218289084 0.047787610619469026 0.07964601769911504
0 0.39557522123893807 0.3191740412979351 0.06784660766961652 0.05663716814159292
1 0.2663716814159292 0.2607669616519174 0.03952802359882006 0.035398230088495575
0 0.15191740412979352 0.2377581120943953 0.04660766961651917 0.044837758112094395
0 0.12330383480825959 0.12831858407079647 0.0696165191740413 0.04188790560471976
1 0.2734513274336283 0.10471976401179942 0.033628318584070796 0.032448377581120944
0 0.3572271386430678 0.1625368731563422 0.03008849557522124 0.038348082595870206
1 0.511504424778761 0.12359882005899706 0.030678466076696165 0.033628318584070796
