0 0.8495575221238938 0.14424778761061946 0.0471976401179941 0.04660766961651917
0 0.8256637168141593 0.2861356932153392 0.061946902654867256 0.04129793510324484
0 0.8551622418879056 0.46578171091445425 0.03716814159292035 0.032448377581120944
0 0.8460176991150442 0.5858407079646017 0.06017699115044248 0.058997050147492625
0 0.8377581120943953 0.7029498525073746 0.08613569321533923 0.07020648967551622
0 0.8303834808259587 0.8769911504424779 0.07138643067846608 0.052507374631268436
0 0.7353982300884956 0.8067846607669616 0.05486725663716814 0.03952802359882006
1 0.663126843657817 0.7321533923303835 0.05191740412979351 0.04247787610619469
1 0.5902654867256637 0.8654867256637168 0.038348082595870206 0.03303834808259587
1 0.5572271386430678 0.6941002949852507 0.04188790560471976 0.05604719764011799
1 0.6790560471976401 0.5480825958702065 0.05191740412979351 0.0471976401179941
1 0.7103244837758111 0.41150442477876104 0.05309734513274336 0.05604719764011799
1 0.5203539823008849 0.25663716814159293 0.05781710914454277 0.040117994100294985
0 0.7221238938053097 0.10884955752212389 0.03775811209439528 0.04660766961651917
0 0.7188790560471976 0.228023598820059 0.047787610619469026 0.047787610619469026
0 0.5988200589970502 0.40825958702064896 0.08259587020648967 0.08495575221238938
0 0.5607669616519174 0.5371681415929204 0.04896755162241888 0.04070796460176991
0 0.4421828908554572 0.691150442477876 0.06784660766961652 0.09262536873156342
0 0.4176991150442478 0.5415929203539823 0.07669616519174041 0.06607669616519174
1 0.2743362831858407 0.5796460176991151 0.03303834808259587 0.038348082595870206
0 0.20530973451327433 0.696165191740413 0.03893805309734513 0.07669616519174041
1 0.11858407079646018 0.691150442477876 0.03421828908554572 0.05132743362831858
0 0.10471976401179942 0.8268436578171091 0.03480825958702065 0.05132743362831858
0 0.36578171091445427 0.8262536873156342 0.04247787610619469 0.09616519174041298
0 0.2935103244837758 0.8595870206489675 0.0359882005899705 0.07669616519174041
1 0.11533923303834809 0.5533923303834808 0.04896755162241888 0.04247787610619469
0 0.12979351032448377 0.44424778761061945 0.04837758112094395 0.07905604719764012
0 0.29882005899705016 0.37610619469026546 0.0808259587020649 0.0808259587020649
0 0.47345132743362833 0.37315634218289084 0.047787610619469026 0.07964601769911504
0 0.3997050147492625 0.25162241887905606 0.06548672566371681 0.061946902654867256
1 0.2663716814159292 0.2607669616519174 0.03952802359882006 0.035398230088495575
0 0.15191740412979352 0.2377581120943953 0.04660766961651917 0.044837758112094395
0 0.12330383480825959 0.12831858407079647 0.0696165191740413 0.04188790560471976
1 0.27640117994100294 0.09882005899705015 0.033628318584070796 0.032448377581120944
0 0.3542772861356932 0.10825958702064897 0.03008849557522124 0.03126843657817109
1 0.5053097345132743 0.11769911504424779 0.03126843657817109 0.02654867256637168
