0 0.727433628318584 0.10265486725663717 0.07315634218289085 0.13805309734513274
0 0.6991150442477876 0.25250737463126843 0.18289085545722714 0.0943952802359882
0 0.7345132743362832 0.35221238938053095 0.08141592920353982 0.04601769911504425
0 0.7368731563421829 0.6020648967551623 0.07315634218289085 0.06548672566371681
0 0.740117994100295 0.6710914454277286 0.09026548672566372 0.0831858407079646
0 0.6648967551622419 0.8212389380530973 0.09085545722713864 0.1640117994100295
0 0.5952802359882006 0.7988200589970501 0.15457227138643068 0.11327433628318584
0 0.4584070796460177 0.8056047197640118 0.03775811209439528 0.07728613569321534
1 0.3256637168141593 0.8047197640117993 0.03421828908554572 0.03775811209439528
0 0.2616519174041298 0.7905604719764012 0.07492625368731563 0.13097345132743363
0 0.13244837758112094 0.8182890855457227 0.11976401179941003 0.14749262536873156
0 0.11769911504424779 0.6498525073746313 0.10678466076696165 0.1846607669616519
0 0.17345132743362832 0.5914454277286135 0.0743362831858407 0.12094395280235988
0 0.2973451327433628 0.5669616519174041 0.08023598820058997 0.1958702064896755
0 0.38820058997050144 0.663126843657817 0.054277286135693215 0.12979351032448377
0 0.531858407079646 0.5935103244837758 0.1421828908554572 0.11091445427728613
0 0.5920353982300884 0.6339233038348082 0.16696165191740414 0.07020648967551622
0 0.2640117994100295 0.6943952802359882 0.08436578171091445 0.09557522123893805
0 0.3088495575221239 0.36902654867256635 0.08672566371681416 0.1929203539823009
0 0.4194690265486726 0.44483775811209436 0.11799410029498525 0.10029498525073746
0 0.4259587020648967 0.4539823008849557 0.08259587020648967 0.10914454277286136
0 0.4766961651917404 0.4359882005899705 0.05781710914454277 0.022418879056047197
0 0.6056047197640118 0.3949852507374631 0.09970501474926254 0.20471976401179942
0 0.6669616519174041 0.5144542772861357 0.04188790560471976 0.07079646017699115
0 0.5227138643067847 0.2814159292035398 0.15575221238938053 0.05309734513274336
0 0.6185840707964602 0.30206489675516224 0.07728613569321534 0.09793510324483776
0 0.6601769911504425 0.18200589970501474 0.15457227138643068 0.05958702064896755
0 0.5300884955752212 0.15486725663716813 0.1421828908554572 0.06784660766961652
0 0.3271386430678466 0.17699115044247787 0.08672566371681416 0.10619469026548672
0 0.2610619469026549 0.2607669616519174 0.12094395280235988 0.06017699115044248
0 0.15634218289085544 0.347787610619469 0.07079646017699115 0.0607669616519174
0 0.1905604719764012 0.21887905604719765 0.11799410029498525 0.10501474926253687
1 0.07610619469026549 0.4982300884955752 0.03185840707964602 0.024188790560471976
0 0.492330383480826 0.47345132743362833 0.14454277286135692 0.12684365781710916
