0 0.8560471976401179 0.09793510324483776 0.03775811209439528 0.04247787610619469
1 0.8536873156342183 0.25604719764011796 0.05663716814159292 0.04247787610619469
1 0.8669616519174042 0.38436578171091446 0.038348082595870206 0.032448377581120944
0 0.8557522123893805 0.524188790560472 0.04896755162241888 0.07256637168141593
0 0.8533923303834808 0.6637168141592921 0.043067846607669616 0.035398230088495575
0 0.8498525073746312 0.8315634218289085 0.05486725663716814 0.05368731563421829
0 0.6932153392330384 0.8194690265486726 0.04601769911504425 0.06725663716814159
0 0.5032448377581121 0.7908554572271387 0.06371681415929203 0.06430678466076696
0 0.515929203539823 0.6303834808259587 0.04660766961651917 0.07138643067846608
0 0.6887905604719764 0.6330383480825958 0.04896755162241888 0.06607669616519174
0 0.37138643067846605 0.8044247787610619 0.0359882005899705 0.06430678466076696
0 0.3710914454277286 0.6764011799410029 0.03893805309734513 0.07138643067846608
0 0.23008849557522124 0.8345132743362832 0.03657817109144543 0.08672566371681416
0 0.13864306784660768 0.8185840707964601 0.08141592920353982 0.043067846607669616
0 0.12979351032448377 0.6941002949852507 0.049557522123893805 0.11858407079646018
0 0.22389380530973452 0.6935103244837758 0.04660766961651917 0.09380530973451327
0 0.23215339233038348 0.5569321533923304 0.052507374631268436 0.08849557522123894
0 0.1368731563421829 0.5365781710914455 0.06017699115044248 0.07610619469026549
0 0.36194690265486723 0.48112094395280236 0.05014749262536873 0.05486725663716814
0 0.5333333333333333 0.48525073746312686 0.04837758112094395 0.06902654867256637
0 0.6991150442477876 0.5185840707964602 0.04247787610619469 0.07079646017699115
0 0.6914454277286135 0.384070796460177 0.05545722713864307 0.06135693215339233
0 0.5418879056047198 0.3421828908554572 0.07020648967551622 0.06371681415929203
0 0.37079646017699114 0.34837758112094397 0.05014749262536873 0.061946902654867256
0 0.23392330383480825 0.33185840707964603 0.04542772861356932 0.09852507374631268
0 0.12979351032448377 0.3359882005899705 0.03775811209439528 0.08436578171091445
0 0.12772861356932153 0.2551622418879056 0.06430678466076696 0.06430678466076696
0 0.25162241887905606 0.20324483775811208 0.05486725663716814 0.05958702064896755
0 0.39557522123893807 0.20176991150442478 0.08436578171091445 0.08023598820058997
0 0.5342182890855457 0.2696165191740413 0.03480825958702065 0.05073746312684366
0 0.7061946902654868 0.2407079646017699 0.03657817109144543 0.05073746312684366
0 0.6929203539823009 0.07699115044247787 0.04660766961651917 0.057227138643067846
0 0.5368731563421829 0.13569321533923304 0.035398230088495575 0.03657817109144543
0 0.4050147492625369 0.07876106194690266 0.04070796460176991 0.07256637168141593
0 0.2628318584070796 0.06607669616519174 0.04896755162241888 0.07905604719764012
0 0.12212389380530973 0.08053097345132743 0.044837758112094395 0.0808259587020649
