0 0.852212389380531 0.1 0.03952802359882006 0.03126843657817109
1 0.8589970501474926 0.22684365781710913 0.058997050147492625 0.057227138643067846
1 0.8648967551622418 0.3828908554572271 0.03657817109144543 0.054277286135693215
0 0.8480825958702065 0.5144542772861357 0.03952802359882006 0.07905604719764012
0 0.8498525073746312 0.6333333333333333 0.04070796460176991 0.06312684365781711
0 0.8466076696165191 0.8188790560471977 0.054277286135693215 0.06253687315634218
0 0.7056047197640118 0.8392330383480826 0.08259587020648967 0.06902654867256637
0 0.5050147492625369 0.771976401179941 0.06489675516224189 0.06312684365781711
0 0.4982300884955752 0.6047197640117994 0.043067846607669616 0.06135693215339233
0 0.6772861356932154 0.628023598820059 0.05191740412979351 0.05368731563421829
0 0.36991150442477877 0.7852507374631268 0.035398230088495575 0.08259587020648967
0 0.3607669616519174 0.6958702064896755 0.06784660766961652 0.061946902654867256
0 0.22064896755162242 0.8303834808259587 0.04365781710914454 0.09852507374631268
0 0.14277286135693215 0.803834808259587 0.08141592920353982 0.043067846607669616
0 0.1351032448377581 0.6678466076696166 0.06371681415929203 0.16283185840707964
0 0.21622418879056046 0.6932153392330384 0.06430678466076696 0.11091445427728613
0 0.21887905604719765 0.5525073746312684 0.058997050147492625 0.10206489675516224
0 0.1351032448377581 0.5383480825958702 0.06843657817109144 0.07610619469026549
0 0.3595870206489675 0.46814159292035395 0.05486725663716814 0.05604719764011799
0 0.5312684365781711 0.4725663716814159 0.0584070796460177 0.06607669616519174
0 0.6908554572271386 0.5182890855457227 0.030678466076696165 0.09026548672566372
0 0.6864306784660766 0.36991150442477877 0.05368731563421829 0.049557522123893805
0 0.5463126843657817 0.33126843657817107 0.07315634218289085 0.05486725663716814
0 0.36578171091445427 0.36519174041297936 0.054277286135693215 0.11799410029498525
0 0.2135693215339233 0.3053097345132743 0.04601769911504425 0.12094395280235988
0 0.12949852507374632 0.31887905604719763 0.04070796460176991 0.06548672566371681
0 0.12448377581120944 0.2374631268436578 0.06253687315634218 0.08672566371681416
0 0.24601769911504423 0.1864306784660767 0.06017699115044248 0.054277286135693215
0 0.3554572271386431 0.18171091445427728 0.12566371681415928 0.04837758112094395
0 0.5289085545722714 0.26253687315634217 0.07610619469026549 0.058997050147492625
0 0.7026548672566372 0.22654867256637168 0.054277286135693215 0.049557522123893805
0 0.6728613569321534 0.055162241887905604 0.08908554572271386 0.052507374631268436
0 0.536283185840708 0.12035398230088495 0.03421828908554572 0.03303834808259587
0 0.4079646017699115 0.07227138643067846 0.04660766961651917 0.06784660766961652
0 0.2569321533923304 0.0528023598820059 0.07020648967551622 0.057227138643067846
0 0.1191740412979351 0.06165191740412979 0.05663716814159292 0.09616519174041298
