1 0.8616519174041298 0.09646017699115045 0.038348082595870206 0.03480825958702065
1 0.8728613569321534 0.28908554572271383 0.043067846607669616 0.035398230088495575
1 0.8663716814159292 0.46430678466076697 0.03126843657817109 0.035398230088495575
0 0.8572271386430679 0.559882005899705 0.029498525073746312 0.04129793510324484
1 0.8669616519174042 0.7085545722713864 0.024188790560471976 0.03657817109144543
1 0.8964601769911504 0.8828908554572271 0.032448377581120944 0.032448377581120944
1 0.6935103244837758 0.8584070796460177 0.027728613569321534 0.03893805309734513
1 0.5474926253687316 0.8625368731563422 0.03421828908554572 0.03657817109144543
1 0.40766961651917405 0.8191740412979351 0.029498525073746312 0.04542772861356932
1 0.23893805309734512 0.831858407079646 0.02359882005899705 0.03657817109144543
1 0.071976401179941 0.8398230088495575 0.029498525073746312 0.018289085545722714
1 0.07345132743362831 0.6970501474926254 0.03480825958702065 0.03126843657817109
1 0.25899705014749264 0.6908554572271386 0.03775811209439528 0.029498525073746312
1 0.3973451327433628 0.7412979351032448 0.033628318584070796 0.028908554572271386
1 0.5539823008849557 0.687905604719764 0.035398230088495575 0.035398230088495575
1 0.7070796460176991 0.7011799410029499 0.032448377581120944 0.02536873156342183
1 0.7112094395280236 0.5952802359882006 0.02654867256637168 0.03775811209439528
1 0.5504424778761062 0.5796460176991151 0.02831858407079646 0.024188790560471976
1 0.38908554572271387 0.5775811209439528 0.033628318584070796 0.022418879056047197
1 0.24837758112094394 0.5858407079646017 0.02831858407079646 0.03421828908554572
1 0.06017699115044248 0.6100294985250737 0.030678466076696165 0.030678466076696165
1 0.06283185840707964 0.4492625368731563 0.027728613569321534 0.02654867256637168
1 0.2342182890855457 0.4365781710914454 0.03893805309734513 0.03775811209439528
1 0.38082595870206487 0.4616519174041298 0.032448377581120944 0.038348082595870206
1 0.5513274336283186 0.4451327433628319 0.032448377581120944 0.02654867256637168
1 0.7129793510324484 0.4410029498525074 0.033628318584070796 0.02536873156342183
1 0.6787610619469027 0.3008849557522124 0.02654867256637168 0.04247787610619469
1 0.5454277286135694 0.2775811209439528 0.04070796460176991 0.028908554572271386
1 0.3793510324483776 0.3359882005899705 0.03775811209439528 0.03716814159292035
1 0.2294985250737463 0.3064896755162242 0.03185840707964602 0.02536873156342183
1 0.06784660766961652 0.30324483775811206 0.029498525073746312 0.021238938053097345
1 0.06371681415929203 0.1448377581120944 0.027138643067846607 0.019469026548672566
1 0.21327433628318584 0.17728613569321533 0.03126843657817109 0.033628318584070796
1 0.371976401179941 0.15693215339233038 0.03716814159292035 0.03775811209439528
1 0.5244837758112094 0.12477876106194691 0.03185840707964602 0.024188790560471976
1 0.6997050147492625 0.12035398230088495 0.035398230088495575 0.035398230088495575
