1 0.8616519174041298 0.09646017699115045 0.038348082595870206 0.03480825958702065
1 0.8740412979351032 0.307669616519174 0.032448377581120944 0.027728613569321534
1 0.8622418879056047 0.4672566371681416 0.03126843657817109 0.035398230088495575
0 0.8572271386430679 0.559882005899705 0.029498525073746312 0.04129793510324484
1 0.8669616519174042 0.7085545722713864 0.024188790560471976 0.03657817109144543
1 0.8876106194690265 0.8769911504424779 0.032448377581120944 0.032448377581120944
1 0.6935103244837758 0.8584070796460177 0.027728613569321534 0.03893805309734513
1 0.5474926253687316 0.8666666666666667 0.03421828908554572 0.03657817109144543
1 0.41415929203539825 0.8070796460176991 0.02831858407079646 0.035398230088495575
1 0.2622418879056047 0.8215339233038348 0.04188790560471976 0.032448377581120944
1 0.06578171091445428 0.8321533923303834 0.033628318584070796 0.03126843657817109
1 0.07935103244837757 0.707669616519174 0.03480825958702065 0.03126843657817109
1 0.25899705014749264 0.6908554572271386 0.03775811209439528 0.029498525073746312
1 0.4002949852507375 0.7389380530973452 0.033628318584070796 0.03126843657817109
1 0.5572271386430678 0.6634218289085546 0.03126843657817109 0.03952802359882006
1 0.7070796460176991 0.7011799410029499 0.032448377581120944 0.02536873156342183
1 0.7112094395280236 0.5952802359882006 0.02654867256637168 0.03775811209439528
1 0.5504424778761062 0.5796460176991151 0.02831858407079646 0.024188790560471976
1 0.38908554572271387 0.5775811209439528 0.033628318584070796 0.022418879056047197
1 0.24837758112094394 0.5858407079646017 0.02831858407079646 0.03421828908554572
1 0.06017699115044248 0.5952802359882006 0.030678466076696165 0.030678466076696165
1 0.06578171091445428 0.4569321533923304 0.027728613569321534 0.02654867256637168
1 0.2327433628318584 0.4359882005899705 0.0359882005899705 0.03657817109144543
1 0.36991150442477877 0.463716814159292 0.025958702064896755 0.044837758112094395
1 0.5513274336283186 0.4451327433628319 0.032448377581120944 0.02654867256637168
1 0.7129793510324484 0.4410029498525074 0.033628318584070796 0.02536873156342183
1 0.6646017699115044 0.308259587020649 0.02654867256637168 0.05014749262536873
1 0.5454277286135694 0.28702064896755164 0.04070796460176991 0.028908554572271386
1 0.37374631268436576 0.34277286135693213 0.033628318584070796 0.035398230088495575
1 0.22448377581120943 0.3333333333333333 0.033628318584070796 0.040117994100294985
1 0.0687315634218289 0.31150442477876106 0.027728613569321534 0.02831858407079646
1 0.06371681415929203 0.1448377581120944 0.027138643067846607 0.019469026548672566
1 0.184070796460177 0.1873156342182891 0.027138643067846607 0.03480825958702065
1 0.371976401179941 0.15693215339233038 0.03716814159292035 0.03775811209439528
1 0.5244837758112094 0.12477876106194691 0.03185840707964602 0.024188790560471976
1 0.6997050147492625 0.12035398230088495 0.035398230088495575 0.035398230088495575
