1 0.8578171091445428 0.12389380530973451 0.03657817109144543 0.022418879056047197
1 0.8587020648967552 0.23539823008849559 0.032448377581120944 0.021238938053097345
1 0.8643067846607669 0.3787610619469026 0.03775811209439528 0.02359882005899705
1 0.8536873156342183 0.4911504424778761 0.03893805309734513 0.028908554572271386
1 0.8525073746312685 0.6610619469026549 0.03893805309734513 0.024188790560471976
1 0.8495575221238938 0.8100294985250738 0.03303834808259587 0.025958702064896755
1 0.6893805309734513 0.8047197640117993 0.03716814159292035 0.021238938053097345
1 0.512684365781711 0.8129793510324483 0.03657817109144543 0.021238938053097345
1 0.3705014749262537 0.8135693215339233 0.03421828908554572 0.022418879056047197
1 0.2351032448377581 0.8100294985250738 0.03480825958702065 0.025958702064896755
1 0.12182890855457226 0.8100294985250738 0.033628318584070796 0.029498525073746312
1 0.11533923303834809 0.6625368731563421 0.02654867256637168 0.01887905604719764
1 0.23008849557522124 0.6693215339233038 0.03303834808259587 0.024188790560471976
1 0.36430678466076694 0.6634218289085546 0.032448377581120944 0.027728613569321534
1 0.5292035398230088 0.6584070796460177 0.03303834808259587 0.02359882005899705
1 0.6896755162241888 0.6610619469026549 0.03657817109144543 0.024188790560471976
1 0.6967551622418879 0.4958702064896755 0.03657817109144543 0.019469026548672566
1 0.5466076696165192 0.49734513274336284 0.03480825958702065 0.022418879056047197
1 0.3696165191740413 0.5056047197640118 0.032448377581120944 0.022418879056047197
1 0.2383480825958702 0.5265486725663717 0.03657817109144543 0.02654867256637168
1 0.12123893805309735 0.5265486725663717 0.03008849557522124 0.032448377581120944
1 0.12271386430678466 0.36902654867256635 0.035398230088495575 0.03480825958702065
1 0.23333333333333334 0.36106194690265486 0.03480825958702065 0.02831858407079646
1 0.3705014749262537 0.3702064896755162 0.03657817109144543 0.024188790560471976
1 0.5463126843657817 0.3705014749262537 0.03893805309734513 0.027138643067846607
1 0.6914454277286135 0.36755162241887906 0.040117994100294985 0.029498525073746312
1 0.7067846607669617 0.22920353982300884 0.04365781710914454 0.023008849557522124
1 0.5433628318584071 0.23008849557522124 0.03657817109144543 0.02359882005899705
1 0.3926253687315634 0.22654867256637168 0.032448377581120944 0.022418879056047197
1 0.2430678466076696 0.22507374631268437 0.029498525073746312 0.023008849557522124
1 0.1224188790560472 0.22831858407079647 0.032448377581120944 0.029498525073746312
1 0.11061946902654868 0.10206489675516224 0.04188790560471976 0.02359882005899705
1 0.25604719764011796 0.10471976401179942 0.04129793510324484 0.02654867256637168
1 0.3985250737463127 0.10825958702064897 0.0359882005899705 0.027728613569321534
1 0.5418879056047198 0.10678466076696165 0.03716814159292035 0.020058997050147492
1 0.7117994100294985 0.11563421828908554 0.03126843657817109 0.02831858407079646
