0 0.7666666666666666 0.17581120943952802 0.07610619469026549 0.08495575221238938
0 0.7672566371681416 0.24336283185840707 0.11150442477876106 0.05368731563421829
0 0.7825958702064897 0.4259587020648967 0.04070796460176991 0.0471976401179941
0 0.7778761061946903 0.5510324483775811 0.04188790560471976 0.05309734513274336
0 0.771976401179941 0.671976401179941 0.11504424778761062 0.10737463126843658
0 0.7772861356932154 0.799410029498525 0.16460176991150444 0.06135693215339233
0 0.6536873156342182 0.7814159292035399 0.049557522123893805 0.07846607669616519
0 0.6870206489675517 0.6752212389380531 0.05486725663716814 0.0607669616519174
0 0.6684365781710915 0.5699115044247788 0.10147492625368731 0.10029498525073746
0 0.6737463126843658 0.4616519174041298 0.09793510324483776 0.057227138643067846
0 0.6542772861356932 0.2551622418879056 0.09321533923303835 0.07374631268436578
0 0.6371681415929203 0.1398230088495575 0.10973451327433628 0.06843657817109144
0 0.4808259587020649 0.13775811209439529 0.1368731563421829 0.08436578171091445
1 0.4976401179941003 0.2814159292035398 0.04660766961651917 0.03657817109144543
1 0.5047197640117994 0.39557522123893807 0.052507374631268436 0.043067846607669616
1 0.5351032448377581 0.5206489675516224 0.05073746312684366 0.04424778761061947
0 0.5474926253687316 0.6702064896755162 0.08967551622418879 0.08731563421828908
0 0.5510324483775811 0.8345132743362832 0.06017699115044248 0.11268436578171091
0 0.3846607669616519 0.8424778761061946 0.14041297935103245 0.12507374631268436
0 0.43480825958702063 0.751622418879056 0.11799410029498525 0.10973451327433628
0 0.4056047197640118 0.603834808259587 0.10088495575221239 0.07964601769911504
0 0.296165191740413 0.616519174041298 0.07079646017699115 0.15457227138643068
1 0.27079646017699116 0.7292035398230088 0.03657817109144543 0.03893805309734513
1 0.2551622418879056 0.8386430678466077 0.03952802359882006 0.033628318584070796
1 0.15339233038348082 0.6687315634218289 0.04365781710914454 0.057227138643067846
0 0.115929203539823 0.8292035398230089 0.06312684365781711 0.08672566371681416
0 0.1486725663716814 0.5967551622418878 0.035398230088495575 0.03952802359882006
0 0.11061946902654868 0.4589970501474926 0.047787610619469026 0.03185840707964602
0 0.26902654867256637 0.4097345132743363 0.09911504424778761 0.06548672566371681
0 0.3831858407079646 0.44778761061946903 0.06430678466076696 0.1392330383480826
0 0.3383480825958702 0.2669616519174041 0.08436578171091445 0.03716814159292035
1 0.2303834808259587 0.26843657817109146 0.047787610619469026 0.03657817109144543
0 0.10973451327433628 0.27315634218289087 0.05781710914454277 0.0743362831858407
1 0.10117994100294986 0.11622418879056047 0.047787610619469026 0.03893805309734513
0 0.20265486725663717 0.15398230088495574 0.07492625368731563 0.0967551622418879
0 0.35103244837758113 0.10973451327433628 0.04247787610619469 0.044837758112094395
