1 0.8964601769911504 0.11799410029498525 0.043067846607669616 0.03657817109144543
0 0.8761061946902655 0.2790560471976401 0.05073746312684366 0.08259587020648967
1 0.4964601769911504 0.28023598820059 0.04896755162241888 0.04601769911504425
1 0.4964601769911504 0.39764011799410026 0.057227138643067846 0.044837758112094395
1 0.828613569321534 0.6893805309734513 0.047787610619469026 0.04660766961651917
0 0.7265486725663717 0.7283185840707964 0.038348082595870206 0.04660766961651917
1 0.7259587020648968 0.768141592920354 0.0359882005899705 0.04365781710914454
0 0.8486725663716814 0.5882005899705015 0.038348082595870206 0.049557522123893805
0 0.8811209439528024 0.8100294985250738 0.06548672566371681 0.08495575221238938
0 0.8873156342182891 0.4663716814159292 0.05309734513274336 0.04188790560471976
0 0.7244837758112095 0.4153392330383481 0.09793510324483776 0.07787610619469026
1 0.7625368731563422 0.271976401179941 0.05958702064896755 0.03185840707964602
0 0.7932153392330383 0.15870206489675515 0.07846607669616519 0.11209439528023599
0 0.6466076696165192 0.10737463126843658 0.04601769911504425 0.04365781710914454
0 0.6619469026548672 0.2669616519174041 0.08259587020648967 0.03952802359882006
0 0.5179941002949853 0.1351032448377581 0.13805309734513274 0.07905604719764012
0 0.36342182890855457 0.13952802359882005 0.10737463126843658 0.06430678466076696
0 0.23097345132743363 0.17168141592920355 0.06312684365781711 0.08967551622418879
0 0.34601769911504426 0.2551622418879056 0.10206489675516224 0.0808259587020649
0 0.22979351032448378 0.2424778761061947 0.11504424778761062 0.06843657817109144
0 0.21740412979351031 0.42507374631268435 0.04542772861356932 0.05486725663716814
0 0.3268436578171091 0.46519174041297934 0.11799410029498525 0.06666666666666667
0 0.21769911504424777 0.5542772861356932 0.03657817109144543 0.0607669616519174
0 0.33539823008849556 0.5557522123893806 0.11268436578171091 0.1191740412979351
1 0.46342182890855455 0.5182890855457227 0.05014749262536873 0.047787610619469026
0 0.6259587020648968 0.4589970501474926 0.08967551622418879 0.1640117994100295
0 0.6702064896755162 0.6233038348082596 0.071976401179941 0.14690265486725662
0 0.5728613569321533 0.6035398230088496 0.12979351032448377 0.08259587020648967
0 0.4584070796460177 0.667551622418879 0.08259587020648967 0.09026548672566372
0 0.5654867256637168 0.7575221238938052 0.1374631268436578 0.12389380530973451
0 0.6076696165191741 0.8466076696165191 0.13215339233038348 0.1392330383480826
0 0.4528023598820059 0.8410029498525073 0.09144542772861357 0.1421828908554572
0 0.3415929203539823 0.7849557522123893 0.06017699115044248 0.09970501474926254
0 0.3129793510324484 0.6784660766961652 0.05368731563421829 0.06725663716814159
0 0.22300884955752212 0.6716814159292035 0.13215339233038348 0.11504424778761062
0 0.2327433628318584 0.7852507374631268 0.18584070796460178 0.08141592920353982
