1 0.891740412979351 0.09852507374631268 0.03126843657817109 0.024778761061946902
1 0.8938053097345132 0.2377581120943953 0.027138643067846607 0.022418879056047197
1 0.9023598820058997 0.3823008849557522 0.02654867256637168 0.024778761061946902
1 0.9112094395280236 0.5256637168141592 0.027728613569321534 0.024778761061946902
1 0.9002949852507375 0.6654867256637168 0.02831858407079646 0.02359882005899705
1 0.8991150442477875 0.8530973451327434 0.029498525073746312 0.025958702064896755
1 0.7764011799410029 0.8513274336283185 0.02831858407079646 0.027138643067846607
1 0.6356932153392331 0.8557522123893805 0.024188790560471976 0.033628318584070796
1 0.47404129793510325 0.8572271386430679 0.033628318584070796 0.022418879056047197
1 0.31946902654867254 0.8654867256637168 0.02654867256637168 0.025958702064896755
1 0.16135693215339234 0.8781710914454277 0.033628318584070796 0.027728613569321534
1 0.15634218289085544 0.6368731563421829 0.035398230088495575 0.02536873156342183
1 0.32123893805309733 0.656047197640118 0.033628318584070796 0.029498525073746312
1 0.48289085545722715 0.6495575221238938 0.03126843657817109 0.029498525073746312
1 0.623598820058997 0.675811209439528 0.03657817109144543 0.023008849557522124
1 0.7849557522123893 0.6707964601769911 0.033628318584070796 0.02359882005899705
1 0.7625368731563422 0.5286135693215339 0.03126843657817109 0.02831858407079646
1 0.6182890855457227 0.4982300884955752 0.03185840707964602 0.028908554572271386
1 0.4592920353982301 0.47787610619469023 0.033628318584070796 0.02831858407079646
1 0.31091445427728615 0.48525073746312686 0.035398230088495575 0.02654867256637168
1 0.15988200589970503 0.4855457227138643 0.03421828908554572 0.03185840707964602
1 0.15073746312684366 0.36578171091445427 0.03480825958702065 0.022418879056047197
1 0.3129793510324484 0.3702064896755162 0.033628318584070796 0.024188790560471976
1 0.47109144542772863 0.3740412979351032 0.03480825958702065 0.030678466076696165
1 0.6129793510324484 0.36342182890855457 0.03185840707964602 0.01887905604719764
1 0.7569321533923303 0.3752212389380531 0.02831858407079646 0.025958702064896755
1 0.752802359882006 0.2336283185840708 0.030678466076696165 0.02831858407079646
1 0.6020648967551623 0.23333333333333334 0.033628318584070796 0.02536873156342183
1 0.4486725663716814 0.228023598820059 0.038348082595870206 0.02536873156342183
1 0.2926253687315634 0.22595870206489677 0.035398230088495575 0.029498525073746312
1 0.14601769911504425 0.21858407079646017 0.03952802359882006 0.038348082595870206
1 0.13392330383480827 0.09233038348082595 0.035398230088495575 0.028908554572271386
1 0.2908554572271386 0.08259587020648967 0.029498525073746312 0.035398230088495575
1 0.43539823008849554 0.08702064896755163 0.030678466076696165 0.02536873156342183
1 0.591740412979351 0.09026548672566372 0.029498525073746312 0.022418879056047197
1 0.7348082595870207 0.09852507374631268 0.03480825958702065 0.024778761061946902
