1 0.8616519174041298 0.09646017699115045 0.038348082595870206 0.03480825958702065
1 0.8734513274336283 0.307669616519174 0.0359882005899705 0.033628318584070796
1 0.8657817109144542 0.4663716814159292 0.03008849557522124 0.03952802359882006
0 0.8572271386430679 0.559882005899705 0.029498525073746312 0.04129793510324484
1 0.8669616519174042 0.703834808259587 0.024188790560471976 0.03657817109144543
1 0.8823008849557522 0.8758112094395281 0.032448377581120944 0.032448377581120944
1 0.6935103244837758 0.8584070796460177 0.027728613569321534 0.03893805309734513
1 0.5474926253687316 0.8654867256637168 0.03421828908554572 0.03657817109144543
1 0.41327433628318583 0.8132743362831858 0.032448377581120944 0.03952802359882006
1 0.2622418879056047 0.8212389380530973 0.03952802359882006 0.03303834808259587
1 0.0710914454277286 0.831858407079646 0.03126843657817109 0.03421828908554572
1 0.07817109144542772 0.707669616519174 0.03480825958702065 0.03126843657817109
1 0.25899705014749264 0.6973451327433628 0.03775811209439528 0.029498525073746312
1 0.3991150442477876 0.740117994100295 0.033628318584070796 0.028908554572271386
1 0.5557522123893806 0.6702064896755162 0.035398230088495575 0.035398230088495575
1 0.7070796460176991 0.7011799410029499 0.032448377581120944 0.02536873156342183
1 0.7088495575221239 0.5994100294985251 0.027728613569321534 0.04601769911504425
1 0.5504424778761062 0.5796460176991151 0.02831858407079646 0.024188790560471976
1 0.39292035398230085 0.5808259587020649 0.030678466076696165 0.024188790560471976
1 0.2519174041297935 0.5899705014749262 0.02831858407079646 0.03421828908554572
1 0.058997050147492625 0.5994100294985251 0.027138643067846607 0.03775811209439528
1 0.06696165191740414 0.4575221238938053 0.027728613569321534 0.02654867256637168
1 0.2342182890855457 0.4365781710914454 0.03893805309734513 0.03775811209439528
1 0.38082595870206487 0.4616519174041298 0.032448377581120944 0.038348082595870206
1 0.5513274336283186 0.4451327433628319 0.032448377581120944 0.02654867256637168
1 0.7129793510324484 0.4410029498525074 0.033628318584070796 0.02536873156342183
1 0.6651917404129793 0.3094395280235988 0.02536873156342183 0.04660766961651917
1 0.5454277286135694 0.29056047197640117 0.04070796460176991 0.028908554572271386
1 0.3752212389380531 0.34424778761061947 0.03775811209439528 0.03716814159292035
1 0.22389380530973452 0.335693215339233 0.028908554572271386 0.03657817109144543
1 0.06755162241887905 0.31209439528023597 0.03008849557522124 0.024778761061946902
1 0.06371681415929203 0.1448377581120944 0.027138643067846607 0.019469026548672566
1 0.1808259587020649 0.18908554572271385 0.03126843657817109 0.033628318584070796
1 0.3696165191740413 0.16342182890855456 0.03716814159292035 0.03775811209439528
1 0.5212389380530973 0.1421828908554572 0.02182890855457227 0.024778761061946902
1 0.6976401179941003 0.11740412979351032 0.03126843657817109 0.029498525073746312
