0 0.8548672566371681 0.10324483775811209 0.04129793510324484 0.03775811209439528
1 0.8613569321533923 0.2271386430678466 0.06371681415929203 0.06843657817109144
1 0.8648967551622418 0.3828908554572271 0.03657817109144543 0.054277286135693215
0 0.8480825958702065 0.5144542772861357 0.03952802359882006 0.07905604719764012
0 0.8498525073746312 0.6333333333333333 0.04070796460176991 0.06312684365781711
0 0.848377581120944 0.8153392330383481 0.054277286135693215 0.06253687315634218
0 0.7056047197640118 0.8392330383480826 0.08259587020648967 0.06902654867256637
0 0.5050147492625369 0.771976401179941 0.06489675516224189 0.06312684365781711
0 0.49144542772861355 0.6044247787610619 0.05663716814159292 0.061946902654867256
0 0.6793510324483776 0.6244837758112094 0.05604719764011799 0.0607669616519174
0 0.3696165191740413 0.7873156342182891 0.03480825958702065 0.08672566371681416
0 0.3607669616519174 0.6929203539823009 0.06784660766961652 0.05604719764011799
0 0.22389380530973452 0.8324483775811209 0.043067846607669616 0.11327433628318584
0 0.14277286135693215 0.803834808259587 0.08141592920353982 0.043067846607669616
0 0.12949852507374632 0.664306784660767 0.04896755162241888 0.15811209439528023
0 0.215929203539823 0.6864306784660766 0.06725663716814159 0.11386430678466077
0 0.2215339233038348 0.5501474926253688 0.05368731563421829 0.1056047197640118
0 0.13569321533923304 0.5309734513274336 0.06725663716814159 0.08141592920353982
0 0.3595870206489675 0.46814159292035395 0.05486725663716814 0.05604719764011799
0 0.5312684365781711 0.4725663716814159 0.0584070796460177 0.06607669616519174
0 0.6908554572271386 0.5182890855457227 0.030678466076696165 0.09026548672566372
0 0.6890855457227139 0.3728613569321534 0.04837758112094395 0.058997050147492625
0 0.5463126843657817 0.33126843657817107 0.07315634218289085 0.05486725663716814
0 0.3663716814159292 0.3702064896755162 0.05545722713864307 0.1079646017699115
0 0.2182890855457227 0.30206489675516224 0.04365781710914454 0.10973451327433628
0 0.12772861356932153 0.3168141592920354 0.03952802359882006 0.06843657817109144
0 0.1191740412979351 0.2351032448377581 0.06489675516224189 0.07138643067846608
0 0.24690265486725663 0.18584070796460178 0.061946902654867256 0.05309734513274336
0 0.3578171091445428 0.17581120943952802 0.1374631268436578 0.06135693215339233
0 0.5289085545722714 0.26253687315634217 0.07610619469026549 0.058997050147492625
0 0.7047197640117994 0.22772861356932153 0.03952802359882006 0.0471976401179941
0 0.6693215339233038 0.058997050147492625 0.08200589970501475 0.06017699115044248
0 0.5368731563421829 0.11858407079646018 0.035398230088495575 0.03657817109144543
0 0.4079646017699115 0.06489675516224189 0.04660766961651917 0.06725663716814159
0 0.2569321533923304 0.0528023598820059 0.07020648967551622 0.057227138643067846
0 0.1191740412979351 0.06165191740412979 0.05663716814159292 0.09616519174041298
