1 0.8510324483775811 0.09085545722713864 0.03952802359882006 0.029498525073746312
1 0.8734513274336283 0.30383480825958703 0.04188790560471976 0.027138643067846607
1 0.8663716814159292 0.46430678466076697 0.03126843657817109 0.035398230088495575
0 0.8572271386430679 0.559882005899705 0.029498525073746312 0.04129793510324484
1 0.8669616519174042 0.7085545722713864 0.024188790560471976 0.03657817109144543
1 0.8849557522123894 0.8758112094395281 0.027138643067846607 0.03480825958702065
1 0.6935103244837758 0.8584070796460177 0.027728613569321534 0.03893805309734513
1 0.5474926253687316 0.8625368731563422 0.03421828908554572 0.03657817109144543
1 0.41061946902654867 0.8112094395280236 0.035398230088495575 0.03303834808259587
1 0.2557522123893805 0.8294985250737463 0.02654867256637168 0.04365781710914454
1 0.0663716814159292 0.8303834808259587 0.032448377581120944 0.0359882005899705
1 0.07758112094395281 0.7064896755162242 0.03480825958702065 0.03126843657817109
1 0.25899705014749264 0.6979351032448378 0.03775811209439528 0.029498525073746312
1 0.3873156342182891 0.7176991150442478 0.033628318584070796 0.028908554572271386
1 0.5386430678466076 0.7132743362831858 0.035398230088495575 0.035398230088495575
1 0.7070796460176991 0.7150442477876107 0.032448377581120944 0.03421828908554572
1 0.7058997050147493 0.6029498525073747 0.033628318584070796 0.04247787610619469
1 0.5504424778761062 0.5796460176991151 0.02831858407079646 0.024188790560471976
1 0.38908554572271387 0.5775811209439528 0.033628318584070796 0.022418879056047197
1 0.24837758112094394 0.5964601769911504 0.030678466076696165 0.021238938053097345
1 0.06312684365781711 0.5958702064896755 0.03303834808259587 0.03893805309734513
1 0.061061946902654866 0.4569321533923304 0.027728613569321534 0.02654867256637168
1 0.22654867256637168 0.43480825958702063 0.025958702064896755 0.04601769911504425
1 0.3654867256637168 0.45870206489675514 0.03008849557522124 0.038348082595870206
1 0.5513274336283186 0.4451327433628319 0.032448377581120944 0.02654867256637168
1 0.7106194690265487 0.43864306784660767 0.033628318584070796 0.02536873156342183
1 0.6637168141592921 0.3058997050147493 0.025958702064896755 0.04660766961651917
1 0.5442477876106194 0.28525073746312685 0.04070796460176991 0.028908554572271386
1 0.37079646017699114 0.3351032448377581 0.032448377581120944 0.035398230088495575
1 0.21976401179941002 0.3351032448377581 0.03126843657817109 0.03657817109144543
1 0.06843657817109144 0.3182890855457227 0.02831858407079646 0.0359882005899705
1 0.06371681415929203 0.1448377581120944 0.027138643067846607 0.019469026548672566
1 0.17669616519174042 0.18672566371681415 0.03126843657817109 0.033628318584070796
1 0.3572271386430678 0.16932153392330385 0.03716814159292035 0.03775811209439528
1 0.5221238938053098 0.1407079646017699 0.03185840707964602 0.024188790560471976
1 0.6997050147492625 0.12035398230088495 0.035398230088495575 0.035398230088495575
