1 0.14926253687315633 0.1870206489675516 0.03303834808259587 0.025958702064896755
1 0.31150442477876106 0.19705014749262537 0.03893805309734513 0.022418879056047197
1 0.48436578171091443 0.18289085545722714 0.03657817109144543 0.024778761061946902
1 0.6268436578171092 0.18141592920353983 0.032448377581120944 0.02536873156342183
1 0.7619469026548672 0.1870206489675516 0.032448377581120944 0.020058997050147492
1 0.8769911504424779 0.1893805309734513 0.03008849557522124 0.02359882005899705
1 0.8828908554572271 0.3345132743362832 0.02536873156342183 0.020058997050147492
1 0.8784660766961652 0.47522123893805307 0.029498525073746312 0.033628318584070796
1 0.8740412979351032 0.6321533923303835 0.03480825958702065 0.033628318584070796
1 0.8749262536873156 0.7705014749262536 0.02831858407079646 0.02359882005899705
1 0.8887905604719764 0.8941002949852507 0.03126843657817109 0.02654867256637168
1 0.7448377581120944 0.8949852507374632 0.032448377581120944 0.024778761061946902
1 0.6 0.891740412979351 0.029498525073746312 0.024188790560471976
1 0.45958702064896756 0.8896755162241887 0.035398230088495575 0.022418879056047197
1 0.28643067846607667 0.883480825958702 0.03952802359882006 0.02536873156342183
1 0.1415929203539823 0.8725663716814159 0.03893805309734513 0.024778761061946902
1 0.13864306784660768 0.7687315634218289 0.03893805309734513 0.030678466076696165
1 0.2967551622418879 0.772566371681416 0.03775811209439528 0.02536873156342183
1 0.45634218289085543 0.7696165191740413 0.03126843657817109 0.02654867256637168
1 0.6064896755162241 0.7722713864306785 0.03657817109144543 0.029498525073746312
1 0.7569321533923303 0.7693215339233038 0.02831858407079646 0.021238938053097345
1 0.7616519174041297 0.6398230088495576 0.035398230088495575 0.024188790560471976
1 0.6292035398230088 0.6292035398230088 0.033628318584070796 0.018289085545722714
1 0.45250737463126844 0.6289085545722713 0.035398230088495575 0.01887905604719764
1 0.3070796460176991 0.6339233038348082 0.033628318584070796 0.027728613569321534
1 0.13097345132743363 0.6224188790560472 0.03775811209439528 0.022418879056047197
1 0.1433628318584071 0.5053097345132743 0.03775811209439528 0.02654867256637168
1 0.30117994100294987 0.5017699115044247 0.03480825958702065 0.023008849557522124
1 0.45191740412979353 0.5023598820058996 0.03421828908554572 0.028908554572271386
1 0.6289085545722713 0.49380530973451325 0.03421828908554572 0.02359882005899705
1 0.7622418879056048 0.47286135693215336 0.02831858407079646 0.02654867256637168
1 0.7672566371681416 0.3297935103244838 0.02654867256637168 0.02359882005899705
1 0.6309734513274337 0.33539823008849556 0.04070796460176991 0.03480825958702065
1 0.4713864306784661 0.3368731563421829 0.02831858407079646 0.02359882005899705
1 0.3079646017699115 0.340117994100295 0.035398230088495575 0.027728613569321534
1 0.14454277286135692 0.3380530973451327 0.03893805309734513 0.02359882005899705
