1 0.8769911504424779 0.11032448377581121 0.03008849557522124 0.029498525073746312
1 0.8802359882005899 0.2775811209439528 0.03657817109144543 0.02654867256637168
1 0.8769911504424779 0.43952802359882004 0.03008849557522124 0.022418879056047197
1 0.8749262536873156 0.5817109144542773 0.030678466076696165 0.025958702064896755
1 0.8678466076696165 0.7044247787610619 0.02831858407079646 0.035398230088495575
1 0.8678466076696165 0.868141592920354 0.02831858407079646 0.033628318584070796
1 0.7233038348082595 0.8371681415929203 0.03303834808259587 0.02831858407079646
1 0.5554572271386431 0.8463126843657817 0.03480825958702065 0.018289085545722714
1 0.4070796460176991 0.8315634218289085 0.02831858407079646 0.023008849557522124
1 0.231858407079646 0.8336283185840708 0.03303834808259587 0.020058997050147492
1 0.06578171091445428 0.8333333333333334 0.03952802359882006 0.023008849557522124
1 0.06430678466076696 0.7215339233038348 0.03893805309734513 0.025958702064896755
1 0.24542772861356932 0.7174041297935103 0.03421828908554572 0.027138643067846607
1 0.39292035398230085 0.7085545722713864 0.03421828908554572 0.022418879056047197
1 0.5513274336283186 0.7011799410029499 0.032448377581120944 0.02182890855457227
1 0.7085545722713864 0.7 0.035398230088495575 0.02536873156342183
1 0.7135693215339233 0.5766961651917404 0.033628318584070796 0.02654867256637168
1 0.551622418879056 0.5769911504424778 0.03657817109144543 0.02359882005899705
1 0.3952802359882006 0.5775811209439528 0.03185840707964602 0.025958702064896755
1 0.2504424778761062 0.5890855457227139 0.032448377581120944 0.02536873156342183
1 0.06371681415929203 0.5991150442477876 0.027138643067846607 0.018289085545722714
1 0.06371681415929203 0.451622418879056 0.027138643067846607 0.024188790560471976
1 0.24100294985250736 0.44896755162241886 0.033628318584070796 0.029498525073746312
1 0.3926253687315634 0.4457227138643068 0.032448377581120944 0.02536873156342183
1 0.5498525073746312 0.44129793510324483 0.029498525073746312 0.024778761061946902
1 0.712094395280236 0.4398230088495575 0.03657817109144543 0.02182890855457227
1 0.6985250737463127 0.28348082595870205 0.03303834808259587 0.024188790560471976
1 0.5463126843657817 0.3 0.03893805309734513 0.02654867256637168
1 0.3858407079646018 0.3008849557522124 0.03657817109144543 0.025958702064896755
1 0.24572271386430677 0.29793510324483774 0.033628318584070796 0.024778761061946902
1 0.071976401179941 0.29970501474926253 0.03775811209439528 0.022418879056047197
1 0.06135693215339233 0.1430678466076696 0.030678466076696165 0.018289085545722714
1 0.2377581120943953 0.14896755162241887 0.035398230088495575 0.024188790560471976
1 0.37492625368731564 0.1392330383480826 0.03126843657817109 0.024778761061946902
1 0.5489675516224188 0.12123893805309735 0.033628318584070796 0.02536873156342183
1 0.7044247787610619 0.11769911504424779 0.03775811209439528 0.024188790560471976
