0 0.8846607669616519 0.18495575221238938 0.061946902654867256 0.07374631268436578
1 0.8283185840707965 0.3123893805309734 0.04247787610619469 0.047787610619469026
0 0.8525073746312685 0.4126843657817109 0.044837758112094395 0.05014749262536873
0 0.8908554572271387 0.5359882005899705 0.05191740412979351 0.04660766961651917
0 0.8808259587020649 0.7212389380530974 0.054277286135693215 0.07374631268436578
0 0.8970501474926253 0.8802359882005899 0.04188790560471976 0.04129793510324484
0 0.796165191740413 0.8395280235988201 0.07256637168141593 0.10855457227138643
0 0.6466076696165192 0.8908554572271387 0.04365781710914454 0.04247787610619469
0 0.5117994100294985 0.8625368731563422 0.11858407079646018 0.08731563421828908
0 0.3648967551622419 0.8584070796460177 0.10678466076696165 0.07905604719764012
0 0.2312684365781711 0.8280235988200589 0.058997050147492625 0.0808259587020649
0 0.22890855457227138 0.7563421828908554 0.10973451327433628 0.058997050147492625
0 0.3383480825958702 0.7389380530973452 0.10442477876106195 0.07846607669616519
1 0.5011799410029498 0.7194690265486725 0.047787610619469026 0.04424778761061947
0 0.6613569321533923 0.7330383480825958 0.08377581120943953 0.04660766961651917
1 0.7666666666666666 0.7289085545722713 0.05132743362831858 0.033628318584070796
0 0.7268436578171091 0.584070796460177 0.0967551622418879 0.0743362831858407
0 0.6206489675516225 0.5469026548672566 0.0696165191740413 0.1486725663716814
1 0.4941002949852507 0.6050147492625368 0.05604719764011799 0.04660766961651917
0 0.3292035398230089 0.5383480825958702 0.1191740412979351 0.05604719764011799
0 0.21799410029498525 0.5740412979351033 0.043067846607669616 0.04365781710914454
0 0.463716814159292 0.47935103244837757 0.05191740412979351 0.05014749262536873
0 0.3368731563421829 0.4433628318584071 0.11209439528023599 0.12212389380530973
0 0.2144542772861357 0.44896755162241886 0.047787610619469026 0.06253687315634218
0 0.22389380530973452 0.3309734513274336 0.1303834808259587 0.10501474926253687
0 0.3123893805309734 0.3247787610619469 0.05486725663716814 0.05604719764011799
0 0.45781710914454277 0.33421828908554574 0.07905604719764012 0.08436578171091445
0 0.5761061946902655 0.3926253687315634 0.12330383480825959 0.07728613569321534
0 0.671976401179941 0.3831858407079646 0.071976401179941 0.15870206489675515
0 0.7253687315634219 0.2713864306784661 0.03480825958702065 0.04247787610619469
1 0.727433628318584 0.22920353982300884 0.03421828908554572 0.03952802359882006
0 0.567551622418879 0.24188790560471976 0.13215339233038348 0.12035398230088495
0 0.6106194690265486 0.1463126843657817 0.12625368731563422 0.1215339233038348
0 0.4533923303834808 0.15693215339233038 0.0808259587020649 0.13569321533923304
0 0.3430678466076696 0.2112094395280236 0.05132743362831858 0.08731563421828908
0 0.23215339233038348 0.21858407079646017 0.18112094395280237 0.07138643067846608
