1 0.13097345132743363 0.13126843657817108 0.02359882005899705 0.04070796460176991
1 0.2775811209439528 0.16519174041297935 0.033628318584070796 0.027138643067846607
1 0.4463126843657817 0.15309734513274337 0.03716814159292035 0.02536873156342183
1 0.592330383480826 0.1687315634218289 0.02831858407079646 0.024778761061946902
1 0.7678466076696165 0.1672566371681416 0.033628318584070796 0.019469026548672566
1 0.9330383480825959 0.1672566371681416 0.028908554572271386 0.019469026548672566
1 0.9333333333333333 0.27551622418879057 0.035398230088495575 0.022418879056047197
1 0.9351032448377581 0.4044247787610619 0.030678466076696165 0.02536873156342183
1 0.9351032448377581 0.5486725663716814 0.030678466076696165 0.02359882005899705
1 0.927433628318584 0.6985250737463127 0.029498525073746312 0.022418879056047197
1 0.9353982300884955 0.8563421828908554 0.033628318584070796 0.018289085545722714
1 0.7604719764011799 0.8507374631268436 0.029498525073746312 0.027138643067846607
1 0.6203539823008849 0.8551622418879056 0.033628318584070796 0.02654867256637168
1 0.4492625368731563 0.8755162241887906 0.027728613569321534 0.030678466076696165
1 0.2976401179941003 0.8831858407079646 0.03126843657817109 0.03185840707964602
1 0.1215339233038348 0.8905604719764012 0.029498525073746312 0.02536873156342183
1 0.12182890855457226 0.7250737463126844 0.0359882005899705 0.02831858407079646
1 0.3014749262536873 0.7168141592920354 0.030678466076696165 0.02831858407079646
1 0.45309734513274336 0.6997050147492625 0.03657817109144543 0.02831858407079646
1 0.6156342182890855 0.6973451327433628 0.03008849557522124 0.029498525073746312
1 0.7548672566371681 0.7020648967551623 0.024188790560471976 0.029498525073746312
1 0.7566371681415929 0.552212389380531 0.03126843657817109 0.025958702064896755
1 0.6070796460176991 0.5554572271386431 0.03185840707964602 0.02654867256637168
1 0.44778761061946903 0.5563421828908555 0.030678466076696165 0.02831858407079646
1 0.28466076696165193 0.5607669616519174 0.03126843657817109 0.01710914454277286
1 0.12595870206489676 0.5613569321533923 0.033628318584070796 0.028908554572271386
1 0.12389380530973451 0.41710914454277287 0.029498525073746312 0.029498525073746312
1 0.28702064896755164 0.42035398230088494 0.032448377581120944 0.023008849557522124
1 0.4492625368731563 0.42359882005899707 0.027728613569321534 0.027138643067846607
1 0.6070796460176991 0.4224188790560472 0.029498525073746312 0.021238938053097345
1 0.7498525073746313 0.41327433628318583 0.030678466076696165 0.02182890855457227
1 0.7566371681415929 0.2820058997050148 0.03126843657817109 0.03185840707964602
1 0.6064896755162241 0.29321533923303833 0.030678466076696165 0.02359882005899705
1 0.4492625368731563 0.2973451327433628 0.0359882005899705 0.027138643067846607
1 0.2926253687315634 0.2982300884955752 0.03775811209439528 0.027728613569321534
1 0.1336283185840708 0.2958702064896755 0.02654867256637168 0.038348082595870206
