0 0.8587020648967552 0.19852507374631267 0.09144542772861357 0.04660766961651917
0 0.8955752212389381 0.3415929203539823 0.05663716814159292 0.15693215339233038
0 0.8640117994100295 0.4678466076696165 0.07138643067846608 0.08731563421828908
0 0.8725663716814159 0.6775811209439528 0.05191740412979351 0.061946902654867256
0 0.8831858407079646 0.7672566371681416 0.06135693215339233 0.07610619469026549
0 0.8805309734513275 0.9410029498525073 0.05604719764011799 0.10501474926253687
0 0.7495575221238938 0.963716814159292 0.07610619469026549 0.07020648967551622
0 0.5964601769911504 0.9362831858407079 0.04247787610619469 0.05781710914454277
1 0.4678466076696165 0.8828908554572271 0.03775811209439528 0.04424778761061947
1 0.14926253687315633 0.8994100294985251 0.049557522123893805 0.03480825958702065
0 0.31504424778761064 0.9371681415929204 0.10265486725663717 0.0584070796460177
0 0.30117994100294987 0.7769911504424779 0.06548672566371681 0.058997050147492625
0 0.47227138643067845 0.7424778761061946 0.07138643067846608 0.06312684365781711
0 0.6551622418879056 0.8294985250737463 0.11150442477876106 0.07669616519174041
0 0.7536873156342183 0.8144542772861357 0.05958702064896755 0.04896755162241888
0 0.6345132743362831 0.6309734513274337 0.061946902654867256 0.11268436578171091
0 0.45545722713864306 0.6589970501474927 0.06843657817109144 0.058997050147492625
0 0.31150442477876106 0.6324483775811209 0.05073746312684366 0.0471976401179941
1 0.14985250737463127 0.7734513274336283 0.044837758112094395 0.06371681415929203
1 0.13451327433628318 0.6200589970501474 0.03657817109144543 0.05545722713864307
0 0.14926253687315633 0.48849557522123893 0.05191740412979351 0.08613569321533923
0 0.3005899705014749 0.4864306784660767 0.047787610619469026 0.08672566371681416
0 0.47286135693215336 0.5321533923303835 0.061946902654867256 0.08495575221238938
0 0.6386430678466076 0.5368731563421829 0.05014749262536873 0.05073746312684366
0 0.7831858407079646 0.44896755162241886 0.07728613569321534 0.09911504424778761
0 0.7710914454277286 0.3176991150442478 0.05073746312684366 0.10678466076696165
0 0.7707964601769911 0.17964601769911503 0.0359882005899705 0.10678466076696165
0 0.631858407079646 0.21533923303834807 0.04129793510324484 0.08141592920353982
0 0.6309734513274337 0.32890855457227136 0.043067846607669616 0.08436578171091445
0 0.48849557522123893 0.3938053097345133 0.0471976401179941 0.07020648967551622
0 0.31799410029498526 0.3752212389380531 0.05663716814159292 0.06725663716814159
0 0.15368731563421828 0.3687315634218289 0.04070796460176991 0.05545722713864307
0 0.15250737463126843 0.18259587020648968 0.061946902654867256 0.06430678466076696
0 0.2952802359882006 0.16578171091445426 0.0831858407079646 0.07315634218289085
0 0.4976401179941003 0.228023598820059 0.06666666666666667 0.061946902654867256
0 0.7935103244837758 0.7041297935103245 0.0696165191740413 0.12920353982300886
