0 0.8548672566371681 0.10324483775811209 0.04129793510324484 0.03775811209439528
1 0.8560471976401179 0.25781710914454276 0.054277286135693215 0.049557522123893805
1 0.8678466076696165 0.39410029498525073 0.03303834808259587 0.05309734513274336
0 0.8510324483775811 0.5303834808259587 0.03952802359882006 0.07669616519174041
0 0.8498525073746312 0.6522123893805309 0.04070796460176991 0.027728613569321534
0 0.8536873156342183 0.8371681415929203 0.054277286135693215 0.06253687315634218
0 0.6870206489675517 0.8339233038348083 0.04660766961651917 0.0855457227138643
0 0.5058997050147492 0.7861356932153393 0.06666666666666667 0.0607669616519174
0 0.5144542772861357 0.6253687315634218 0.04129793510324484 0.06489675516224189
0 0.6852507374631268 0.6336283185840708 0.04542772861356932 0.058997050147492625
0 0.36991150442477877 0.7952802359882005 0.035398230088495575 0.07079646017699115
0 0.3705014749262537 0.6817109144542772 0.04837758112094395 0.07846607669616519
0 0.22330383480825958 0.8374631268436578 0.04188790560471976 0.10324483775811209
0 0.140117994100295 0.8150442477876106 0.07846607669616519 0.03952802359882006
0 0.13303834808259588 0.7005899705014749 0.05132743362831858 0.1303834808259587
0 0.2182890855457227 0.6976401179941003 0.049557522123893805 0.10206489675516224
0 0.2215339233038348 0.5501474926253688 0.05368731563421829 0.1056047197640118
0 0.13569321533923304 0.5309734513274336 0.06725663716814159 0.08141592920353982
0 0.36283185840707965 0.479646017699115 0.04601769911504425 0.05191740412979351
0 0.528023598820059 0.4808259587020649 0.05663716814159292 0.06725663716814159
0 0.6943952802359882 0.5300884955752212 0.035398230088495575 0.08436578171091445
0 0.6893805309734513 0.3873156342182891 0.05132743362831858 0.06548672566371681
0 0.5433628318584071 0.33716814159292036 0.06725663716814159 0.05958702064896755
0 0.36578171091445427 0.34572271386430675 0.054277286135693215 0.058997050147492625
0 0.231858407079646 0.3292035398230089 0.04365781710914454 0.10973451327433628
0 0.12772861356932153 0.3297935103244838 0.03952802359882006 0.0943952802359882
0 0.12743362831858407 0.2504424778761062 0.06489675516224189 0.07138643067846608
0 0.24336283185840707 0.20058997050147492 0.04070796460176991 0.05309734513274336
0 0.39292035398230085 0.19410029498525072 0.09911504424778761 0.08377581120943953
0 0.5351032448377581 0.26489675516224187 0.04247787610619469 0.06371681415929203
0 0.7047197640117994 0.22772861356932153 0.03952802359882006 0.0471976401179941
0 0.6864306784660766 0.07374631268436578 0.08200589970501475 0.06017699115044248
0 0.5377581120943953 0.13539823008849558 0.03126843657817109 0.038348082595870206
0 0.4079646017699115 0.08053097345132743 0.04660766961651917 0.06784660766961652
0 0.26371681415929205 0.06991150442477875 0.044837758112094395 0.07728613569321534
0 0.11887905604719765 0.071976401179941 0.05604719764011799 0.08495575221238938
