0 0.7666666666666666 0.17581120943952802 0.07610619469026549 0.08495575221238938
0 0.7705014749262536 0.23539823008849559 0.11799410029498525 0.06843657817109144
0 0.7825958702064897 0.4259587020648967 0.04070796460176991 0.0471976401179941
0 0.7828908554572271 0.5536873156342182 0.05191740412979351 0.0584070796460177
0 0.7646017699115044 0.668141592920354 0.08259587020648967 0.12212389380530973
0 0.764306784660767 0.7902654867256637 0.1893805309734513 0.07138643067846608
0 0.6536873156342182 0.7814159292035399 0.049557522123893805 0.07846607669616519
0 0.6870206489675517 0.6752212389380531 0.05486725663716814 0.0607669616519174
0 0.6693215339233038 0.552212389380531 0.11740412979351032 0.11563421828908554
0 0.6672566371681415 0.463716814159292 0.13215339233038348 0.06135693215339233
0 0.6613569321533923 0.25604719764011796 0.10737463126843658 0.07551622418879056
0 0.6371681415929203 0.1398230088495575 0.10973451327433628 0.06843657817109144
0 0.4808259587020649 0.13775811209439529 0.1368731563421829 0.08436578171091445
1 0.4976401179941003 0.2814159292035398 0.04660766961651917 0.03657817109144543
1 0.508259587020649 0.39705014749262535 0.05958702064896755 0.04601769911504425
1 0.5351032448377581 0.5206489675516224 0.05073746312684366 0.04424778761061947
0 0.5474926253687316 0.6702064896755162 0.08967551622418879 0.08731563421828908
0 0.5498525073746312 0.8374631268436578 0.08023598820058997 0.12684365781710916
0 0.3846607669616519 0.8424778761061946 0.14041297935103245 0.12507374631268436
0 0.43480825958702063 0.751622418879056 0.11799410029498525 0.10973451327433628
0 0.3811209439528024 0.5926253687315635 0.0743362831858407 0.09380530973451327
0 0.3230088495575221 0.616519174041298 0.0808259587020649 0.15457227138643068
1 0.27315634218289087 0.7209439528023599 0.03657817109144543 0.03893805309734513
1 0.2752212389380531 0.7938053097345132 0.03952802359882006 0.033628318584070796
1 0.16932153392330385 0.6899705014749262 0.05073746312684366 0.03716814159292035
0 0.11150442477876106 0.8002949852507375 0.054277286135693215 0.07138643067846608
0 0.15811209439528023 0.5793510324483776 0.054277286135693215 0.06607669616519174
0 0.11061946902654868 0.4589970501474926 0.047787610619469026 0.03185840707964602
0 0.26017699115044246 0.40235988200589967 0.0943952802359882 0.08849557522123894
0 0.3817109144542773 0.4492625368731563 0.06135693215339233 0.13628318584070798
0 0.3383480825958702 0.2669616519174041 0.08436578171091445 0.03716814159292035
1 0.2303834808259587 0.26843657817109146 0.047787610619469026 0.03657817109144543
0 0.12536873156342182 0.2814159292035398 0.05486725663716814 0.08141592920353982
1 0.10117994100294986 0.11622418879056047 0.047787610619469026 0.03893805309734513
0 0.20265486725663717 0.16047197640117994 0.07492625368731563 0.10973451327433628
0 0.35103244837758113 0.10973451327433628 0.04247787610619469 0.044837758112094395
