0 0.8560471976401179 0.09911504424778761 0.03775811209439528 0.04247787610619469
1 0.8551622418879056 0.2592920353982301 0.05014749262536873 0.04896755162241888
1 0.8684365781710914 0.3893805309734513 0.04129793510324484 0.04247787610619469
0 0.8557522123893805 0.524188790560472 0.04896755162241888 0.07256637168141593
0 0.8533923303834808 0.6637168141592921 0.043067846607669616 0.035398230088495575
0 0.8480825958702065 0.8427728613569322 0.05486725663716814 0.05368731563421829
0 0.6896755162241888 0.8309734513274336 0.044837758112094395 0.07492625368731563
0 0.5032448377581121 0.7908554572271387 0.06371681415929203 0.06430678466076696
0 0.515929203539823 0.6303834808259587 0.04660766961651917 0.07138643067846608
0 0.6852507374631268 0.6339233038348082 0.04188790560471976 0.06430678466076696
0 0.37256637168141593 0.8056047197640118 0.0359882005899705 0.06430678466076696
0 0.3687315634218289 0.6793510324483776 0.03421828908554572 0.06548672566371681
0 0.23952802359882006 0.8371681415929203 0.04365781710914454 0.08731563421828908
0 0.1448377581120944 0.8147492625368732 0.0831858407079646 0.040117994100294985
0 0.12772861356932153 0.6929203539823009 0.05368731563421829 0.11032448377581121
0 0.22212389380530972 0.692330383480826 0.038348082595870206 0.09144542772861357
0 0.22861356932153393 0.5533923303834808 0.04542772861356932 0.08141592920353982
0 0.1407079646017699 0.5374631268436578 0.057227138643067846 0.06253687315634218
0 0.36194690265486723 0.48112094395280236 0.05014749262536873 0.05486725663716814
0 0.5345132743362832 0.4831858407079646 0.05073746312684366 0.06489675516224189
0 0.6949852507374631 0.524188790560472 0.03421828908554572 0.07020648967551622
0 0.6905604719764011 0.38672566371681416 0.05368731563421829 0.05604719764011799
0 0.543952802359882 0.3407079646017699 0.06607669616519174 0.0607669616519174
0 0.37079646017699114 0.3463126843657817 0.05014749262536873 0.06607669616519174
0 0.228023598820059 0.3374631268436578 0.043067846607669616 0.11563421828908554
0 0.13244837758112094 0.3339233038348083 0.043067846607669616 0.08967551622418879
0 0.12359882005899706 0.24867256637168142 0.06430678466076696 0.06430678466076696
0 0.24896755162241888 0.20707964601769913 0.06371681415929203 0.05781710914454277
0 0.39557522123893807 0.20176991150442478 0.08436578171091445 0.08023598820058997
0 0.5309734513274336 0.2646017699115044 0.03657817109144543 0.0607669616519174
0 0.7050147492625368 0.23864306784660766 0.03893805309734513 0.05486725663716814
0 0.6967551622418879 0.07404129793510325 0.05545722713864307 0.0607669616519174
0 0.536283185840708 0.13805309734513274 0.035398230088495575 0.03657817109144543
0 0.40176991150442476 0.07935103244837757 0.044837758112094395 0.07728613569321534
0 0.26194690265486725 0.06548672566371681 0.04837758112094395 0.07787610619469026
0 0.12182890855457226 0.08259587020648967 0.03952802359882006 0.07079646017699115
