0 0.8613569321533923 0.1967551622418879 0.08613569321533923 0.043067846607669616
0 0.871976401179941 0.3176991150442478 0.04837758112094395 0.16224188790560473
0 0.8654867256637168 0.46283185840707963 0.06843657817109144 0.07728613569321534
0 0.8684365781710914 0.6852507374631268 0.04365781710914454 0.07728613569321534
0 0.8802359882005899 0.7589970501474926 0.06135693215339233 0.07610619469026549
0 0.8805309734513275 0.9410029498525073 0.05604719764011799 0.10501474926253687
0 0.748377581120944 0.9530973451327434 0.07846607669616519 0.09144542772861357
0 0.5979351032448378 0.9238938053097345 0.04542772861356932 0.06017699115044248
1 0.4678466076696165 0.8828908554572271 0.03775811209439528 0.04424778761061947
1 0.1480825958702065 0.9132743362831859 0.049557522123893805 0.02831858407079646
0 0.31504424778761064 0.9371681415929204 0.10265486725663717 0.0584070796460177
0 0.2914454277286136 0.7728613569321534 0.04601769911504425 0.05073746312684366
0 0.4640117994100295 0.7430678466076696 0.05486725663716814 0.06430678466076696
0 0.6277286135693215 0.8182890855457227 0.13451327433628318 0.06843657817109144
0 0.7522123893805309 0.8200589970501475 0.05663716814159292 0.06017699115044248
0 0.6333333333333333 0.6457227138643068 0.05604719764011799 0.08790560471976401
0 0.4542772861356932 0.6716814159292035 0.06843657817109144 0.06430678466076696
0 0.31032448377581123 0.6271386430678466 0.05073746312684366 0.05781710914454277
1 0.14926253687315633 0.7690265486725664 0.04365781710914454 0.05486725663716814
1 0.13451327433628318 0.6200589970501474 0.03657817109144543 0.05545722713864307
0 0.14926253687315633 0.48849557522123893 0.05191740412979351 0.08613569321533923
0 0.30324483775811206 0.48436578171091443 0.04247787610619469 0.08259587020648967
0 0.47286135693215336 0.5321533923303835 0.061946902654867256 0.08495575221238938
0 0.6386430678466076 0.5368731563421829 0.05014749262536873 0.05073746312684366
0 0.7831858407079646 0.44896755162241886 0.07728613569321534 0.09911504424778761
0 0.7890855457227138 0.31386430678466076 0.0584070796460177 0.11091445427728613
0 0.7707964601769911 0.17964601769911503 0.0359882005899705 0.10678466076696165
0 0.631858407079646 0.21533923303834807 0.04129793510324484 0.08141592920353982
0 0.6309734513274337 0.32890855457227136 0.043067846607669616 0.08436578171091445
0 0.48849557522123893 0.3938053097345133 0.0471976401179941 0.07020648967551622
0 0.31799410029498526 0.3752212389380531 0.05663716814159292 0.06725663716814159
0 0.15368731563421828 0.3687315634218289 0.04070796460176991 0.05545722713864307
0 0.15103244837758112 0.17492625368731562 0.058997050147492625 0.07964601769911504
0 0.2952802359882006 0.16578171091445426 0.0831858407079646 0.07315634218289085
0 0.4976401179941003 0.228023598820059 0.06666666666666667 0.061946902654867256
0 0.7702064896755162 0.6873156342182891 0.052507374631268436 0.12625368731563422
