0 0.8861356932153392 0.17522123893805308 0.05663716814159292 0.09085545722713864
1 0.8339233038348083 0.3117994100294985 0.047787610619469026 0.04660766961651917
0 0.851622418879056 0.40353982300884955 0.04070796460176991 0.04247787610619469
0 0.8896755162241887 0.5389380530973451 0.049557522123893805 0.04070796460176991
0 0.879646017699115 0.723598820058997 0.054277286135693215 0.07374631268436578
0 0.8970501474926253 0.8802359882005899 0.04188790560471976 0.04129793510324484
0 0.796165191740413 0.8395280235988201 0.07256637168141593 0.10855457227138643
0 0.6466076696165192 0.8908554572271387 0.04365781710914454 0.04247787610619469
0 0.5191740412979351 0.8646017699115044 0.13333333333333333 0.09144542772861357
0 0.36696165191740415 0.8563421828908554 0.11209439528023599 0.06902654867256637
0 0.22477876106194689 0.8230088495575221 0.08259587020648967 0.09085545722713864
0 0.22035398230088496 0.7646017699115044 0.12684365781710916 0.07551622418879056
0 0.34188790560471977 0.7415929203539823 0.09734513274336283 0.07315634218289085
1 0.5011799410029498 0.7194690265486725 0.047787610619469026 0.04424778761061947
0 0.6613569321533923 0.7330383480825958 0.08377581120943953 0.04660766961651917
1 0.7666666666666666 0.7289085545722713 0.05132743362831858 0.033628318584070796
0 0.7336283185840707 0.584070796460177 0.11032448377581121 0.071976401179941
0 0.6206489675516225 0.5480825958702065 0.0696165191740413 0.1486725663716814
1 0.4941002949852507 0.6050147492625368 0.05604719764011799 0.04660766961651917
0 0.3292035398230089 0.5383480825958702 0.1191740412979351 0.05604719764011799
0 0.21799410029498525 0.5740412979351033 0.043067846607669616 0.04365781710914454
0 0.463716814159292 0.47935103244837757 0.05191740412979351 0.05014749262536873
0 0.33480825958702065 0.4383480825958702 0.1079646017699115 0.13215339233038348
0 0.2144542772861357 0.44896755162241886 0.047787610619469026 0.06253687315634218
0 0.23303834808259588 0.33303834808259586 0.11209439528023599 0.10914454277286136
0 0.3123893805309734 0.3247787610619469 0.05486725663716814 0.05604719764011799
0 0.4542772861356932 0.328023598820059 0.071976401179941 0.0743362831858407
0 0.5793510324483776 0.3985250737463127 0.12507374631268436 0.07492625368731563
0 0.6731563421828909 0.3852507374631268 0.0696165191740413 0.15693215339233038
0 0.7253687315634219 0.2713864306784661 0.03480825958702065 0.04247787610619469
1 0.7300884955752213 0.22772861356932153 0.03952802359882006 0.04247787610619469
0 0.5657817109144543 0.24188790560471976 0.13215339233038348 0.12035398230088495
0 0.6100294985250737 0.14896755162241887 0.12507374631268436 0.12920353982300886
0 0.45191740412979353 0.16371681415929204 0.08377581120943953 0.12212389380530973
0 0.3430678466076696 0.2112094395280236 0.05132743362831858 0.08731563421828908
0 0.22890855457227138 0.20914454277286135 0.1687315634218289 0.08790560471976401
