0 0.2622418879056047 0.33421828908554574 0.09262536873156342 0.08436578171091445
0 0.2622418879056047 0.3893805309734513 0.061946902654867256 0.07905604719764012
0 0.3398230088495575 0.1743362831858407 0.08967551622418879 0.15752212389380532
0 0.40471976401179943 0.20383480825958702 0.14749262536873156 0.11268436578171091
0 0.5398230088495575 0.19616519174041297 0.029498525073746312 0.07964601769911504
1 0.6705014749262537 0.19705014749262537 0.028908554572271386 0.030678466076696165
1 0.8943952802359882 0.4690265486725664 0.03421828908554572 0.029498525073746312
0 0.6109144542772861 0.3359882005899705 0.05368731563421829 0.13156342182890857
0 0.7094395280235988 0.4020648967551622 0.16578171091445426 0.12094395280235988
0 0.8268436578171091 0.40766961651917405 0.07846607669616519 0.11799410029498525
0 0.8831858407079646 0.3466076696165192 0.10383480825958702 0.1952802359882006
0 0.8693215339233038 0.18171091445427728 0.12330383480825959 0.1463126843657817
0 0.755457227138643 0.17640117994100296 0.10678466076696165 0.08259587020648967
0 0.7230088495575221 0.28230088495575223 0.09262536873156342 0.07610619469026549
0 0.4050147492625369 0.39646017699115044 0.15870206489675515 0.10383480825958702
0 0.4687315634218289 0.4079646017699115 0.1410029498525074 0.10678466076696165
0 0.5769911504424778 0.4713864306784661 0.13215339233038348 0.06017699115044248
0 0.5870206489675516 0.5165191740412979 0.11563421828908554 0.07492625368731563
0 0.5064896755162241 0.5277286135693215 0.1433628318584071 0.12448377581120944
0 0.5230088495575221 0.5651917404129794 0.052507374631268436 0.030678466076696165
0 0.6873156342182891 0.6330383480825958 0.13333333333333333 0.1616519174041298
0 0.8451327433628318 0.6846607669616519 0.03952802359882006 0.09970501474926254
0 0.7389380530973452 0.7398230088495575 0.12212389380530973 0.06607669616519174
0 0.8480825958702065 0.827433628318584 0.11858407079646018 0.09262536873156342
0 0.6731563421828909 0.8265486725663717 0.09085545722713864 0.11091445427728613
0 0.4640117994100295 0.8436578171091446 0.14690265486725662 0.06607669616519174
0 0.47522123893805307 0.7168141592920354 0.16224188790560473 0.05309734513274336
0 0.39321533923303836 0.6044247787610619 0.09262536873156342 0.19646017699115043
0 0.3530973451327434 0.7410029498525074 0.16696165191740414 0.071976401179941
0 0.2616519174041298 0.6492625368731564 0.07374631268436578 0.05368731563421829
0 0.3327433628318584 0.48289085545722715 0.030678466076696165 0.06902654867256637
0 0.23628318584070795 0.7545722713864307 0.0855457227138643 0.04837758112094395
0 0.23569321533923304 0.8828908554572271 0.15988200589970503 0.11622418879056047
0 0.33893805309734515 0.8660766961651918 0.06312684365781711 0.184070796460177
