0 0.7666666666666666 0.17581120943952802 0.07610619469026549 0.08495575221238938
0 0.772566371681416 0.23952802359882006 0.11976401179941003 0.06017699115044248
0 0.7825958702064897 0.4259587020648967 0.04070796460176991 0.0471976401179941
0 0.7828908554572271 0.5536873156342182 0.05191740412979351 0.0584070796460177
0 0.7746312684365781 0.6722713864306784 0.11091445427728613 0.1079646017699115
0 0.764306784660767 0.7846607669616519 0.18112094395280237 0.071976401179941
0 0.6522123893805309 0.783480825958702 0.04660766961651917 0.08259587020648967
0 0.6870206489675517 0.6752212389380531 0.05486725663716814 0.0607669616519174
0 0.6693215339233038 0.552212389380531 0.11740412979351032 0.11563421828908554
0 0.6755162241887905 0.46283185840707963 0.11563421828908554 0.06312684365781711
0 0.6554572271386431 0.25545722713864305 0.09557522123893805 0.0743362831858407
0 0.6371681415929203 0.1398230088495575 0.10973451327433628 0.06843657817109144
0 0.48584070796460177 0.13569321533923304 0.12684365781710916 0.08023598820058997
1 0.4976401179941003 0.2814159292035398 0.04660766961651917 0.03657817109144543
1 0.508259587020649 0.39705014749262535 0.05958702064896755 0.04601769911504425
1 0.5351032448377581 0.5206489675516224 0.05073746312684366 0.04424778761061947
0 0.5427728613569321 0.6693215339233038 0.08023598820058997 0.0855457227138643
0 0.5498525073746312 0.8374631268436578 0.08023598820058997 0.12684365781710916
0 0.3902654867256637 0.8474926253687316 0.12920353982300886 0.1351032448377581
0 0.43480825958702063 0.751622418879056 0.11799410029498525 0.10973451327433628
0 0.3958702064896755 0.5994100294985251 0.058997050147492625 0.07787610619469026
0 0.3256637168141593 0.6286135693215339 0.07551622418879056 0.1303834808259587
1 0.27315634218289087 0.7209439528023599 0.03657817109144543 0.03893805309734513
1 0.27079646017699116 0.7734513274336283 0.03303834808259587 0.04129793510324484
1 0.1687315634218289 0.6941002949852507 0.049557522123893805 0.04542772861356932
0 0.1200589970501475 0.8008849557522124 0.07138643067846608 0.07020648967551622
0 0.15162241887905603 0.5864306784660767 0.04129793510324484 0.05191740412979351
0 0.11061946902654868 0.4589970501474926 0.047787610619469026 0.03185840707964602
0 0.2702064896755162 0.41297935103244837 0.0943952802359882 0.08141592920353982
0 0.3817109144542773 0.4492625368731563 0.06135693215339233 0.13628318584070798
0 0.3383480825958702 0.2669616519174041 0.08436578171091445 0.03716814159292035
1 0.2303834808259587 0.26843657817109146 0.047787610619469026 0.03657817109144543
0 0.12536873156342182 0.2814159292035398 0.05486725663716814 0.08141592920353982
1 0.10117994100294986 0.11622418879056047 0.047787610619469026 0.03893805309734513
0 0.20265486725663717 0.16047197640117994 0.07492625368731563 0.10973451327433628
0 0.35103244837758113 0.10973451327433628 0.04247787610619469 0.044837758112094395
