0 0.8548672566371681 0.10324483775811209 0.04129793510324484 0.03775811209439528
1 0.8563421828908554 0.23303834808259588 0.05368731563421829 0.05191740412979351
1 0.8648967551622418 0.3828908554572271 0.03657817109144543 0.054277286135693215
0 0.8480825958702065 0.5144542772861357 0.03952802359882006 0.07905604719764012
0 0.8498525073746312 0.6333333333333333 0.04070796460176991 0.06312684365781711
0 0.848377581120944 0.8153392330383481 0.054277286135693215 0.06253687315634218
0 0.7056047197640118 0.8392330383480826 0.08259587020648967 0.06902654867256637
0 0.5050147492625369 0.771976401179941 0.06489675516224189 0.06312684365781711
0 0.5091445427728614 0.6044247787610619 0.04365781710914454 0.061946902654867256
0 0.6843657817109144 0.623598820058997 0.04601769911504425 0.058997050147492625
0 0.3696165191740413 0.7873156342182891 0.03480825958702065 0.08672566371681416
0 0.3710914454277286 0.6778761061946903 0.054277286135693215 0.08259587020648967
0 0.22389380530973452 0.8324483775811209 0.043067846607669616 0.11327433628318584
0 0.14277286135693215 0.803834808259587 0.08141592920353982 0.043067846607669616
0 0.12949852507374632 0.664306784660767 0.04896755162241888 0.15811209439528023
0 0.215929203539823 0.6864306784660766 0.06725663716814159 0.11386430678466077
0 0.2215339233038348 0.5501474926253688 0.05368731563421829 0.1056047197640118
0 0.13569321533923304 0.5309734513274336 0.06725663716814159 0.08141592920353982
0 0.3595870206489675 0.46814159292035395 0.05486725663716814 0.05604719764011799
0 0.5312684365781711 0.4725663716814159 0.0584070796460177 0.06607669616519174
0 0.6917404129793511 0.5176991150442478 0.032448377581120944 0.08908554572271386
0 0.6890855457227139 0.3728613569321534 0.04837758112094395 0.058997050147492625
0 0.5463126843657817 0.32595870206489674 0.07315634218289085 0.05486725663716814
0 0.36519174041297936 0.3507374631268437 0.05309734513274336 0.09380530973451327
0 0.23156342182890854 0.3079646017699115 0.05368731563421829 0.12625368731563422
0 0.1271386430678466 0.3123893805309734 0.04070796460176991 0.07728613569321534
0 0.12212389380530973 0.2383480825958702 0.058997050147492625 0.07787610619469026
0 0.2368731563421829 0.18289085545722714 0.04188790560471976 0.058997050147492625
0 0.3817109144542773 0.17787610619469027 0.12979351032448377 0.06548672566371681
0 0.5321533923303835 0.2557522123893805 0.04247787610619469 0.05604719764011799
0 0.7047197640117994 0.22772861356932153 0.03952802359882006 0.0471976401179941
0 0.6693215339233038 0.058997050147492625 0.08200589970501475 0.06017699115044248
0 0.5368731563421829 0.11858407079646018 0.035398230088495575 0.03657817109144543
0 0.4067846607669616 0.06991150442477875 0.04660766961651917 0.06784660766961652
0 0.26253687315634217 0.05781710914454277 0.05545722713864307 0.0696165191740413
0 0.1182890855457227 0.058112094395280235 0.05486725663716814 0.08908554572271386
