0 0.8887905604719764 0.20088495575221238 0.05368731563421829 0.06784660766961652
1 0.8330383480825958 0.31209439528023597 0.05191740412979351 0.0471976401179941
0 0.8525073746312685 0.4126843657817109 0.044837758112094395 0.05014749262536873
0 0.8908554572271387 0.5359882005899705 0.05191740412979351 0.04660766961651917
0 0.8808259587020649 0.7212389380530974 0.054277286135693215 0.07374631268436578
0 0.9011799410029498 0.8896755162241887 0.04188790560471976 0.04129793510324484
0 0.7952802359882005 0.8424778761061946 0.06843657817109144 0.11327433628318584
0 0.647787610619469 0.8843657817109144 0.04601769911504425 0.04601769911504425
0 0.5176991150442478 0.8660766961651918 0.1303834808259587 0.0943952802359882
0 0.3566371681415929 0.8646017699115044 0.10914454277286136 0.06902654867256637
0 0.2312684365781711 0.8280235988200589 0.058997050147492625 0.0808259587020649
0 0.22595870206489677 0.7660766961651917 0.11563421828908554 0.061946902654867256
0 0.3383480825958702 0.7389380530973452 0.10442477876106195 0.07846607669616519
1 0.5011799410029498 0.7194690265486725 0.047787610619469026 0.04424778761061947
0 0.6696165191740413 0.7194690265486725 0.08377581120943953 0.04188790560471976
1 0.7811209439528024 0.7374631268436578 0.03775811209439528 0.03185840707964602
0 0.7415929203539823 0.5994100294985251 0.09793510324483776 0.08849557522123894
0 0.6206489675516225 0.5469026548672566 0.0696165191740413 0.1486725663716814
1 0.4941002949852507 0.6050147492625368 0.05604719764011799 0.04660766961651917
0 0.3333333333333333 0.5404129793510324 0.12743362831858407 0.06017699115044248
0 0.21799410029498525 0.5740412979351033 0.043067846607669616 0.04365781710914454
0 0.463716814159292 0.47935103244837757 0.05191740412979351 0.05014749262536873
0 0.3368731563421829 0.4474926253687316 0.11209439528023599 0.11386430678466077
0 0.2144542772861357 0.44896755162241886 0.047787610619469026 0.06253687315634218
0 0.23008849557522124 0.3297935103244838 0.09557522123893805 0.1168141592920354
0 0.3123893805309734 0.3247787610619469 0.05486725663716814 0.05604719764011799
0 0.45781710914454277 0.33421828908554574 0.07905604719764012 0.08436578171091445
0 0.5761061946902655 0.3926253687315634 0.12330383480825959 0.07728613569321534
0 0.671976401179941 0.3831858407079646 0.071976401179941 0.15870206489675515
0 0.7218289085545723 0.2843657817109144 0.0359882005899705 0.03775811209439528
1 0.7215339233038348 0.20117994100294984 0.03893805309734513 0.03657817109144543
0 0.5766961651917404 0.243952802359882 0.11386430678466077 0.12448377581120944
0 0.6106194690265486 0.1463126843657817 0.12625368731563422 0.1215339233038348
0 0.4533923303834808 0.15693215339233038 0.0808259587020649 0.13569321533923304
0 0.3430678466076696 0.2112094395280236 0.05132743362831858 0.08731563421828908
0 0.23628318584070795 0.2135693215339233 0.1893805309734513 0.06135693215339233
