1 0.14188790560471976 0.12418879056047197 0.04070796460176991 0.02536873156342183
1 0.287905604719764 0.11386430678466077 0.03657817109144543 0.024778761061946902
1 0.4575221238938053 0.10707964601769912 0.033628318584070796 0.02536873156342183
1 0.6014749262536873 0.10707964601769912 0.03480825958702065 0.023008849557522124
1 0.743952802359882 0.10206489675516224 0.02831858407079646 0.01887905604719764
1 0.8911504424778761 0.10294985250737462 0.038348082595870206 0.02536873156342183
1 0.8766961651917404 0.22772861356932153 0.029498525073746312 0.022418879056047197
1 0.7557522123893805 0.22772861356932153 0.029498525073746312 0.024778761061946902
1 0.7631268436578171 0.3613569321533923 0.03480825958702065 0.02536873156342183
1 0.8769911504424779 0.3663716814159292 0.03480825958702065 0.029498525073746312
1 0.8790560471976401 0.5271386430678466 0.03421828908554572 0.03126843657817109
1 0.8858407079646018 0.6610619469026549 0.033628318584070796 0.028908554572271386
1 0.8769911504424779 0.8082595870206489 0.028908554572271386 0.022418879056047197
1 0.7622418879056048 0.8117994100294985 0.03657817109144543 0.022418879056047197
1 0.6247787610619469 0.8141592920353982 0.03657817109144543 0.021238938053097345
1 0.4846607669616519 0.8156342182890856 0.033628318584070796 0.028908554572271386
1 0.3079646017699115 0.8008849557522124 0.03775811209439528 0.027728613569321534
1 0.14896755162241887 0.8115044247787611 0.032448377581120944 0.03008849557522124
1 0.1448377581120944 0.663126843657817 0.04070796460176991 0.02831858407079646
1 0.3047197640117994 0.6619469026548672 0.03952802359882006 0.022418879056047197
1 0.4684365781710914 0.6604719764011799 0.03775811209439528 0.023008849557522124
1 0.6336283185840708 0.6654867256637168 0.03775811209439528 0.029498525073746312
1 0.7675516224188791 0.6687315634218289 0.029498525073746312 0.023008849557522124
1 0.7589970501474926 0.5247787610619469 0.03480825958702065 0.02654867256637168
1 0.6294985250737463 0.5053097345132743 0.035398230088495575 0.028908554572271386
1 0.45191740412979353 0.4988200589970501 0.03657817109144543 0.023008849557522124
1 0.30117994100294987 0.4911504424778761 0.03480825958702065 0.02654867256637168
1 0.1424778761061947 0.4935103244837758 0.04070796460176991 0.02536873156342183
1 0.13451327433628318 0.37610619469026546 0.03893805309734513 0.024188790560471976
1 0.307669616519174 0.3640117994100295 0.033628318584070796 0.022418879056047197
1 0.45368731563421827 0.368141592920354 0.030678466076696165 0.020058997050147492
1 0.6292035398230088 0.36755162241887906 0.033628318584070796 0.017699115044247787
1 0.6073746312684366 0.22920353982300884 0.032448377581120944 0.02536873156342183
1 0.4569321533923304 0.23215339233038348 0.038348082595870206 0.02536873156342183
1 0.29410029498525075 0.22507374631268437 0.03480825958702065 0.02536873156342183
1 0.13952802359882005 0.23333333333333334 0.032448377581120944 0.019469026548672566
