1 0.1457227138643068 0.09498525073746313 0.03303834808259587 0.03775811209439528
0 0.30442477876106194 0.0743362831858407 0.03657817109144543 0.058997050147492625
0 0.4663716814159292 0.13156342182890857 0.033628318584070796 0.035398230088495575
0 0.6008849557522123 0.08407079646017698 0.04188790560471976 0.07138643067846608
0 0.7386430678466076 0.0705014749262537 0.05309734513274336 0.07256637168141593
0 0.7519174041297935 0.20648967551622419 0.052507374631268436 0.058997050147492625
0 0.9026548672566371 0.07463126843657816 0.05073746312684366 0.06430678466076696
0 0.8811209439528024 0.24601769911504423 0.05486725663716814 0.06489675516224189
0 0.7693215339233038 0.3398230088495575 0.044837758112094395 0.09557522123893805
0 0.8663716814159292 0.3368731563421829 0.047787610619469026 0.08259587020648967
0 0.8569321533923304 0.54070796460177 0.05486725663716814 0.061946902654867256
0 0.7722713864306785 0.5495575221238937 0.04837758112094395 0.08200589970501475
0 0.8811209439528024 0.6884955752212389 0.04660766961651917 0.0920353982300885
0 0.7737463126843658 0.6941002949852507 0.0359882005899705 0.08672566371681416
0 0.8643067846607669 0.8212389380530973 0.08495575221238938 0.03775811209439528
0 0.7666666666666666 0.8342182890855457 0.0359882005899705 0.0967551622418879
0 0.6268436578171092 0.7982300884955752 0.04070796460176991 0.058997050147492625
0 0.6297935103244837 0.675811209439528 0.043067846607669616 0.06784660766961652
0 0.6386430678466076 0.4814159292035398 0.047787610619469026 0.04601769911504425
0 0.6321533923303835 0.3430678466076696 0.047787610619469026 0.061946902654867256
0 0.6064896755162241 0.19823008849557522 0.08377581120943953 0.0696165191740413
0 0.46755162241887904 0.26312684365781713 0.0359882005899705 0.058997050147492625
0 0.4569321533923304 0.3421828908554572 0.06548672566371681 0.06017699115044248
0 0.4616519174041298 0.4814159292035398 0.061946902654867256 0.06607669616519174
0 0.4846607669616519 0.6238938053097345 0.04070796460176991 0.06666666666666667
0 0.4964601769911504 0.7905604719764012 0.0607669616519174 0.05781710914454277
0 0.3070796460176991 0.8233038348082595 0.047787610619469026 0.07610619469026549
0 0.3123893805309734 0.6342182890855457 0.04660766961651917 0.06017699115044248
1 0.1454277286135693 0.6589970501474927 0.04070796460176991 0.03421828908554572
0 0.143952802359882 0.8309734513274336 0.05781710914454277 0.057227138643067846
0 0.1471976401179941 0.523598820058997 0.04542772861356932 0.07138643067846608
0 0.30678466076696165 0.5227138643067847 0.035398230088495575 0.058997050147492625
1 0.3123893805309734 0.38997050147492623 0.04896755162241888 0.04601769911504425
1 0.13333333333333333 0.3823008849557522 0.03893805309734513 0.040117994100294985
0 0.14454277286135692 0.24837758112094394 0.05073746312684366 0.05191740412979351
1 0.2920353982300885 0.23628318584070795 0.044837758112094395 0.05604719764011799
