0 0.2622418879056047 0.33421828908554574 0.09262536873156342 0.08436578171091445
0 0.2622418879056047 0.3893805309734513 0.061946902654867256 0.07905604719764012
0 0.3398230088495575 0.1743362831858407 0.08967551622418879 0.15752212389380532
0 0.40471976401179943 0.20383480825958702 0.14749262536873156 0.11268436578171091
0 0.5398230088495575 0.19616519174041297 0.029498525073746312 0.07964601769911504
1 0.6705014749262537 0.19705014749262537 0.028908554572271386 0.030678466076696165
1 0.9233038348082596 0.5014749262536873 0.03421828908554572 0.029498525073746312
0 0.6109144542772861 0.3359882005899705 0.05368731563421829 0.13156342182890857
0 0.7047197640117994 0.4342182890855457 0.08200589970501475 0.1911504424778761
0 0.8268436578171091 0.40766961651917405 0.07846607669616519 0.11799410029498525
0 0.8831858407079646 0.3466076696165192 0.10383480825958702 0.1952802359882006
0 0.8693215339233038 0.18171091445427728 0.12330383480825959 0.1463126843657817
0 0.7412979351032448 0.20855457227138643 0.07846607669616519 0.13628318584070798
0 0.7365781710914454 0.30619469026548674 0.0831858407079646 0.09911504424778761
0 0.41238938053097346 0.36902654867256635 0.16283185840707964 0.06902654867256637
0 0.4687315634218289 0.4079646017699115 0.1410029498525074 0.10678466076696165
0 0.563716814159292 0.5289085545722714 0.05958702064896755 0.038348082595870206
0 0.5073746312684366 0.5203539823008849 0.1415929203539823 0.12389380530973451
0 0.5230088495575221 0.5651917404129794 0.052507374631268436 0.030678466076696165
0 0.6929203539823009 0.6274336283185841 0.09380530973451327 0.1952802359882006
0 0.8463126843657817 0.6492625368731564 0.07610619469026549 0.06784660766961652
0 0.7389380530973452 0.7398230088495575 0.12212389380530973 0.06607669616519174
0 0.8115044247787611 0.800589970501475 0.11504424778761062 0.07315634218289085
0 0.6731563421828909 0.8265486725663717 0.09085545722713864 0.11091445427728613
0 0.4640117994100295 0.8436578171091446 0.14690265486725662 0.06607669616519174
0 0.4775811209439528 0.7141592920353982 0.16814159292035397 0.04542772861356932
0 0.39321533923303836 0.6044247787610619 0.09262536873156342 0.19646017699115043
0 0.3445427728613569 0.7150442477876107 0.14513274336283186 0.13451327433628318
0 0.2616519174041298 0.6492625368731564 0.07374631268436578 0.05368731563421829
0 0.3339233038348083 0.4817109144542773 0.030678466076696165 0.06902654867256637
0 0.2799410029498525 0.764306784660767 0.12802359882005898 0.1410029498525074
0 0.29469026548672567 0.8958702064896755 0.11032448377581121 0.1421828908554572
0 0.5849557522123894 0.5454277286135694 0.10324483775811209 0.12094395280235988
0 0.3383480825958702 0.820353982300885 0.15398230088495574 0.06430678466076696
