0 0.8713864306784661 0.07964601769911504 0.14513274336283186 0.11445427728613569
0 0.7734513274336283 0.21769911504424777 0.17463126843657817 0.15457227138643068
0 0.768141592920354 0.4135693215339233 0.07551622418879056 0.05191740412979351
0 0.772566371681416 0.5519174041297935 0.08436578171091445 0.04660766961651917
0 0.7480825958702064 0.7005899705014749 0.05073746312684366 0.043067846607669616
0 0.7244837758112095 0.7436578171091446 0.07905604719764012 0.16578171091445426
0 0.6294985250737463 0.6893805309734513 0.10265486725663717 0.17876106194690267
0 0.5740412979351033 0.792330383480826 0.10383480825958702 0.13451327433628318
0 0.4592920353982301 0.8106194690265487 0.033628318584070796 0.08731563421828908
1 0.3286135693215339 0.8085545722713864 0.02831858407079646 0.032448377581120944
1 0.24778761061946902 0.6784660766961652 0.027138643067846607 0.02831858407079646
1 0.24837758112094394 0.55929203539823 0.030678466076696165 0.03303834808259587
1 0.5123893805309735 0.5162241887905604 0.047787610619469026 0.029498525073746312
1 0.6725663716814159 0.5601769911504425 0.03657817109144543 0.03480825958702065
1 0.15427728613569322 0.40117994100294985 0.023008849557522124 0.04129793510324484
0 0.4775811209439528 0.4191740412979351 0.052507374631268436 0.04188790560471976
0 0.6067846607669617 0.39764011799410026 0.09262536873156342 0.20176991150442478
0 0.6625368731563421 0.1383480825958702 0.06489675516224189 0.1823008849557522
0 0.6221238938053097 0.24867256637168142 0.06430678466076696 0.09262536873156342
0 0.5250737463126843 0.2831858407079646 0.16283185840707964 0.054277286135693215
0 0.5097345132743363 0.1224188790560472 0.08731563421828908 0.14690265486725662
0 0.3064896755162242 0.11268436578171091 0.1303834808259587 0.09557522123893805
0 0.3058997050147493 0.28112094395280235 0.0359882005899705 0.047787610619469026
0 0.13893805309734514 0.14454277286135692 0.10088495575221239 0.10973451327433628
0 0.1471976401179941 0.31622418879056047 0.09616519174041298 0.05073746312684366
0 0.3271386430678466 0.41238938053097346 0.19410029498525072 0.0943952802359882
0 0.4117994100294985 0.4654867256637168 0.06017699115044248 0.12625368731563422
0 0.41799410029498524 0.5412979351032449 0.09262536873156342 0.1374631268436578
0 0.5112094395280236 0.6386430678466076 0.1823008849557522 0.06312684365781711
0 0.20914454277286135 0.8238938053097346 0.07020648967551622 0.14454277286135692
0 0.10324483775811209 0.7805309734513274 0.0967551622418879 0.17817109144542773
0 0.10678466076696165 0.6513274336283186 0.10383480825958702 0.18053097345132743
0 0.12035398230088495 0.503834808259587 0.11209439528023599 0.08495575221238938
0 0.3855457227138643 0.6519174041297935 0.04660766961651917 0.11799410029498525
