0 0.8575221238938053 0.18672566371681415 0.08200589970501475 0.04070796460176991
0 0.871976401179941 0.3064896755162242 0.04837758112094395 0.1398230088495575
0 0.8607669616519174 0.46283185840707963 0.058997050147492625 0.07728613569321534
0 0.8705014749262536 0.6660766961651917 0.03126843657817109 0.08967551622418879
0 0.8778761061946903 0.7460176991150442 0.05781710914454277 0.07374631268436578
0 0.8825958702064897 0.9256637168141593 0.049557522123893805 0.08259587020648967
0 0.7377581120943952 0.9303834808259587 0.05486725663716814 0.07551622418879056
0 0.5952802359882006 0.9206489675516224 0.04247787610619469 0.0607669616519174
1 0.463716814159292 0.8672566371681416 0.03303834808259587 0.04129793510324484
1 0.14277286135693215 0.9038348082595871 0.03657817109144543 0.03303834808259587
0 0.30029498525073745 0.9227138643067847 0.05073746312684366 0.058997050147492625
0 0.2926253687315634 0.759882005899705 0.04601769911504425 0.05073746312684366
0 0.4672566371681416 0.7365781710914454 0.03893805309734513 0.061946902654867256
0 0.6100294985250737 0.8029498525073746 0.0967551622418879 0.08023598820058997
0 0.7616519174041297 0.8064896755162242 0.03303834808259587 0.05073746312684366
0 0.6315634218289086 0.6536873156342182 0.05368731563421829 0.05781710914454277
0 0.4542772861356932 0.659882005899705 0.06253687315634218 0.057227138643067846
0 0.3088495575221239 0.6138643067846608 0.04424778761061947 0.05958702064896755
1 0.14926253687315633 0.7398230088495575 0.04365781710914454 0.04601769911504425
1 0.13126843657817108 0.6064896755162241 0.03480825958702065 0.0471976401179941
0 0.15014749262536872 0.47699115044247786 0.03952802359882006 0.08672566371681416
0 0.30501474926253686 0.47109144542772863 0.03893805309734513 0.0831858407079646
0 0.47227138643067845 0.5259587020648967 0.0607669616519174 0.07256637168141593
0 0.6386430678466076 0.5203539823008849 0.05014749262536873 0.05073746312684366
0 0.7702064896755162 0.4421828908554572 0.05132743362831858 0.0855457227138643
0 0.7828908554572271 0.30501474926253686 0.04601769911504425 0.09321533923303835
0 0.7702064896755162 0.17227138643067846 0.03480825958702065 0.0943952802359882
0 0.6297935103244837 0.20265486725663717 0.03716814159292035 0.07020648967551622
0 0.6283185840707964 0.31976401179941005 0.04365781710914454 0.08613569321533923
0 0.48525073746312686 0.371976401179941 0.043067846607669616 0.06784660766961652
0 0.31327433628318585 0.36607669616519173 0.0471976401179941 0.06548672566371681
0 0.14601769911504425 0.3463126843657817 0.05014749262536873 0.035398230088495575
0 0.1480825958702065 0.15899705014749263 0.054277286135693215 0.05958702064896755
0 0.31563421828908556 0.17020648967551621 0.044837758112094395 0.08672566371681416
0 0.4988200589970501 0.2150442477876106 0.06666666666666667 0.061946902654867256
0 0.7722713864306785 0.6702064896755162 0.040117994100294985 0.10737463126843658
