0 0.8548672566371681 0.10324483775811209 0.04129793510324484 0.03775811209439528
1 0.8604719764011799 0.231858407079646 0.061946902654867256 0.05309734513274336
1 0.8648967551622418 0.3828908554572271 0.03657817109144543 0.054277286135693215
0 0.8480825958702065 0.5144542772861357 0.03952802359882006 0.07905604719764012
0 0.8498525073746312 0.6327433628318584 0.04070796460176991 0.06312684365781711
0 0.8460176991150442 0.8277286135693215 0.049557522123893805 0.07315634218289085
0 0.7056047197640118 0.8392330383480826 0.08259587020648967 0.06902654867256637
0 0.5050147492625369 0.771976401179941 0.06489675516224189 0.06312684365781711
0 0.515339233038348 0.6044247787610619 0.04188790560471976 0.061946902654867256
0 0.6793510324483776 0.6244837758112094 0.05604719764011799 0.0607669616519174
0 0.3696165191740413 0.7828908554572271 0.03480825958702065 0.07787610619469026
0 0.37138643067846605 0.6784660766961652 0.04660766961651917 0.08731563421828908
0 0.22389380530973452 0.8324483775811209 0.043067846607669616 0.11327433628318584
0 0.1359882005899705 0.8008849557522124 0.0808259587020649 0.03716814159292035
0 0.12979351032448377 0.671976401179941 0.049557522123893805 0.17345132743362832
0 0.2126843657817109 0.6870206489675517 0.0607669616519174 0.11504424778761062
0 0.2215339233038348 0.5501474926253688 0.05368731563421829 0.1056047197640118
0 0.13569321533923304 0.5309734513274336 0.06725663716814159 0.08141592920353982
0 0.3595870206489675 0.46814159292035395 0.05486725663716814 0.05604719764011799
0 0.5312684365781711 0.4725663716814159 0.0584070796460177 0.06607669616519174
0 0.6908554572271386 0.5182890855457227 0.030678466076696165 0.09026548672566372
0 0.6890855457227139 0.3728613569321534 0.04837758112094395 0.058997050147492625
0 0.5463126843657817 0.33126843657817107 0.07315634218289085 0.05486725663716814
0 0.36578171091445427 0.3648967551622419 0.054277286135693215 0.09734513274336283
0 0.2271386430678466 0.30501474926253686 0.05073746312684366 0.11563421828908554
0 0.12772861356932153 0.3168141592920354 0.03952802359882006 0.06843657817109144
0 0.12182890855457226 0.24041297935103245 0.05958702064896755 0.08200589970501475
0 0.23628318584070795 0.1873156342182891 0.04070796460176991 0.05604719764011799
0 0.375811209439528 0.1743362831858407 0.12507374631268436 0.0584070796460177
0 0.5292035398230088 0.25781710914454276 0.05309734513274336 0.049557522123893805
0 0.7047197640117994 0.22772861356932153 0.03952802359882006 0.0471976401179941
0 0.6820058997050147 0.058112094395280235 0.10737463126843658 0.0584070796460177
0 0.5368731563421829 0.11858407079646018 0.035398230088495575 0.03657817109144543
0 0.4070796460176991 0.06843657817109144 0.044837758112094395 0.06843657817109144
0 0.2610619469026549 0.05103244837758112 0.061946902654867256 0.05368731563421829
0 0.1191740412979351 0.06165191740412979 0.05663716814159292 0.09616519174041298
