0 0.7666666666666666 0.17581120943952802 0.07610619469026549 0.08495575221238938
0 0.7737463126843658 0.23952802359882006 0.11976401179941003 0.06017699115044248
0 0.7825958702064897 0.4259587020648967 0.04070796460176991 0.0471976401179941
0 0.7828908554572271 0.5536873156342182 0.05191740412979351 0.0584070796460177
0 0.7634218289085546 0.6737463126843658 0.08849557522123894 0.11091445427728613
0 0.764306784660767 0.7846607669616519 0.18112094395280237 0.071976401179941
0 0.6522123893805309 0.783480825958702 0.04660766961651917 0.08259587020648967
0 0.6870206489675517 0.6752212389380531 0.05486725663716814 0.0607669616519174
0 0.6693215339233038 0.552212389380531 0.11740412979351032 0.11563421828908554
0 0.6657817109144543 0.4616519174041298 0.1351032448377581 0.06548672566371681
0 0.6554572271386431 0.25545722713864305 0.09557522123893805 0.0743362831858407
0 0.6407079646017699 0.13008849557522123 0.10265486725663717 0.06902654867256637
0 0.48584070796460177 0.13569321533923304 0.12684365781710916 0.08023598820058997
1 0.4976401179941003 0.2814159292035398 0.04660766961651917 0.03657817109144543
1 0.508259587020649 0.39705014749262535 0.05958702064896755 0.04601769911504425
1 0.5351032448377581 0.5206489675516224 0.05073746312684366 0.04424778761061947
0 0.5483775811209439 0.6737463126843658 0.09144542772861357 0.07669616519174041
0 0.5489675516224188 0.8410029498525073 0.07846607669616519 0.13392330383480827
0 0.3902654867256637 0.8474926253687316 0.12920353982300886 0.1351032448377581
0 0.4253687315634218 0.7566371681415929 0.10973451327433628 0.12802359882005898
0 0.3958702064896755 0.5994100294985251 0.058997050147492625 0.07787610619469026
0 0.3256637168141593 0.6286135693215339 0.07551622418879056 0.1303834808259587
1 0.27315634218289087 0.7209439528023599 0.03657817109144543 0.03893805309734513
1 0.2784660766961652 0.799410029498525 0.03775811209439528 0.03657817109144543
1 0.1687315634218289 0.6941002949852507 0.049557522123893805 0.04542772861356932
0 0.11445427728613569 0.8002949852507375 0.06017699115044248 0.06902654867256637
0 0.15398230088495574 0.5817109144542773 0.04601769911504425 0.06135693215339233
0 0.1079646017699115 0.4654867256637168 0.05309734513274336 0.044837758112094395
0 0.25958702064896755 0.403834808259587 0.09321533923303835 0.08790560471976401
0 0.371976401179941 0.45486725663716815 0.0808259587020649 0.14749262536873156
0 0.33775811209439527 0.28407079646017697 0.08436578171091445 0.03716814159292035
1 0.2303834808259587 0.26843657817109146 0.047787610619469026 0.03657817109144543
0 0.12536873156342182 0.2814159292035398 0.05486725663716814 0.08141592920353982
1 0.09941002949852507 0.11445427728613569 0.04424778761061947 0.035398230088495575
0 0.2056047197640118 0.15516224188790562 0.06902654867256637 0.11091445427728613
0 0.35398230088495575 0.11268436578171091 0.03657817109144543 0.05073746312684366
