0 0.8725663716814159 0.08613569321533923 0.14749262536873156 0.10147492625368731
0 0.7846607669616519 0.252212389380531 0.19705014749262537 0.08200589970501475
0 0.7678466076696165 0.4109144542772861 0.07846607669616519 0.057227138643067846
0 0.772566371681416 0.5519174041297935 0.08436578171091445 0.04660766961651917
0 0.7480825958702064 0.7005899705014749 0.05073746312684366 0.043067846607669616
0 0.7510324483775811 0.7421828908554572 0.06725663716814159 0.16755162241887905
0 0.6294985250737463 0.6893805309734513 0.10265486725663717 0.17876106194690267
0 0.5725663716814159 0.7932153392330383 0.10678466076696165 0.1327433628318584
0 0.4592920353982301 0.8106194690265487 0.033628318584070796 0.08731563421828908
1 0.3286135693215339 0.8085545722713864 0.02831858407079646 0.032448377581120944
1 0.24778761061946902 0.6784660766961652 0.027138643067846607 0.02831858407079646
1 0.24837758112094394 0.55929203539823 0.030678466076696165 0.03303834808259587
1 0.5123893805309735 0.5162241887905604 0.047787610619469026 0.029498525073746312
1 0.6725663716814159 0.5601769911504425 0.03657817109144543 0.03480825958702065
1 0.15427728613569322 0.40117994100294985 0.023008849557522124 0.04129793510324484
0 0.4775811209439528 0.4191740412979351 0.052507374631268436 0.04188790560471976
0 0.6067846607669617 0.39764011799410026 0.09262536873156342 0.20176991150442478
0 0.6651917404129793 0.12507374631268436 0.07728613569321534 0.2135693215339233
0 0.6221238938053097 0.24867256637168142 0.06430678466076696 0.09262536873156342
0 0.5250737463126843 0.2831858407079646 0.16283185840707964 0.054277286135693215
0 0.511504424778761 0.11032448377581121 0.0743362831858407 0.15339233038348082
0 0.3064896755162242 0.11622418879056047 0.13864306784660768 0.13333333333333333
0 0.3058997050147493 0.28112094395280235 0.0359882005899705 0.047787610619469026
0 0.14454277286135692 0.1454277286135693 0.11209439528023599 0.11150442477876106
0 0.1471976401179941 0.31622418879056047 0.09616519174041298 0.05073746312684366
0 0.3271386430678466 0.41238938053097346 0.19410029498525072 0.0943952802359882
0 0.4117994100294985 0.4654867256637168 0.06017699115044248 0.12625368731563422
0 0.4168141592920354 0.5424778761061947 0.09262536873156342 0.1374631268436578
0 0.5047197640117994 0.6395280235988201 0.1952802359882006 0.06489675516224189
0 0.20058997050147492 0.8 0.08377581120943953 0.16047197640117994
0 0.09793510324483776 0.7755162241887905 0.10383480825958702 0.17404129793510326
0 0.10147492625368731 0.6530973451327433 0.1168141592920354 0.18525073746312684
0 0.11769911504424779 0.5050147492625369 0.11740412979351032 0.08849557522123894
0 0.3855457227138643 0.6519174041297935 0.04660766961651917 0.11799410029498525
