1 0.12389380530973451 0.10973451327433628 0.03185840707964602 0.02831858407079646
1 0.12064896755162241 0.27817109144542773 0.033628318584070796 0.027728613569321534
1 0.12831858407079647 0.43716814159292033 0.03008849557522124 0.03421828908554572
1 0.12507374631268436 0.5837758112094396 0.029498525073746312 0.03008849557522124
1 0.1351032448377581 0.7064896755162242 0.027138643067846607 0.03952802359882006
1 0.13008849557522123 0.8722713864306785 0.019469026548672566 0.033628318584070796
1 0.2778761061946903 0.8374631268436578 0.02831858407079646 0.03126843657817109
1 0.44542772861356933 0.8471976401179941 0.035398230088495575 0.02831858407079646
1 0.5958702064896755 0.831858407079646 0.027138643067846607 0.030678466076696165
1 0.7687315634218289 0.8321533923303834 0.03775811209439528 0.018289085545722714
1 0.9339233038348083 0.8336283185840708 0.03421828908554572 0.021238938053097345
1 0.9359882005899705 0.7250737463126844 0.032448377581120944 0.02831858407079646
1 0.7575221238938052 0.7209439528023599 0.029498525073746312 0.030678466076696165
1 0.6050147492625368 0.7109144542772862 0.03126843657817109 0.024778761061946902
1 0.4471976401179941 0.7032448377581121 0.035398230088495575 0.025958702064896755
1 0.2911504424778761 0.6997050147492625 0.03480825958702065 0.020058997050147492
1 0.2855457227138643 0.5799410029498525 0.03303834808259587 0.029498525073746312
1 0.44896755162241886 0.5793510324483776 0.02831858407079646 0.021238938053097345
1 0.6053097345132743 0.5764011799410029 0.030678466076696165 0.022418879056047197
1 0.7498525073746313 0.5867256637168141 0.030678466076696165 0.028908554572271386
1 0.9365781710914454 0.5967551622418878 0.03126843657817109 0.032448377581120944
1 0.9365781710914454 0.44837758112094395 0.02536873156342183 0.02831858407079646
1 0.7575221238938052 0.4474926253687316 0.03303834808259587 0.032448377581120944
1 0.6064896755162241 0.44896755162241886 0.03657817109144543 0.029498525073746312
1 0.4492625368731563 0.4424778761061947 0.03126843657817109 0.02831858407079646
1 0.2849557522123894 0.4398230088495575 0.03421828908554572 0.019469026548672566
1 0.2982300884955752 0.279646017699115 0.032448377581120944 0.03893805309734513
1 0.45781710914454277 0.2982300884955752 0.030678466076696165 0.02536873156342183
1 0.6150442477876106 0.30029498525073745 0.033628318584070796 0.029498525073746312
1 0.7539823008849558 0.2958702064896755 0.02831858407079646 0.03008849557522124
1 0.9283185840707965 0.3029498525073746 0.03126843657817109 0.02182890855457227
1 0.9359882005899705 0.14277286135693215 0.03008849557522124 0.01887905604719764
1 0.7616519174041297 0.14896755162241887 0.027138643067846607 0.033628318584070796
1 0.6250737463126843 0.1433628318584071 0.033628318584070796 0.030678466076696165
1 0.4498525073746313 0.12536873156342182 0.03480825958702065 0.03126843657817109
1 0.2982300884955752 0.1168141592920354 0.038348082595870206 0.03303834808259587
