1 0.9023598820058997 0.1168141592920354 0.043067846607669616 0.03657817109144543
0 0.8761061946902655 0.2790560471976401 0.05073746312684366 0.08259587020648967
1 0.4964601769911504 0.28023598820059 0.04896755162241888 0.04601769911504425
1 0.4964601769911504 0.39764011799410026 0.057227138643067846 0.044837758112094395
1 0.8292035398230089 0.692330383480826 0.04660766961651917 0.04070796460176991
0 0.7265486725663717 0.7135693215339233 0.0359882005899705 0.03952802359882006
1 0.7218289085545723 0.7982300884955752 0.0359882005899705 0.03185840707964602
0 0.8486725663716814 0.5882005899705015 0.038348082595870206 0.049557522123893805
0 0.8870206489675516 0.799410029498525 0.05486725663716814 0.07551622418879056
0 0.8876106194690265 0.46106194690265484 0.05368731563421829 0.04188790560471976
0 0.7395280235988201 0.40530973451327434 0.09144542772861357 0.08259587020648967
1 0.7805309734513274 0.2672566371681416 0.03421828908554572 0.044837758112094395
0 0.7932153392330383 0.15870206489675515 0.07846607669616519 0.11209439528023599
0 0.6466076696165192 0.10737463126843658 0.04601769911504425 0.04365781710914454
0 0.6669616519174041 0.2831858407079646 0.0808259587020649 0.04365781710914454
0 0.5203539823008849 0.13716814159292035 0.13333333333333333 0.0831858407079646
0 0.3613569321533923 0.13244837758112094 0.10324483775811209 0.07846607669616519
0 0.2407079646017699 0.17020648967551621 0.08259587020648967 0.09262536873156342
0 0.34277286135693213 0.25958702064896755 0.09557522123893805 0.071976401179941
0 0.22979351032448378 0.2368731563421829 0.11504424778761062 0.057227138643067846
0 0.21740412979351031 0.42507374631268435 0.04542772861356932 0.05486725663716814
0 0.33303834808259586 0.463716814159292 0.1303834808259587 0.0696165191740413
0 0.21769911504424777 0.5542772861356932 0.03657817109144543 0.0607669616519174
0 0.33539823008849556 0.5557522123893806 0.11268436578171091 0.1191740412979351
1 0.46342182890855455 0.5182890855457227 0.05014749262536873 0.047787610619469026
0 0.628023598820059 0.4622418879056047 0.0855457227138643 0.15752212389380532
0 0.6749262536873156 0.628023598820059 0.08023598820058997 0.1374631268436578
0 0.6182890855457227 0.5958702064896755 0.07079646017699115 0.08967551622418879
0 0.45191740412979353 0.6755162241887905 0.09557522123893805 0.0743362831858407
0 0.5766961651917404 0.7589970501474926 0.11504424778761062 0.12094395280235988
0 0.6056047197640118 0.8460176991150442 0.12802359882005898 0.13805309734513274
0 0.4528023598820059 0.8410029498525073 0.09144542772861357 0.1421828908554572
0 0.3415929203539823 0.7849557522123893 0.06017699115044248 0.09970501474926254
0 0.3129793510324484 0.6749262536873156 0.05368731563421829 0.06017699115044248
0 0.23480825958702065 0.6696165191740413 0.08613569321533923 0.11091445427728613
0 0.2327433628318584 0.7858407079646017 0.18584070796460178 0.08141592920353982
