1 0.1168141592920354 0.12477876106194691 0.027138643067846607 0.024188790560471976
1 0.2784660766961652 0.14513274336283186 0.029498525073746312 0.02831858407079646
1 0.4430678466076696 0.15368731563421828 0.035398230088495575 0.02536873156342183
1 0.6002949852507374 0.15309734513274337 0.03008849557522124 0.01710914454277286
1 0.7569321533923303 0.15545722713864307 0.02831858407079646 0.018289085545722714
1 0.9309734513274336 0.1672566371681416 0.03303834808259587 0.023008849557522124
1 0.9315634218289085 0.28112094395280235 0.03185840707964602 0.01710914454277286
1 0.9336283185840708 0.40117994100294985 0.03126843657817109 0.021238938053097345
1 0.9368731563421828 0.5510324483775811 0.02831858407079646 0.020058997050147492
1 0.927433628318584 0.6997050147492625 0.029498525073746312 0.025958702064896755
1 0.9342182890855457 0.8557522123893805 0.032448377581120944 0.02536873156342183
1 0.7569321533923303 0.8610619469026548 0.02831858407079646 0.01710914454277286
1 0.6212389380530974 0.8551622418879056 0.03185840707964602 0.02654867256637168
1 0.4504424778761062 0.8766961651917404 0.027728613569321534 0.024778761061946902
1 0.29557522123893804 0.879646017699115 0.029498525073746312 0.02831858407079646
1 0.12979351032448377 0.8902654867256637 0.027138643067846607 0.027138643067846607
1 0.12094395280235988 0.7233038348082595 0.035398230088495575 0.022418879056047197
1 0.30117994100294987 0.7171091445427729 0.032448377581120944 0.02654867256637168
1 0.4533923303834808 0.699410029498525 0.0359882005899705 0.02536873156342183
1 0.6129793510324484 0.6976401179941003 0.035398230088495575 0.024188790560471976
1 0.7513274336283186 0.6997050147492625 0.02536873156342183 0.022418879056047197
1 0.7563421828908554 0.551622418879056 0.029498525073746312 0.021238938053097345
1 0.6061946902654867 0.5542772861356932 0.033628318584070796 0.024188790560471976
1 0.4471976401179941 0.5578171091445427 0.027138643067846607 0.019469026548672566
1 0.28643067846607667 0.5595870206489676 0.027728613569321534 0.02536873156342183
1 0.12418879056047197 0.5619469026548672 0.02654867256637168 0.02536873156342183
1 0.12448377581120944 0.4176991150442478 0.02831858407079646 0.02831858407079646
1 0.2855457227138643 0.4230088495575221 0.035398230088495575 0.025958702064896755
1 0.4457227138643068 0.4215339233038348 0.032448377581120944 0.023008849557522124
1 0.6044247787610619 0.4215339233038348 0.028908554572271386 0.019469026548672566
1 0.7495575221238938 0.4117994100294985 0.033628318584070796 0.022418879056047197
1 0.755457227138643 0.2820058997050148 0.0359882005899705 0.029498525073746312
1 0.6050147492625368 0.2943952802359882 0.033628318584070796 0.02359882005899705
1 0.4457227138643068 0.30206489675516224 0.032448377581120944 0.02831858407079646
1 0.29056047197640117 0.3017699115044248 0.033628318584070796 0.032448377581120944
1 0.12123893805309735 0.28466076696165193 0.04070796460176991 0.02654867256637168
