0 0.8781710914454277 0.058997050147492625 0.0607669616519174 0.10383480825958702
0 0.8802359882005899 0.23864306784660766 0.06489675516224189 0.08436578171091445
0 0.8740412979351032 0.3135693215339233 0.038348082595870206 0.07610619469026549
0 0.8702064896755162 0.5321533923303835 0.08023598820058997 0.08731563421828908
0 0.8731563421828908 0.6817109144542772 0.044837758112094395 0.15988200589970503
0 0.8634218289085546 0.8008849557522124 0.08436578171091445 0.047787610619469026
0 0.7737463126843658 0.8315634218289085 0.0359882005899705 0.10088495575221239
0 0.7890855457227138 0.6884955752212389 0.0584070796460177 0.10147492625368731
0 0.775811209439528 0.5539823008849557 0.06371681415929203 0.10973451327433628
0 0.7672566371681416 0.31327433628318585 0.0584070796460177 0.12979351032448377
0 0.7530973451327434 0.18023598820058997 0.057227138643067846 0.06430678466076696
0 0.6256637168141593 0.18023598820058997 0.1351032448377581 0.05368731563421829
0 0.6339233038348082 0.3705014749262537 0.06312684365781711 0.11327433628318584
0 0.6386430678466076 0.46430678466076697 0.05368731563421829 0.06017699115044248
0 0.6303834808259587 0.6784660766961652 0.05132743362831858 0.0967551622418879
0 0.6286135693215339 0.7828908554572271 0.04070796460176991 0.08967551622418879
0 0.4970501474926254 0.7728613569321534 0.061946902654867256 0.06489675516224189
0 0.2952802359882006 0.8374631268436578 0.07964601769911504 0.07020648967551622
1 0.15486725663716813 0.8244837758112095 0.06312684365781711 0.07846607669616519
0 0.15162241887905603 0.6336283185840708 0.04247787610619469 0.05073746312684366
0 0.3200589970501475 0.6238938053097345 0.05368731563421829 0.05604719764011799
0 0.5002949852507375 0.6035398230088496 0.06017699115044248 0.06017699115044248
0 0.47109144542772863 0.4687315634218289 0.057227138643067846 0.07374631268436578
0 0.3041297935103245 0.5144542772861357 0.04070796460176991 0.09321533923303835
0 0.15191740412979352 0.5135693215339233 0.04660766961651917 0.07492625368731563
1 0.13215339233038348 0.3823008849557522 0.03893805309734513 0.05545722713864307
0 0.7392330383480826 0.0528023598820059 0.06253687315634218 0.06902654867256637
0 0.5935103244837758 0.07846607669616519 0.05191740412979351 0.06253687315634218
0 0.4646017699115044 0.1200589970501475 0.03126843657817109 0.04070796460176991
0 0.46607669616519176 0.2533923303834808 0.04247787610619469 0.0584070796460177
0 0.4533923303834808 0.33362831858407077 0.07020648967551622 0.04896755162241888
0 0.3079646017699115 0.3554572271386431 0.05191740412979351 0.07846607669616519
0 0.29321533923303833 0.2271386430678466 0.044837758112094395 0.05781710914454277
0 0.3206489675516224 0.05929203539823009 0.12566371681415928 0.0584070796460177
0 0.14513274336283186 0.0920353982300885 0.040117994100294985 0.03775811209439528
0 0.1454277286135693 0.2303834808259587 0.05132743362831858 0.05368731563421829
