0 0.8551622418879056 0.09262536873156342 0.04188790560471976 0.03657817109144543
1 0.8569321533923304 0.2536873156342183 0.05486725663716814 0.04129793510324484
1 0.863716814159292 0.3811209439528024 0.03421828908554572 0.030678466076696165
0 0.8471976401179941 0.5206489675516224 0.03775811209439528 0.06666666666666667
0 0.8578171091445428 0.6616519174041298 0.040117994100294985 0.04188790560471976
0 0.8536873156342183 0.835693215339233 0.05073746312684366 0.06312684365781711
0 0.6973451327433628 0.8262536873156342 0.05191740412979351 0.06784660766961652
0 0.5061946902654867 0.7890855457227138 0.06489675516224189 0.06312684365781711
0 0.5147492625368731 0.6330383480825958 0.04070796460176991 0.06843657817109144
0 0.6887905604719764 0.6377581120943953 0.05014749262536873 0.05545722713864307
0 0.37256637168141593 0.8 0.04070796460176991 0.06135693215339233
0 0.36902654867256635 0.68023598820059 0.04188790560471976 0.06489675516224189
0 0.2398230088495575 0.8368731563421828 0.04188790560471976 0.0831858407079646
0 0.1368731563421829 0.8185840707964601 0.071976401179941 0.04070796460176991
0 0.1200589970501475 0.6858407079646017 0.04660766961651917 0.09026548672566372
0 0.23156342182890854 0.6890855457227139 0.0359882005899705 0.08259587020648967
0 0.22654867256637168 0.5533923303834808 0.04601769911504425 0.07315634218289085
0 0.1407079646017699 0.5333333333333333 0.05486725663716814 0.06253687315634218
0 0.36283185840707965 0.4808259587020649 0.05191740412979351 0.05545722713864307
0 0.5386430678466076 0.48436578171091443 0.05781710914454277 0.06489675516224189
0 0.6964601769911505 0.5185840707964602 0.0359882005899705 0.06489675516224189
0 0.6890855457227139 0.3893805309734513 0.04837758112094395 0.058997050147492625
0 0.5436578171091445 0.33775811209439527 0.07020648967551622 0.05486725663716814
0 0.3672566371681416 0.34572271386430675 0.057227138643067846 0.058997050147492625
0 0.23097345132743363 0.33952802359882006 0.03952802359882006 0.09144542772861357
0 0.13008849557522123 0.3448377581120944 0.04188790560471976 0.0808259587020649
0 0.12507374631268436 0.24808259587020648 0.06135693215339233 0.0607669616519174
0 0.24336283185840707 0.20471976401179942 0.052507374631268436 0.05781710914454277
0 0.3952802359882006 0.19882005899705013 0.08613569321533923 0.0743362831858407
0 0.531858407079646 0.26843657817109146 0.033628318584070796 0.06489675516224189
0 0.7058997050147493 0.2374631268436578 0.03952802359882006 0.0584070796460177
0 0.6946902654867256 0.07138643067846608 0.04542772861356932 0.06489675516224189
0 0.5368731563421829 0.13156342182890857 0.035398230088495575 0.03657817109144543
0 0.4070796460176991 0.06843657817109144 0.044837758112094395 0.06843657817109144
0 0.2654867256637168 0.07138643067846608 0.06489675516224189 0.071976401179941
0 0.09882005899705015 0.07374631268436578 0.04070796460176991 0.06135693215339233
