0 0.7622418879056048 0.17522123893805308 0.06725663716814159 0.08613569321533923
0 0.7684365781710915 0.24041297935103245 0.10914454277286136 0.06430678466076696
0 0.7825958702064897 0.4259587020648967 0.04070796460176991 0.0471976401179941
0 0.7828908554572271 0.5536873156342182 0.05191740412979351 0.0584070796460177
0 0.7705014749262536 0.6702064896755162 0.11091445427728613 0.10383480825958702
0 0.764306784660767 0.7846607669616519 0.18112094395280237 0.071976401179941
0 0.6522123893805309 0.783480825958702 0.04660766961651917 0.08259587020648967
0 0.6870206489675517 0.6752212389380531 0.05486725663716814 0.0607669616519174
0 0.6699115044247788 0.5498525073746312 0.11740412979351032 0.11563421828908554
0 0.6725663716814159 0.463716814159292 0.1215339233038348 0.06135693215339233
0 0.6554572271386431 0.25545722713864305 0.09557522123893805 0.0743362831858407
0 0.6380530973451327 0.1351032448377581 0.1079646017699115 0.07905604719764012
0 0.48584070796460177 0.13569321533923304 0.12684365781710916 0.08023598820058997
1 0.4976401179941003 0.2814159292035398 0.04660766961651917 0.03657817109144543
1 0.508259587020649 0.39705014749262535 0.05958702064896755 0.04601769911504425
1 0.5351032448377581 0.5206489675516224 0.05073746312684366 0.04424778761061947
0 0.5454277286135694 0.6702064896755162 0.0855457227138643 0.08377581120943953
0 0.5489675516224188 0.8410029498525073 0.07846607669616519 0.13392330383480827
0 0.3902654867256637 0.8474926253687316 0.12920353982300886 0.1351032448377581
0 0.4365781710914454 0.756047197640118 0.13215339233038348 0.12920353982300886
0 0.4247787610619469 0.6026548672566372 0.1168141592920354 0.08436578171091445
0 0.3268436578171091 0.6238938053097345 0.07315634218289085 0.1398230088495575
1 0.27404129793510323 0.7265486725663717 0.038348082595870206 0.05014749262536873
1 0.27168141592920353 0.7728613569321534 0.032448377581120944 0.03893805309734513
1 0.1687315634218289 0.6941002949852507 0.049557522123893805 0.04542772861356932
0 0.11651917404129794 0.8106194690265487 0.06430678466076696 0.07551622418879056
0 0.15103244837758112 0.5896755162241888 0.040117994100294985 0.04660766961651917
0 0.1079646017699115 0.4654867256637168 0.05309734513274336 0.044837758112094395
0 0.27315634218289087 0.41563421828908553 0.09321533923303835 0.08790560471976401
0 0.371976401179941 0.45486725663716815 0.0808259587020649 0.14749262536873156
0 0.33657817109144544 0.2640117994100295 0.08436578171091445 0.03716814159292035
1 0.2303834808259587 0.26843657817109146 0.047787610619469026 0.03657817109144543
0 0.12536873156342182 0.2814159292035398 0.05486725663716814 0.08141592920353982
1 0.10353982300884956 0.12035398230088495 0.04424778761061947 0.035398230088495575
0 0.2056047197640118 0.15516224188790562 0.06902654867256637 0.11091445427728613
0 0.3530973451327434 0.10914454277286136 0.038348082595870206 0.04365781710914454
