1 0.8533923303834808 0.08967551622418879 0.03480825958702065 0.03421828908554572
1 0.8737463126843658 0.3041297935103245 0.035398230088495575 0.028908554572271386
1 0.8616519174041298 0.46430678466076697 0.03126843657817109 0.035398230088495575
0 0.8572271386430679 0.559882005899705 0.029498525073746312 0.04129793510324484
1 0.8648967551622418 0.708259587020649 0.020058997050147492 0.0359882005899705
1 0.8846607669616519 0.876401179941003 0.032448377581120944 0.032448377581120944
1 0.6935103244837758 0.8584070796460177 0.027728613569321534 0.03893805309734513
1 0.5492625368731563 0.8666666666666667 0.03421828908554572 0.03657817109144543
1 0.4097345132743363 0.8088495575221238 0.033628318584070796 0.03657817109144543
1 0.26017699115044246 0.8209439528023599 0.03303834808259587 0.038348082595870206
1 0.06843657817109144 0.8333333333333334 0.03657817109144543 0.03126843657817109
1 0.07876106194690266 0.707669616519174 0.03480825958702065 0.03126843657817109
1 0.2607669616519174 0.6979351032448378 0.03775811209439528 0.029498525073746312
1 0.39941002949852505 0.7374631268436578 0.035398230088495575 0.03303834808259587
1 0.5566371681415929 0.6693215339233038 0.033628318584070796 0.043067846607669616
1 0.7070796460176991 0.7023598820058997 0.032448377581120944 0.02536873156342183
1 0.7094395280235988 0.5973451327433629 0.03008849557522124 0.04542772861356932
1 0.5504424778761062 0.5796460176991151 0.02831858407079646 0.024188790560471976
1 0.38908554572271387 0.5775811209439528 0.033628318584070796 0.022418879056047197
1 0.24837758112094394 0.5858407079646017 0.02831858407079646 0.03421828908554572
1 0.06017699115044248 0.5961651917404129 0.030678466076696165 0.0359882005899705
1 0.06047197640117994 0.4592920353982301 0.027728613569321534 0.02654867256637168
1 0.23569321533923304 0.4365781710914454 0.03008849557522124 0.040117994100294985
1 0.37256637168141593 0.46519174041297934 0.028908554572271386 0.047787610619469026
1 0.5513274336283186 0.4451327433628319 0.032448377581120944 0.02654867256637168
1 0.7100294985250737 0.43864306784660767 0.032448377581120944 0.02536873156342183
1 0.664306784660767 0.30855457227138644 0.022418879056047197 0.04601769911504425
1 0.5454277286135694 0.28702064896755164 0.04070796460176991 0.028908554572271386
1 0.3752212389380531 0.3421828908554572 0.035398230088495575 0.035398230088495575
1 0.22064896755162242 0.3327433628318584 0.027138643067846607 0.040117994100294985
1 0.06755162241887905 0.30914454277286135 0.02654867256637168 0.024778761061946902
1 0.0607669616519174 0.14896755162241887 0.027138643067846607 0.019469026548672566
1 0.18613569321533924 0.18908554572271385 0.03126843657817109 0.033628318584070796
1 0.3693215339233038 0.1648967551622419 0.030678466076696165 0.038348082595870206
1 0.5215339233038347 0.1410029498525074 0.03775811209439528 0.02831858407079646
1 0.6985250737463127 0.11976401179941003 0.03303834808259587 0.03421828908554572
