1 0.1528023598820059 0.11976401179941003 0.03303834808259587 0.022418879056047197
1 0.31799410029498526 0.13451327433628318 0.029498525073746312 0.021238938053097345
1 0.47404129793510325 0.14749262536873156 0.03126843657817109 0.020058997050147492
1 0.6353982300884956 0.14749262536873156 0.02359882005899705 0.029498525073746312
1 0.7752212389380531 0.14749262536873156 0.02831858407079646 0.022418879056047197
1 0.9014749262536873 0.15103244837758112 0.02831858407079646 0.029498525073746312
1 0.9026548672566371 0.3368731563421829 0.030678466076696165 0.02359882005899705
1 0.7858407079646017 0.3303834808259587 0.029498525073746312 0.025958702064896755
1 0.6268436578171092 0.3224188790560472 0.03008849557522124 0.02064896755162242
1 0.4823008849557522 0.35162241887905604 0.03008849557522124 0.022418879056047197
1 0.31710914454277284 0.34424778761061947 0.03126843657817109 0.01710914454277286
1 0.15693215339233038 0.36194690265486723 0.030678466076696165 0.02654867256637168
1 0.1607669616519174 0.515929203539823 0.02654867256637168 0.027728613569321534
1 0.3123893805309734 0.5138643067846608 0.02654867256637168 0.021238938053097345
1 0.46135693215339235 0.5218289085545723 0.029498525073746312 0.02654867256637168
1 0.6162241887905605 0.49970501474926254 0.033628318584070796 0.029498525073746312
1 0.7610619469026548 0.47079646017699117 0.02831858407079646 0.025958702064896755
1 0.9103244837758112 0.4749262536873156 0.029498525073746312 0.020058997050147492
1 0.9035398230088495 0.6179941002949852 0.02654867256637168 0.019469026548672566
1 0.8973451327433628 0.7634218289085546 0.029498525073746312 0.022418879056047197
1 0.8976401179941003 0.9038348082595871 0.032448377581120944 0.027138643067846607
1 0.7315634218289085 0.9011799410029498 0.030678466076696165 0.024188790560471976
1 0.5876106194690265 0.9132743362831859 0.03185840707964602 0.025958702064896755
1 0.4374631268436578 0.9141592920353983 0.03480825958702065 0.02064896755162242
1 0.287905604719764 0.9156342182890855 0.030678466076696165 0.035398230088495575
1 0.13451327433628318 0.9053097345132743 0.03421828908554572 0.024188790560471976
1 0.14896755162241887 0.7814159292035399 0.032448377581120944 0.033628318584070796
1 0.296165191740413 0.7728613569321534 0.02831858407079646 0.03303834808259587
1 0.44660766961651915 0.7728613569321534 0.03657817109144543 0.020058997050147492
1 0.6014749262536873 0.7657817109144542 0.038348082595870206 0.022418879056047197
1 0.7522123893805309 0.7672566371681416 0.029498525073746312 0.02182890855457227
1 0.7569321533923303 0.61976401179941 0.030678466076696165 0.02182890855457227
1 0.6156342182890855 0.6383480825958702 0.03008849557522124 0.01887905604719764
1 0.47109144542772863 0.6233038348082596 0.03480825958702065 0.02064896755162242
1 0.30973451327433627 0.6283185840707964 0.029498525073746312 0.020058997050147492
1 0.15014749262536872 0.6315634218289086 0.027728613569321534 0.024188790560471976
