0 0.8498525073746312 0.1454277286135693 0.047787610619469026 0.04896755162241888
0 0.8277286135693215 0.2949852507374631 0.06843657817109144 0.058997050147492625
0 0.8492625368731563 0.4424778761061947 0.03716814159292035 0.03657817109144543
0 0.8460176991150442 0.5858407079646017 0.06017699115044248 0.058997050147492625
0 0.7607669616519174 0.7371681415929203 0.06312684365781711 0.06902654867256637
0 0.859882005899705 0.8289085545722714 0.06430678466076696 0.05309734513274336
0 0.7374631268436578 0.812094395280236 0.05309734513274336 0.04188790560471976
1 0.663126843657817 0.7321533923303835 0.05191740412979351 0.04247787610619469
1 0.5902654867256637 0.8654867256637168 0.038348082595870206 0.03303834808259587
1 0.5572271386430678 0.6941002949852507 0.04188790560471976 0.05604719764011799
1 0.6775811209439528 0.5480825958702065 0.05486725663716814 0.0471976401179941
1 0.7103244837758111 0.41150442477876104 0.05309734513274336 0.05604719764011799
1 0.5203539823008849 0.25663716814159293 0.05781710914454277 0.040117994100294985
0 0.7247787610619469 0.15604719764011798 0.03952802359882006 0.04542772861356932
0 0.708259587020649 0.2908554572271386 0.052507374631268436 0.05073746312684366
0 0.5988200589970502 0.40825958702064896 0.08259587020648967 0.08495575221238938
0 0.5607669616519174 0.5371681415929204 0.04896755162241888 0.04070796460176991
0 0.4498525073746313 0.691150442477876 0.052507374631268436 0.09262536873156342
0 0.4176991150442478 0.5415929203539823 0.07669616519174041 0.06607669616519174
1 0.29380530973451324 0.5256637168141592 0.04365781710914454 0.04129793510324484
0 0.2345132743362832 0.6601769911504425 0.05014749262536873 0.06489675516224189
1 0.15427728613569322 0.6539823008849558 0.04424778761061947 0.04896755162241888
0 0.18171091445427728 0.7902654867256637 0.04365781710914454 0.038348082595870206
0 0.3967551622418879 0.7690265486725664 0.07610619469026549 0.04896755162241888
0 0.3949852507374631 0.8398230088495575 0.05486725663716814 0.07256637168141593
1 0.15722713864306784 0.5 0.04424778761061947 0.04896755162241888
0 0.1710914454277286 0.38436578171091446 0.07079646017699115 0.052507374631268436
0 0.2967551622418879 0.37315634218289084 0.071976401179941 0.04660766961651917
0 0.47345132743362833 0.37315634218289084 0.047787610619469026 0.07964601769911504
0 0.3952802359882006 0.32035398230088497 0.07669616519174041 0.06135693215339233
1 0.2663716814159292 0.2607669616519174 0.03952802359882006 0.035398230088495575
0 0.15191740412979352 0.2377581120943953 0.04660766961651917 0.044837758112094395
0 0.12330383480825959 0.12831858407079647 0.0696165191740413 0.04188790560471976
1 0.2778761061946903 0.10324483775811209 0.03421828908554572 0.03775811209439528
0 0.35811209439528024 0.16519174041297935 0.030678466076696165 0.03775811209439528
1 0.5120943952802359 0.12418879056047197 0.030678466076696165 0.033628318584070796
