1 0.9023598820058997 0.1168141592920354 0.043067846607669616 0.03657817109144543
0 0.8784660766961652 0.28053097345132744 0.04601769911504425 0.0855457227138643
1 0.4964601769911504 0.28023598820059 0.04896755162241888 0.04601769911504425
1 0.4964601769911504 0.39764011799410026 0.057227138643067846 0.044837758112094395
1 0.8292035398230089 0.692330383480826 0.04660766961651917 0.04070796460176991
0 0.7265486725663717 0.7283185840707964 0.0359882005899705 0.03952802359882006
1 0.7312684365781711 0.764306784660767 0.03480825958702065 0.03716814159292035
0 0.8495575221238938 0.6014749262536873 0.03421828908554572 0.05368731563421829
0 0.8867256637168142 0.8138643067846607 0.05073746312684366 0.08790560471976401
0 0.8876106194690265 0.46696165191740413 0.05368731563421829 0.04188790560471976
0 0.7336283185840707 0.415929203539823 0.10324483775811209 0.07079646017699115
1 0.7660766961651917 0.2734513274336283 0.05486725663716814 0.03716814159292035
0 0.7932153392330383 0.15870206489675515 0.07846607669616519 0.11209439528023599
0 0.6466076696165192 0.10737463126843658 0.04601769911504425 0.04365781710914454
0 0.6628318584070796 0.26489675516224187 0.0808259587020649 0.04365781710914454
0 0.5203539823008849 0.13716814159292035 0.13333333333333333 0.0831858407079646
0 0.3648967551622419 0.1368731563421829 0.11268436578171091 0.07315634218289085
0 0.23569321533923304 0.17492625368731562 0.07256637168141593 0.0831858407079646
0 0.3433628318584071 0.2581120943952802 0.0967551622418879 0.07492625368731563
0 0.22979351032448378 0.2392330383480826 0.11504424778761062 0.0584070796460177
0 0.21740412979351031 0.42507374631268435 0.04542772861356932 0.05486725663716814
0 0.3271386430678466 0.46106194690265484 0.12094395280235988 0.061946902654867256
0 0.21769911504424777 0.5542772861356932 0.03657817109144543 0.0607669616519174
0 0.32890855457227136 0.5634218289085545 0.09970501474926254 0.13451327433628318
1 0.46342182890855455 0.5182890855457227 0.05014749262536873 0.047787610619469026
0 0.6259587020648968 0.45958702064896756 0.08141592920353982 0.15221238938053097
0 0.6746312684365782 0.6209439528023599 0.07964601769911504 0.15162241887905603
0 0.5790560471976401 0.603834808259587 0.11622418879056047 0.07728613569321534
0 0.45958702064896756 0.6716814159292035 0.08023598820058997 0.06666666666666667
0 0.5705014749262537 0.7631268436578171 0.12743362831858407 0.11268436578171091
0 0.6094395280235988 0.8460176991150442 0.12035398230088495 0.13805309734513274
0 0.4528023598820059 0.8410029498525073 0.09144542772861357 0.1421828908554572
0 0.3415929203539823 0.7849557522123893 0.06017699115044248 0.09970501474926254
0 0.3129793510324484 0.6749262536873156 0.05368731563421829 0.06017699115044248
0 0.22241887905604718 0.6707964601769911 0.12743362831858407 0.10619469026548672
0 0.23156342182890854 0.7858407079646017 0.18584070796460178 0.08141592920353982
