0 0.7622418879056048 0.17522123893805308 0.06725663716814159 0.08613569321533923
0 0.7764011799410029 0.2342182890855457 0.12979351032448377 0.071976401179941
0 0.7825958702064897 0.4259587020648967 0.04070796460176991 0.0471976401179941
0 0.7828908554572271 0.5536873156342182 0.05191740412979351 0.0584070796460177
0 0.7705014749262536 0.6702064896755162 0.11091445427728613 0.10383480825958702
0 0.764306784660767 0.7846607669616519 0.18112094395280237 0.071976401179941
0 0.6522123893805309 0.783480825958702 0.04660766961651917 0.08259587020648967
0 0.6870206489675517 0.6752212389380531 0.05486725663716814 0.0607669616519174
0 0.6781710914454278 0.5584070796460177 0.10088495575221239 0.13392330383480827
0 0.6725663716814159 0.463716814159292 0.1215339233038348 0.06135693215339233
0 0.6554572271386431 0.25545722713864305 0.09557522123893805 0.0743362831858407
0 0.6380530973451327 0.1351032448377581 0.1079646017699115 0.07905604719764012
0 0.48584070796460177 0.13569321533923304 0.12684365781710916 0.08023598820058997
1 0.4976401179941003 0.2814159292035398 0.04660766961651917 0.03657817109144543
1 0.508259587020649 0.39705014749262535 0.05958702064896755 0.04601769911504425
1 0.5351032448377581 0.5206489675516224 0.05073746312684366 0.04424778761061947
0 0.5471976401179941 0.668141592920354 0.07728613569321534 0.07374631268436578
0 0.5489675516224188 0.8410029498525073 0.07846607669616519 0.13392330383480827
0 0.3902654867256637 0.8474926253687316 0.12920353982300886 0.1351032448377581
0 0.43097345132743364 0.7613569321533923 0.12094395280235988 0.12094395280235988
0 0.4150442477876106 0.6041297935103245 0.11386430678466077 0.08141592920353982
0 0.3271386430678466 0.615929203539823 0.07256637168141593 0.15575221238938053
1 0.27404129793510323 0.7265486725663717 0.038348082595870206 0.05014749262536873
1 0.2687315634218289 0.7728613569321534 0.038348082595870206 0.03893805309734513
1 0.1687315634218289 0.6952802359882005 0.049557522123893805 0.04542772861356932
0 0.11150442477876106 0.8253687315634218 0.054277286135693215 0.08849557522123894
0 0.14778761061946902 0.6 0.0359882005899705 0.05663716814159292
0 0.1079646017699115 0.4625368731563422 0.05309734513274336 0.044837758112094395
0 0.26784660766961654 0.412094395280236 0.09911504424778761 0.0808259587020649
0 0.371976401179941 0.45486725663716815 0.0808259587020649 0.14749262536873156
0 0.33657817109144544 0.2640117994100295 0.08436578171091445 0.03716814159292035
1 0.2303834808259587 0.26843657817109146 0.047787610619469026 0.03657817109144543
0 0.12064896755162241 0.2778761061946903 0.04542772861356932 0.0743362831858407
1 0.10353982300884956 0.12035398230088495 0.04424778761061947 0.035398230088495575
0 0.2056047197640118 0.15516224188790562 0.06902654867256637 0.11091445427728613
0 0.3530973451327434 0.10914454277286136 0.038348082595870206 0.04365781710914454
