1 0.1407079646017699 0.09292035398230089 0.043067846607669616 0.0359882005899705
1 0.30383480825958703 0.11976401179941003 0.029498525073746312 0.030678466076696165
1 0.4772861356932153 0.14129793510324484 0.03303834808259587 0.024188790560471976
0 0.6333333333333333 0.15870206489675515 0.027728613569321534 0.03657817109144543
1 0.8129793510324483 0.1799410029498525 0.030678466076696165 0.02831858407079646
1 0.9421828908554573 0.14778761061946902 0.022418879056047197 0.02182890855457227
1 0.9353982300884955 0.3079646017699115 0.02536873156342183 0.022418879056047197
1 0.9380530973451328 0.4557522123893805 0.024778761061946902 0.02654867256637168
1 0.9371681415929204 0.5823008849557522 0.02654867256637168 0.029498525073746312
1 0.9233038348082596 0.7053097345132743 0.035398230088495575 0.03716814159292035
1 0.9283185840707965 0.8380530973451328 0.027728613569321534 0.03480825958702065
1 0.747787610619469 0.8342182890855457 0.032448377581120944 0.04365781710914454
1 0.588495575221239 0.8200589970501475 0.033628318584070796 0.04365781710914454
1 0.44837758112094395 0.8657817109144542 0.035398230088495575 0.04188790560471976
1 0.30383480825958703 0.859882005899705 0.03185840707964602 0.04188790560471976
1 0.10648967551622418 0.8775811209439528 0.03716814159292035 0.038348082595870206
1 0.13303834808259588 0.7058997050147493 0.023008849557522124 0.03480825958702065
1 0.29056047197640117 0.7017699115044248 0.03126843657817109 0.03008849557522124
0 0.4445427728613569 0.6696165191740413 0.032448377581120944 0.04601769911504425
1 0.6026548672566372 0.7404129793510325 0.02536873156342183 0.030678466076696165
1 0.7374631268436578 0.6943952802359882 0.03657817109144543 0.03657817109144543
1 0.7498525073746313 0.5896755162241888 0.025958702064896755 0.024188790560471976
1 0.6053097345132743 0.5811209439528023 0.02831858407079646 0.03185840707964602
1 0.4480825958702065 0.5775811209439528 0.02536873156342183 0.024778761061946902
1 0.2887905604719764 0.5932153392330384 0.03480825958702065 0.04188790560471976
0 0.1415929203539823 0.5563421828908555 0.03303834808259587 0.044837758112094395
1 0.7616519174041297 0.44129793510324483 0.027138643067846607 0.030678466076696165
1 0.6303834808259587 0.46519174041297934 0.02536873156342183 0.03716814159292035
1 0.45132743362831856 0.44011799410029495 0.03303834808259587 0.02831858407079646
1 0.28643067846607667 0.43569321533923305 0.03126843657817109 0.02536873156342183
0 0.1368731563421829 0.463716814159292 0.029498525073746312 0.030678466076696165
1 0.12743362831858407 0.3029498525073746 0.03421828908554572 0.028908554572271386
1 0.3286135693215339 0.3029498525073746 0.02831858407079646 0.038348082595870206
0 0.4533923303834808 0.2814159292035398 0.04188790560471976 0.02831858407079646
0 0.6265486725663717 0.3415929203539823 0.029498525073746312 0.03421828908554572
1 0.7746312684365781 0.31976401179941005 0.021238938053097345 0.029498525073746312
