0 0.10501474926253687 0.115929203539823 0.03303834808259587 0.032448377581120944
0 0.3064896755162242 0.14129793510324484 0.02654867256637168 0.032448377581120944
1 0.45634218289085543 0.13657817109144543 0.03126843657817109 0.033628318584070796
1 0.591740412979351 0.1799410029498525 0.027138643067846607 0.03657817109144543
1 0.7625368731563422 0.17020648967551621 0.02536873156342183 0.0359882005899705
1 0.9283185840707965 0.15899705014749263 0.02536873156342183 0.02182890855457227
0 0.9268436578171091 0.3008849557522124 0.03303834808259587 0.03421828908554572
1 0.9392330383480826 0.38997050147492623 0.02831858407079646 0.029498525073746312
0 0.7395280235988201 0.31091445427728615 0.04070796460176991 0.030678466076696165
0 0.6029498525073747 0.2604719764011799 0.03185840707964602 0.02654867256637168
1 0.4457227138643068 0.3094395280235988 0.028908554572271386 0.04188790560471976
1 0.29469026548672567 0.3008849557522124 0.03126843657817109 0.02831858407079646
1 0.13421828908554573 0.29380530973451324 0.02536873156342183 0.03893805309734513
1 0.1410029498525074 0.4398230088495575 0.03185840707964602 0.03952802359882006
1 0.29056047197640117 0.4020648967551622 0.027728613569321534 0.04188790560471976
1 0.4498525073746313 0.4212389380530973 0.028908554572271386 0.021238938053097345
1 0.6070796460176991 0.4215339233038348 0.03185840707964602 0.023008849557522124
1 0.7498525073746313 0.4144542772861357 0.030678466076696165 0.02536873156342183
1 0.7651917404129793 0.563716814159292 0.03657817109144543 0.03126843657817109
1 0.9353982300884955 0.5469026548672566 0.027728613569321534 0.030678466076696165
1 0.9289085545722714 0.6943952802359882 0.028908554572271386 0.02831858407079646
1 0.9368731563421828 0.8548672566371681 0.030678466076696165 0.02359882005899705
1 0.7852507374631268 0.8221238938053097 0.029498525073746312 0.02536873156342183
0 0.6303834808259587 0.8451327433628318 0.033628318584070796 0.043067846607669616
0 0.4731563421828908 0.8758112094395281 0.02831858407079646 0.02654867256637168
1 0.3005899705014749 0.8805309734513275 0.033628318584070796 0.032448377581120944
1 0.1351032448377581 0.9026548672566371 0.03775811209439528 0.03185840707964602
1 0.12448377581120944 0.7103244837758111 0.03657817109144543 0.035398230088495575
0 0.3200589970501475 0.7005899705014749 0.033628318584070796 0.04070796460176991
0 0.45132743362831856 0.7224188790560472 0.035398230088495575 0.03126843657817109
0 0.6200589970501474 0.6657817109144543 0.035398230088495575 0.03952802359882006
1 0.768141592920354 0.6932153392330384 0.02831858407079646 0.021238938053097345
1 0.6182890855457227 0.5401179941002949 0.03775811209439528 0.04070796460176991
1 0.4469026548672566 0.5575221238938053 0.032448377581120944 0.022418879056047197
1 0.28643067846607667 0.5613569321533923 0.027728613569321534 0.02654867256637168
1 0.13539823008849558 0.5374631268436578 0.03480825958702065 0.04601769911504425
