0 0.8510324483775811 0.15073746312684366 0.047787610619469026 0.04896755162241888
0 0.8277286135693215 0.29233038348082596 0.07079646017699115 0.05368731563421829
0 0.855457227138643 0.4687315634218289 0.03893805309734513 0.03008849557522124
0 0.8460176991150442 0.5858407079646017 0.06017699115044248 0.058997050147492625
0 0.7374631268436578 0.812094395280236 0.05309734513274336 0.04188790560471976
1 0.6637168141592921 0.7321533923303835 0.05191740412979351 0.04247787610619469
1 0.5902654867256637 0.8654867256637168 0.038348082595870206 0.03303834808259587
1 0.5572271386430678 0.6941002949852507 0.04188790560471976 0.05604719764011799
1 0.6775811209439528 0.5480825958702065 0.05486725663716814 0.0471976401179941
1 0.7103244837758111 0.41150442477876104 0.05309734513274336 0.05604719764011799
1 0.5203539823008849 0.25663716814159293 0.05781710914454277 0.040117994100294985
0 0.7247787610619469 0.10884955752212389 0.03952802359882006 0.04542772861356932
0 0.720353982300885 0.22743362831858407 0.044837758112094395 0.047787610619469026
0 0.5988200589970502 0.40825958702064896 0.08259587020648967 0.08495575221238938
0 0.5607669616519174 0.5371681415929204 0.04896755162241888 0.04070796460176991
0 0.4421828908554572 0.6941002949852507 0.06666666666666667 0.09026548672566372
0 0.4176991150442478 0.5415929203539823 0.07669616519174041 0.06607669616519174
1 0.29380530973451324 0.5256637168141592 0.04365781710914454 0.04129793510324484
0 0.20147492625368732 0.6938053097345133 0.03480825958702065 0.0696165191740413
1 0.11799410029498525 0.6908554572271386 0.03303834808259587 0.04837758112094395
0 0.10707964601769912 0.824188790560472 0.032448377581120944 0.05191740412979351
1 0.11799410029498525 0.5557522123893806 0.04365781710914454 0.04129793510324484
0 0.12831858407079647 0.44778761061946903 0.043067846607669616 0.08023598820058997
0 0.2991150442477876 0.37168141592920356 0.07905604719764012 0.0743362831858407
0 0.47345132743362833 0.37315634218289084 0.047787610619469026 0.07964601769911504
0 0.3967551622418879 0.2533923303834808 0.05368731563421829 0.052507374631268436
1 0.2663716814159292 0.2607669616519174 0.03952802359882006 0.035398230088495575
0 0.15191740412979352 0.2377581120943953 0.04660766961651917 0.044837758112094395
0 0.12330383480825959 0.12831858407079647 0.0696165191740413 0.04188790560471976
1 0.2766961651917404 0.09793510324483776 0.03421828908554572 0.03775811209439528
0 0.35457227138643066 0.10943952802359883 0.03185840707964602 0.033628318584070796
1 0.5067846607669616 0.1200589970501475 0.030678466076696165 0.033628318584070796
0 0.2943952802359882 0.8575221238938053 0.03657817109144543 0.07728613569321534
0 0.371976401179941 0.8238938053097346 0.03952802359882006 0.09970501474926254
0 0.8353982300884956 0.7005899705014749 0.08377581120943953 0.07138643067846608
0 0.8300884955752212 0.8781710914454277 0.06489675516224189 0.05132743362831858
