0 0.8823008849557522 0.07669616519174041 0.04896755162241888 0.08849557522123894
0 0.8725663716814159 0.2519174041297935 0.05545722713864307 0.0743362831858407
0 0.8734513274336283 0.3359882005899705 0.03716814159292035 0.08200589970501475
0 0.8616519174041298 0.5353982300884955 0.06312684365781711 0.07846607669616519
0 0.871976401179941 0.7 0.04837758112094395 0.12448377581120944
0 0.8604719764011799 0.8144542772861357 0.08790560471976401 0.04070796460176991
0 0.7672566371681416 0.831858407079646 0.032448377581120944 0.09557522123893805
0 0.7823008849557522 0.6976401179941003 0.044837758112094395 0.0831858407079646
0 0.7702064896755162 0.5631268436578171 0.052507374631268436 0.09144542772861357
0 0.7690265486725664 0.33244837758112095 0.04660766961651917 0.1056047197640118
0 0.7519174041297935 0.20147492625368732 0.052507374631268436 0.05486725663716814
0 0.6070796460176991 0.19852507374631267 0.0920353982300885 0.08200589970501475
0 0.6315634218289086 0.34926253687315634 0.047787610619469026 0.054277286135693215
0 0.6398230088495576 0.47935103244837757 0.04542772861356932 0.05014749262536873
0 0.6283185840707964 0.6823008849557523 0.040117994100294985 0.07728613569321534
0 0.6277286135693215 0.7952802359882005 0.030678466076696165 0.07079646017699115
0 0.49557522123893805 0.7876106194690266 0.07079646017699115 0.06371681415929203
0 0.3106194690265487 0.8306784660766962 0.04424778761061947 0.07787610619469026
1 0.14926253687315633 0.8389380530973451 0.05545722713864307 0.05663716814159292
0 0.14926253687315633 0.6589970501474927 0.03775811209439528 0.02831858407079646
0 0.31563421828908556 0.6336283185840708 0.044837758112094395 0.058997050147492625
0 0.48053097345132745 0.6256637168141593 0.04424778761061947 0.06312684365781711
0 0.4690265486725664 0.4837758112094395 0.05663716814159292 0.06843657817109144
0 0.30501474926253686 0.5265486725663717 0.03775811209439528 0.0831858407079646
0 0.14837758112094396 0.5303834808259587 0.043067846607669616 0.071976401179941
1 0.13392330383480827 0.3926253687315634 0.035398230088495575 0.04660766961651917
0 0.736283185840708 0.0663716814159292 0.04129793510324484 0.06430678466076696
0 0.5961651917404129 0.07787610619469026 0.04070796460176991 0.06135693215339233
0 0.46106194690265484 0.13539823008849558 0.04070796460176991 0.04070796460176991
0 0.4646017699115044 0.2657817109144543 0.03716814159292035 0.05604719764011799
0 0.44955752212389377 0.3407079646017699 0.071976401179941 0.05486725663716814
0 0.3088495575221239 0.38820058997050144 0.05014749262536873 0.06725663716814159
0 0.2896755162241888 0.2398230088495575 0.04365781710914454 0.05486725663716814
0 0.3100294985250737 0.07168141592920355 0.07610619469026549 0.061946902654867256
0 0.1433628318584071 0.09734513274336283 0.040117994100294985 0.03775811209439528
0 0.14749262536873156 0.2587020648967552 0.0471976401179941 0.047787610619469026
