0 0.8725663716814159 0.08613569321533923 0.14749262536873156 0.10147492625368731
0 0.784070796460177 0.24542772861356932 0.19823008849557522 0.08377581120943953
0 0.7687315634218289 0.4032448377581121 0.07669616519174041 0.04188790560471976
0 0.772566371681416 0.5519174041297935 0.08436578171091445 0.04660766961651917
0 0.7480825958702064 0.7005899705014749 0.05073746312684366 0.043067846607669616
0 0.7395280235988201 0.743952802359882 0.07846607669616519 0.16519174041297935
0 0.6294985250737463 0.6893805309734513 0.10265486725663717 0.17876106194690267
0 0.5740412979351033 0.8097345132743363 0.10973451327433628 0.11032448377581121
0 0.4592920353982301 0.8106194690265487 0.033628318584070796 0.08731563421828908
1 0.3286135693215339 0.8085545722713864 0.02831858407079646 0.032448377581120944
1 0.24778761061946902 0.6784660766961652 0.027138643067846607 0.02831858407079646
1 0.24837758112094394 0.55929203539823 0.030678466076696165 0.03303834808259587
1 0.5123893805309735 0.5162241887905604 0.047787610619469026 0.029498525073746312
1 0.68023598820059 0.5693215339233039 0.04601769911504425 0.04247787610619469
1 0.15427728613569322 0.40117994100294985 0.023008849557522124 0.04129793510324484
0 0.4775811209439528 0.4191740412979351 0.052507374631268436 0.04188790560471976
0 0.6067846607669617 0.39764011799410026 0.09262536873156342 0.20176991150442478
0 0.6699115044247788 0.12094395280235988 0.06784660766961652 0.22182890855457227
0 0.6221238938053097 0.24867256637168142 0.06430678466076696 0.09262536873156342
0 0.5250737463126843 0.2831858407079646 0.16283185840707964 0.054277286135693215
0 0.5100294985250737 0.10265486725663717 0.07138643067846608 0.1687315634218289
0 0.3126843657817109 0.13303834808259588 0.13333333333333333 0.1504424778761062
0 0.3058997050147493 0.28112094395280235 0.0359882005899705 0.047787610619469026
0 0.14454277286135692 0.1454277286135693 0.11209439528023599 0.11150442477876106
0 0.1471976401179941 0.31622418879056047 0.09616519174041298 0.05073746312684366
0 0.32359882005899704 0.415929203539823 0.18112094395280237 0.09557522123893805
0 0.4117994100294985 0.4654867256637168 0.06017699115044248 0.12625368731563422
0 0.4168141592920354 0.5424778761061947 0.09262536873156342 0.1374631268436578
0 0.5047197640117994 0.6395280235988201 0.1952802359882006 0.06489675516224189
0 0.2112094395280236 0.7870206489675516 0.10501474926253687 0.13451327433628318
0 0.09852507374631268 0.7784660766961652 0.10265486725663717 0.1799410029498525
0 0.10147492625368731 0.6530973451327433 0.1168141592920354 0.18525073746312684
0 0.11769911504424779 0.5050147492625369 0.11740412979351032 0.08849557522123894
0 0.3855457227138643 0.6519174041297935 0.04660766961651917 0.11799410029498525
