0 0.8489675516224189 0.09557522123893805 0.03775811209439528 0.04247787610619469
1 0.8536873156342183 0.25604719764011796 0.05663716814159292 0.04247787610619469
1 0.8654867256637168 0.38082595870206487 0.035398230088495575 0.02536873156342183
0 0.8466076696165191 0.5215339233038347 0.030678466076696165 0.06725663716814159
0 0.8533923303834808 0.6637168141592921 0.043067846607669616 0.035398230088495575
0 0.8498525073746312 0.8315634218289085 0.05486725663716814 0.05368731563421829
0 0.6932153392330384 0.8194690265486726 0.04601769911504425 0.06725663716814159
0 0.5032448377581121 0.7908554572271387 0.06371681415929203 0.06430678466076696
0 0.515929203539823 0.6303834808259587 0.04660766961651917 0.07138643067846608
0 0.6887905604719764 0.6330383480825958 0.04896755162241888 0.06607669616519174
0 0.37256637168141593 0.8011799410029499 0.0359882005899705 0.05545722713864307
0 0.36843657817109143 0.6808259587020649 0.03716814159292035 0.06017699115044248
0 0.2392330383480826 0.8389380530973451 0.04070796460176991 0.07315634218289085
0 0.13392330383480827 0.8215339233038348 0.071976401179941 0.03716814159292035
0 0.11415929203539824 0.6843657817109144 0.043067846607669616 0.08377581120943953
0 0.228023598820059 0.692330383480826 0.038348082595870206 0.09144542772861357
0 0.22920353982300884 0.5498525073746312 0.04660766961651917 0.0743362831858407
0 0.13952802359882005 0.5336283185840708 0.05486725663716814 0.05486725663716814
0 0.36194690265486723 0.48112094395280236 0.05014749262536873 0.05486725663716814
0 0.5383480825958702 0.4837758112094395 0.0584070796460177 0.06607669616519174
0 0.6991150442477876 0.5185840707964602 0.04247787610619469 0.07079646017699115
0 0.6861356932153392 0.38997050147492623 0.05073746312684366 0.05781710914454277
0 0.5418879056047198 0.3421828908554572 0.07020648967551622 0.06371681415929203
0 0.368141592920354 0.34424778761061947 0.044837758112094395 0.061946902654867256
0 0.22772861356932153 0.34041297935103243 0.04129793510324484 0.08613569321533923
0 0.13244837758112094 0.3433628318584071 0.043067846607669616 0.08967551622418879
0 0.11799410029498525 0.24513274336283186 0.05309734513274336 0.057227138643067846
0 0.24454277286135692 0.20176991150442478 0.052507374631268436 0.06253687315634218
0 0.3949852507374631 0.19911504424778761 0.0831858407079646 0.07138643067846608
0 0.531858407079646 0.2728613569321534 0.03716814159292035 0.05486725663716814
0 0.7050147492625368 0.23864306784660766 0.03893805309734513 0.05486725663716814
0 0.6979351032448378 0.06784660766961652 0.05663716814159292 0.07551622418879056
0 0.5368731563421829 0.1303834808259587 0.035398230088495575 0.03657817109144543
0 0.40176991150442476 0.07935103244837757 0.044837758112094395 0.07728613569321534
0 0.26194690265486725 0.07404129793510325 0.04837758112094395 0.07964601769911504
0 0.09911504424778761 0.07699115044247787 0.044837758112094395 0.057227138643067846
