0 0.871976401179941 0.08584070796460178 0.143952802359882 0.10678466076696165
0 0.7852507374631268 0.2528023598820059 0.19823008849557522 0.08436578171091445
0 0.768141592920354 0.4135693215339233 0.07551622418879056 0.05191740412979351
0 0.772566371681416 0.5519174041297935 0.08436578171091445 0.04660766961651917
0 0.7480825958702064 0.7005899705014749 0.05073746312684366 0.043067846607669616
0 0.7398230088495575 0.7436578171091446 0.07905604719764012 0.16578171091445426
0 0.6294985250737463 0.6893805309734513 0.10265486725663717 0.17876106194690267
0 0.5693215339233039 0.7964601769911505 0.09085545722713864 0.11799410029498525
0 0.4592920353982301 0.8106194690265487 0.033628318584070796 0.08731563421828908
1 0.3286135693215339 0.8085545722713864 0.02831858407079646 0.032448377581120944
1 0.24778761061946902 0.6784660766961652 0.027138643067846607 0.02831858407079646
1 0.24837758112094394 0.55929203539823 0.030678466076696165 0.03303834808259587
1 0.5123893805309735 0.5162241887905604 0.047787610619469026 0.029498525073746312
1 0.6725663716814159 0.5601769911504425 0.03657817109144543 0.03480825958702065
1 0.15427728613569322 0.40117994100294985 0.023008849557522124 0.04129793510324484
0 0.4775811209439528 0.4191740412979351 0.052507374631268436 0.04188790560471976
0 0.6067846607669617 0.39764011799410026 0.09262536873156342 0.20176991150442478
0 0.6634218289085546 0.12536873156342182 0.07374631268436578 0.20825958702064895
0 0.6221238938053097 0.24867256637168142 0.06430678466076696 0.09262536873156342
0 0.5250737463126843 0.2831858407079646 0.16283185840707964 0.054277286135693215
0 0.5097345132743363 0.1224188790560472 0.08731563421828908 0.14690265486725662
0 0.3094395280235988 0.10914454277286136 0.12448377581120944 0.11091445427728613
0 0.3058997050147493 0.28112094395280235 0.0359882005899705 0.047787610619469026
0 0.143952802359882 0.1454277286135693 0.11091445427728613 0.11150442477876106
0 0.1471976401179941 0.31150442477876106 0.09616519174041298 0.05073746312684366
0 0.3271386430678466 0.41297935103244837 0.19410029498525072 0.0943952802359882
0 0.4117994100294985 0.4654867256637168 0.06017699115044248 0.12625368731563422
0 0.41799410029498524 0.5433628318584071 0.09026548672566372 0.13333333333333333
0 0.5047197640117994 0.6371681415929203 0.1952802359882006 0.06017699115044248
0 0.20855457227138643 0.8182890855457227 0.06902654867256637 0.15575221238938053
0 0.10324483775811209 0.7805309734513274 0.0967551622418879 0.17817109144542773
0 0.10678466076696165 0.6513274336283186 0.10383480825958702 0.18053097345132743
0 0.12035398230088495 0.503834808259587 0.11209439528023599 0.08495575221238938
0 0.3855457227138643 0.6519174041297935 0.04660766961651917 0.11799410029498525
