0 0.8743362831858407 0.05870206489675516 0.05191740412979351 0.0831858407079646
0 0.8858407079646018 0.231858407079646 0.061946902654867256 0.06725663716814159
0 0.8766961651917404 0.3176991150442478 0.05191740412979351 0.05368731563421829
0 0.8713864306784661 0.5451327433628319 0.08259587020648967 0.06135693215339233
0 0.9112094395280236 0.6542772861356932 0.09498525073746313 0.14985250737463127
0 0.8663716814159292 0.8014749262536873 0.07256637168141593 0.04660766961651917
0 0.7967551622418879 0.8271386430678466 0.0831858407079646 0.06607669616519174
0 0.775811209439528 0.6722713864306784 0.04601769911504425 0.07728613569321534
0 0.7952802359882005 0.5572271386430678 0.08613569321533923 0.09144542772861357
0 0.7654867256637168 0.28053097345132744 0.08436578171091445 0.09734513274336283
0 0.755457227138643 0.18584070796460178 0.05014749262536873 0.05073746312684366
0 0.6545722713864307 0.16814159292035397 0.07846607669616519 0.07669616519174041
0 0.6339233038348082 0.3705014749262537 0.06312684365781711 0.11327433628318584
0 0.6386430678466076 0.46430678466076697 0.05368731563421829 0.06017699115044248
0 0.6380530973451327 0.6926253687315634 0.07138643067846608 0.06135693215339233
0 0.6327433628318584 0.7828908554572271 0.032448377581120944 0.08967551622418879
0 0.4952802359882006 0.7861356932153393 0.05604719764011799 0.038348082595870206
0 0.296165191740413 0.8256637168141593 0.08141592920353982 0.04660766961651917
1 0.15693215339233038 0.8191740412979351 0.058997050147492625 0.06784660766961652
0 0.15368731563421828 0.6218289085545723 0.038348082595870206 0.049557522123893805
0 0.3200589970501475 0.6238938053097345 0.05368731563421829 0.05604719764011799
0 0.5002949852507375 0.6035398230088496 0.06017699115044248 0.06017699115044248
0 0.4684365781710914 0.471976401179941 0.05191740412979351 0.06725663716814159
0 0.2976401179941003 0.5230088495575221 0.05368731563421829 0.07610619469026549
0 0.15191740412979352 0.5106194690265486 0.038348082595870206 0.04896755162241888
1 0.13126843657817108 0.38259587020648966 0.04070796460176991 0.061946902654867256
0 0.7610619469026548 0.034513274336283185 0.07079646017699115 0.0584070796460177
0 0.5946902654867257 0.046902654867256637 0.049557522123893805 0.07020648967551622
0 0.4646017699115044 0.1200589970501475 0.03126843657817109 0.04070796460176991
0 0.47463126843657816 0.26017699115044246 0.07256637168141593 0.05309734513274336
0 0.4533923303834808 0.3392330383480826 0.07020648967551622 0.03775811209439528
0 0.3094395280235988 0.3519174041297935 0.04896755162241888 0.07138643067846608
0 0.3029498525073746 0.22359882005899706 0.06430678466076696 0.05073746312684366
0 0.3256637168141593 0.050442477876106194 0.11327433628318584 0.04070796460176991
0 0.15368731563421828 0.08377581120943953 0.043067846607669616 0.04601769911504425
0 0.15250737463126843 0.23156342182890854 0.03952802359882006 0.05486725663716814
