0 0.8469026548672566 0.08466076696165192 0.038348082595870206 0.0359882005899705
1 0.859882005899705 0.22448377581120943 0.0607669616519174 0.06312684365781711
1 0.8648967551622418 0.3828908554572271 0.03657817109144543 0.054277286135693215
0 0.8480825958702065 0.5144542772861357 0.03952802359882006 0.07905604719764012
0 0.8492625368731563 0.6262536873156342 0.03952802359882006 0.04896755162241888
0 0.8466076696165191 0.8188790560471977 0.054277286135693215 0.06253687315634218
0 0.7056047197640118 0.8392330383480826 0.08259587020648967 0.06902654867256637
0 0.5008849557522124 0.7811209439528024 0.05663716814159292 0.044837758112094395
0 0.48436578171091443 0.6044247787610619 0.07079646017699115 0.061946902654867256
0 0.6772861356932154 0.628023598820059 0.05191740412979351 0.05368731563421829
0 0.3696165191740413 0.7873156342182891 0.03480825958702065 0.08672566371681416
0 0.3607669616519174 0.6929203539823009 0.06784660766961652 0.05604719764011799
0 0.20058997050147492 0.8247787610619469 0.08377581120943953 0.08731563421828908
0 0.13333333333333333 0.8026548672566372 0.08141592920353982 0.043067846607669616
0 0.07345132743362831 0.6522123893805309 0.12802359882005898 0.1457227138643068
0 0.22507374631268437 0.6884955752212389 0.04660766961651917 0.10147492625368731
0 0.20530973451327433 0.5513274336283186 0.08613569321533923 0.09970501474926254
0 0.12949852507374632 0.5292035398230088 0.07964601769911504 0.0943952802359882
0 0.3595870206489675 0.46814159292035395 0.05486725663716814 0.05604719764011799
0 0.5312684365781711 0.4725663716814159 0.0584070796460177 0.06607669616519174
0 0.6908554572271386 0.5182890855457227 0.030678466076696165 0.09026548672566372
0 0.6884955752212389 0.35457227138643066 0.0471976401179941 0.05309734513274336
0 0.5454277286135694 0.3359882005899705 0.07138643067846608 0.04542772861356932
0 0.3663716814159292 0.3702064896755162 0.05545722713864307 0.1079646017699115
0 0.1935103244837758 0.2911504424778761 0.0920353982300885 0.13156342182890857
0 0.12949852507374632 0.31887905604719763 0.04070796460176991 0.06548672566371681
0 0.11769911504424779 0.22743362831858407 0.06784660766961652 0.06312684365781711
0 0.24601769911504423 0.1864306784660767 0.06017699115044248 0.054277286135693215
0 0.3433628318584071 0.1663716814159292 0.10501474926253687 0.0743362831858407
0 0.5262536873156343 0.2584070796460177 0.06725663716814159 0.05663716814159292
0 0.6991150442477876 0.22300884955752212 0.06135693215339233 0.04247787610619469
0 0.6699115044247788 0.050442477876106194 0.10914454277286136 0.043067846607669616
0 0.5368731563421829 0.11858407079646018 0.035398230088495575 0.03657817109144543
0 0.41002949852507375 0.04424778761061947 0.05545722713864307 0.06725663716814159
0 0.24277286135693216 0.03510324483775811 0.07610619469026549 0.06430678466076696
0 0.1191740412979351 0.06165191740412979 0.05663716814159292 0.09616519174041298
