1 0.12802359882005898 0.1056047197640118 0.029498525073746312 0.03303834808259587
1 0.29793510324483774 0.1182890855457227 0.029498525073746312 0.02536873156342183
1 0.4492625368731563 0.1224188790560472 0.0359882005899705 0.023008849557522124
1 0.6233038348082596 0.14188790560471976 0.03126843657817109 0.02536873156342183
1 0.7575221238938052 0.13657817109144543 0.027138643067846607 0.023008849557522124
1 0.9345132743362832 0.14365781710914455 0.03185840707964602 0.019469026548672566
1 0.9268436578171091 0.30029498525073745 0.03657817109144543 0.02359882005899705
1 0.932448377581121 0.4492625368731563 0.02536873156342183 0.018289085545722714
1 0.9336283185840708 0.5979351032448378 0.03126843657817109 0.024188790560471976
1 0.9321533923303835 0.7174041297935103 0.02831858407079646 0.021238938053097345
1 0.9309734513274336 0.8330383480825958 0.030678466076696165 0.020058997050147492
1 0.7578171091445428 0.8424778761061946 0.032448377581120944 0.02359882005899705
1 0.6029498525073747 0.8466076696165191 0.03185840707964602 0.021238938053097345
1 0.44129793510324483 0.8451327433628318 0.03185840707964602 0.02064896755162242
1 0.275811209439528 0.8551622418879056 0.028908554572271386 0.02064896755162242
1 0.1168141592920354 0.8749262536873156 0.027138643067846607 0.029498525073746312
1 0.11887905604719765 0.7135693215339233 0.03126843657817109 0.019469026548672566
1 0.2911504424778761 0.6985250737463127 0.03008849557522124 0.020058997050147492
1 0.4469026548672566 0.6970501474926254 0.032448377581120944 0.027728613569321534
1 0.6056047197640118 0.7058997050147493 0.032448377581120944 0.02654867256637168
1 0.7539823008849558 0.716519174041298 0.02831858407079646 0.023008849557522124
1 0.7469026548672566 0.5867256637168141 0.030678466076696165 0.024188790560471976
1 0.6029498525073747 0.5778761061946902 0.029498525073746312 0.018289085545722714
1 0.4457227138643068 0.5784660766961652 0.028908554572271386 0.024188790560471976
1 0.2855457227138643 0.5761061946902655 0.035398230088495575 0.023008849557522124
1 0.12330383480825959 0.5805309734513274 0.02831858407079646 0.02831858407079646
1 0.12389380530973451 0.44011799410029495 0.035398230088495575 0.022418879056047197
1 0.28702064896755164 0.4365781710914454 0.032448377581120944 0.02359882005899705
1 0.4457227138643068 0.44129793510324483 0.03008849557522124 0.024778761061946902
1 0.6073746312684366 0.44601769911504424 0.032448377581120944 0.021238938053097345
1 0.7575221238938052 0.4469026548672566 0.03303834808259587 0.02182890855457227
1 0.7533923303834809 0.29852507374631265 0.029498525073746312 0.021238938053097345
1 0.6141592920353982 0.3029498525073746 0.03185840707964602 0.02182890855457227
1 0.45132743362831856 0.29882005899705016 0.035398230088495575 0.02064896755162242
1 0.3008849557522124 0.2825958702064897 0.029498525073746312 0.024778761061946902
1 0.11710914454277285 0.27817109144542773 0.038348082595870206 0.02536873156342183
