1 0.935693215339233 0.16843657817109145 0.03185840707964602 0.019469026548672566
1 0.9330383480825959 0.28230088495575223 0.032448377581120944 0.019469026548672566
1 0.9368731563421828 0.40058997050147493 0.030678466076696165 0.022418879056047197
1 0.9330383480825959 0.5483775811209439 0.024188790560471976 0.018289085545722714
1 0.928023598820059 0.7 0.030678466076696165 0.02536873156342183
1 0.9348082595870206 0.8548672566371681 0.032448377581120944 0.017699115044247787
1 0.7616519174041297 0.8507374631268436 0.027138643067846607 0.020058997050147492
1 0.6233038348082596 0.8587020648967552 0.033628318584070796 0.027728613569321534
1 0.4471976401179941 0.8769911504424779 0.03185840707964602 0.02536873156342183
1 0.2973451327433628 0.8846607669616519 0.03421828908554572 0.02654867256637168
1 0.12418879056047197 0.8929203539823009 0.02654867256637168 0.024188790560471976
1 0.12123893805309735 0.7227138643067846 0.032448377581120944 0.02359882005899705
1 0.29970501474926253 0.7147492625368731 0.029498525073746312 0.02654867256637168
1 0.4542772861356932 0.7005899705014749 0.03775811209439528 0.02654867256637168
1 0.6135693215339233 0.6938053097345133 0.03657817109144543 0.029498525073746312
1 0.7539823008849558 0.7008849557522123 0.030678466076696165 0.022418879056047197
1 0.755457227138643 0.5501474926253688 0.033628318584070796 0.02064896755162242
1 0.6076696165191741 0.5536873156342182 0.02831858407079646 0.023008849557522124
1 0.4471976401179941 0.5578171091445427 0.029498525073746312 0.019469026548672566
1 0.28407079646017697 0.5625368731563422 0.028908554572271386 0.02654867256637168
1 0.12448377581120944 0.5622418879056047 0.03657817109144543 0.030678466076696165
1 0.12654867256637167 0.4182890855457227 0.032448377581120944 0.03775811209439528
1 0.2843657817109144 0.4224188790560472 0.035398230088495575 0.021238938053097345
1 0.44837758112094395 0.42035398230088494 0.03185840707964602 0.023008849557522124
1 0.6070796460176991 0.42094395280235986 0.03185840707964602 0.02064896755162242
1 0.7492625368731564 0.41238938053097346 0.029498525073746312 0.02359882005899705
1 0.756047197640118 0.2799410029498525 0.03008849557522124 0.027728613569321534
1 0.6044247787610619 0.29410029498525075 0.028908554572271386 0.02536873156342183
1 0.4474926253687316 0.3014749262536873 0.033628318584070796 0.02359882005899705
1 0.2902654867256637 0.29970501474926253 0.030678466076696165 0.02831858407079646
1 0.13156342182890857 0.29410029498525075 0.022418879056047197 0.03716814159292035
1 0.1303834808259587 0.13067846607669617 0.02831858407079646 0.03008849557522124
1 0.2778761061946903 0.1663716814159292 0.030678466076696165 0.027138643067846607
1 0.44778761061946903 0.15221238938053097 0.03303834808259587 0.022418879056047197
1 0.5943952802359882 0.17050147492625367 0.03008849557522124 0.022418879056047197
1 0.7678466076696165 0.16755162241887905 0.03126843657817109 0.022418879056047197
