0 0.8563421828908554 0.0855457227138643 0.04188790560471976 0.03657817109144543
1 0.8498525073746312 0.2383480825958702 0.04070796460176991 0.040117994100294985
1 0.863716814159292 0.3846607669616519 0.03657817109144543 0.054277286135693215
0 0.8480825958702065 0.5150442477876106 0.03952802359882006 0.07905604719764012
0 0.8498525073746312 0.6327433628318584 0.04070796460176991 0.06312684365781711
0 0.8486725663716814 0.8256637168141593 0.057227138643067846 0.07374631268436578
0 0.7056047197640118 0.8392330383480826 0.08259587020648967 0.06902654867256637
0 0.5050147492625369 0.771976401179941 0.06489675516224189 0.06312684365781711
0 0.508259587020649 0.603834808259587 0.04188790560471976 0.061946902654867256
0 0.6837758112094395 0.6206489675516225 0.044837758112094395 0.06607669616519174
0 0.3696165191740413 0.7802359882005899 0.03480825958702065 0.07256637168141593
0 0.3705014749262537 0.6970501474926254 0.044837758112094395 0.05014749262536873
0 0.2271386430678466 0.8300884955752212 0.03421828908554572 0.09557522123893805
0 0.1359882005899705 0.8008849557522124 0.0808259587020649 0.03716814159292035
0 0.12802359882005898 0.6778761061946903 0.04601769911504425 0.1616519174041298
0 0.21179941002949854 0.6920353982300885 0.058997050147492625 0.10501474926253687
0 0.2215339233038348 0.5501474926253688 0.05368731563421829 0.1056047197640118
0 0.13569321533923304 0.532448377581121 0.06725663716814159 0.07846607669616519
0 0.3595870206489675 0.46814159292035395 0.05486725663716814 0.05604719764011799
0 0.5289085545722714 0.471976401179941 0.05368731563421829 0.06489675516224189
0 0.6917404129793511 0.5162241887905604 0.032448377581120944 0.08613569321533923
0 0.684070796460177 0.3831858407079646 0.038348082595870206 0.038348082595870206
0 0.5463126843657817 0.33126843657817107 0.07315634218289085 0.05486725663716814
0 0.36666666666666664 0.3489675516224189 0.05486725663716814 0.07728613569321534
0 0.22920353982300884 0.3079646017699115 0.04660766961651917 0.10973451327433628
0 0.12772861356932153 0.3168141592920354 0.03952802359882006 0.06843657817109144
0 0.12182890855457226 0.24041297935103245 0.05958702064896755 0.08200589970501475
0 0.2342182890855457 0.18436578171091444 0.03657817109144543 0.05014749262536873
0 0.37669616519174043 0.17728613569321533 0.11976401179941003 0.05014749262536873
0 0.5333333333333333 0.25663716814159293 0.03893805309734513 0.04837758112094395
0 0.7047197640117994 0.22772861356932153 0.03952802359882006 0.0471976401179941
0 0.6814159292035398 0.061946902654867256 0.10619469026548672 0.05073746312684366
0 0.5359882005899705 0.11976401179941003 0.033628318584070796 0.03421828908554572
0 0.4050147492625369 0.0687315634218289 0.04070796460176991 0.07020648967551622
0 0.2604719764011799 0.06047197640117994 0.04542772861356932 0.06784660766961652
0 0.1191740412979351 0.06165191740412979 0.05663716814159292 0.09616519174041298
