0 0.8781710914454277 0.058997050147492625 0.0607669616519174 0.10383480825958702
0 0.8817109144542773 0.23067846607669618 0.07020648967551622 0.0696165191740413
0 0.879646017699115 0.32123893805309733 0.05781710914454277 0.0607669616519174
0 0.8702064896755162 0.5321533923303835 0.08023598820058997 0.08731563421828908
0 0.8887905604719764 0.6557522123893805 0.05014749262536873 0.1528023598820059
0 0.8622418879056047 0.7997050147492625 0.08436578171091445 0.047787610619469026
0 0.7899705014749262 0.8345132743362832 0.06843657817109144 0.09498525073746313
0 0.771976401179941 0.6837758112094395 0.05604719764011799 0.10855457227138643
0 0.7793510324483776 0.5501474926253688 0.07079646017699115 0.1079646017699115
0 0.7870206489675516 0.30914454277286135 0.054277286135693215 0.11563421828908554
0 0.751622418879056 0.18584070796460178 0.05781710914454277 0.05073746312684366
0 0.6522123893805309 0.1743362831858407 0.11976401179941003 0.061946902654867256
0 0.631858407079646 0.37374631268436576 0.058997050147492625 0.10678466076696165
0 0.6386430678466076 0.46430678466076697 0.05368731563421829 0.06017699115044248
0 0.6380530973451327 0.6926253687315634 0.07138643067846608 0.06135693215339233
0 0.6286135693215339 0.7828908554572271 0.04070796460176991 0.08967551622418879
0 0.4935103244837758 0.771976401179941 0.0607669616519174 0.0607669616519174
0 0.2952802359882006 0.8374631268436578 0.07964601769911504 0.07020648967551622
1 0.15398230088495574 0.8182890855457227 0.054277286135693215 0.06607669616519174
0 0.15132743362831858 0.6333333333333333 0.03952802359882006 0.06312684365781711
0 0.3200589970501475 0.6238938053097345 0.05368731563421829 0.05604719764011799
0 0.5002949852507375 0.6035398230088496 0.06017699115044248 0.06017699115044248
0 0.47109144542772863 0.4687315634218289 0.057227138643067846 0.07374631268436578
0 0.3041297935103245 0.5144542772861357 0.04070796460176991 0.09321533923303835
0 0.15191740412979352 0.5135693215339233 0.04660766961651917 0.07492625368731563
1 0.13126843657817108 0.38259587020648966 0.04070796460176991 0.061946902654867256
0 0.7474926253687315 0.058997050147492625 0.0743362831858407 0.044837758112094395
0 0.5979351032448378 0.0584070796460177 0.04188790560471976 0.0743362831858407
0 0.4646017699115044 0.1200589970501475 0.03126843657817109 0.04070796460176991
0 0.47286135693215336 0.2616519174041298 0.08436578171091445 0.06430678466076696
0 0.4533923303834808 0.33362831858407077 0.07020648967551622 0.04896755162241888
0 0.3079646017699115 0.3554572271386431 0.05191740412979351 0.07846607669616519
0 0.3029498525073746 0.22359882005899706 0.06430678466076696 0.05073746312684366
0 0.3206489675516224 0.05457227138643068 0.10206489675516224 0.04896755162241888
0 0.1480825958702065 0.10412979351032448 0.03421828908554572 0.03952802359882006
0 0.1407079646017699 0.22566371681415928 0.06312684365781711 0.06666666666666667
