1 0.8533923303834808 0.08967551622418879 0.03480825958702065 0.03421828908554572
1 0.8737463126843658 0.3017699115044248 0.035398230088495575 0.028908554572271386
1 0.8616519174041298 0.46430678466076697 0.03126843657817109 0.035398230088495575
0 0.8572271386430679 0.559882005899705 0.029498525073746312 0.04129793510324484
1 0.8648967551622418 0.708259587020649 0.020058997050147492 0.0359882005899705
1 0.8964601769911504 0.8828908554572271 0.032448377581120944 0.032448377581120944
1 0.6935103244837758 0.8584070796460177 0.027728613569321534 0.03893805309734513
1 0.5474926253687316 0.8707964601769911 0.03421828908554572 0.03657817109144543
1 0.4097345132743363 0.8147492625368732 0.033628318584070796 0.03657817109144543
1 0.25604719764011796 0.8324483775811209 0.02359882005899705 0.03657817109144543
1 0.06843657817109144 0.8333333333333334 0.03657817109144543 0.03126843657817109
1 0.07345132743362831 0.7047197640117994 0.03480825958702065 0.03126843657817109
1 0.25899705014749264 0.6908554572271386 0.03775811209439528 0.029498525073746312
1 0.38820058997050144 0.7221238938053097 0.035398230088495575 0.03303834808259587
1 0.54070796460177 0.7141592920353982 0.033628318584070796 0.043067846607669616
1 0.7070796460176991 0.707669616519174 0.032448377581120944 0.02536873156342183
1 0.7112094395280236 0.5952802359882006 0.02654867256637168 0.03775811209439528
1 0.5504424778761062 0.5796460176991151 0.02831858407079646 0.024188790560471976
1 0.38908554572271387 0.5775811209439528 0.033628318584070796 0.022418879056047197
1 0.24837758112094394 0.5858407079646017 0.02831858407079646 0.03421828908554572
1 0.06017699115044248 0.5961651917404129 0.030678466076696165 0.0359882005899705
1 0.06047197640117994 0.4592920353982301 0.027728613569321534 0.02654867256637168
1 0.22389380530973452 0.4336283185840708 0.02654867256637168 0.04365781710914454
1 0.37079646017699114 0.463716814159292 0.02536873156342183 0.044837758112094395
1 0.5513274336283186 0.4451327433628319 0.032448377581120944 0.02654867256637168
1 0.707669616519174 0.4377581120943953 0.027728613569321534 0.02359882005899705
1 0.664306784660767 0.30855457227138644 0.022418879056047197 0.04601769911504425
1 0.5454277286135694 0.28466076696165193 0.04070796460176991 0.028908554572271386
1 0.3710914454277286 0.3351032448377581 0.035398230088495575 0.035398230088495575
1 0.2182890855457227 0.3339233038348083 0.027138643067846607 0.040117994100294985
1 0.0663716814159292 0.3185840707964602 0.02654867256637168 0.024778761061946902
1 0.06371681415929203 0.1448377581120944 0.027138643067846607 0.019469026548672566
1 0.17256637168141592 0.18377581120943953 0.03126843657817109 0.033628318584070796
1 0.35339233038348083 0.16902654867256636 0.030678466076696165 0.038348082595870206
1 0.5215339233038347 0.1410029498525074 0.03775811209439528 0.02831858407079646
1 0.6985250737463127 0.11976401179941003 0.03303834808259587 0.03421828908554572
