1 0.1135693215339233 0.12448377581120944 0.03126843657817109 0.035398230088495575
1 0.30324483775811206 0.14424778761061946 0.024778761061946902 0.04070796460176991
1 0.4533923303834808 0.1271386430678466 0.0359882005899705 0.03480825958702065
1 0.5876106194690265 0.18613569321533924 0.03185840707964602 0.032448377581120944
1 0.740117994100295 0.17876106194690267 0.033628318584070796 0.03893805309734513
1 0.9309734513274336 0.16607669616519175 0.03303834808259587 0.033628318584070796
1 0.9221238938053097 0.2929203539823009 0.03775811209439528 0.032448377581120944
1 0.9418879056047198 0.40353982300884955 0.033628318584070796 0.03893805309734513
1 0.9380530973451328 0.5424778761061947 0.030678466076696165 0.03126843657817109
1 0.931858407079646 0.6905604719764011 0.032448377581120944 0.03008849557522124
1 0.9398230088495575 0.8528023598820059 0.029498525073746312 0.027728613569321534
1 0.8165191740412979 0.8135693215339233 0.029498525073746312 0.04247787610619469
1 0.6303834808259587 0.8404129793510324 0.0359882005899705 0.04188790560471976
1 0.4775811209439528 0.859882005899705 0.033628318584070796 0.04188790560471976
1 0.30029498525073745 0.8817109144542773 0.02831858407079646 0.032448377581120944
1 0.13805309734513274 0.9067846607669616 0.04365781710914454 0.03775811209439528
1 0.12861356932153392 0.6920353982300885 0.03657817109144543 0.035398230088495575
1 0.335693215339233 0.6946902654867256 0.022418879056047197 0.05486725663716814
1 0.4604719764011799 0.7132743362831858 0.03716814159292035 0.035398230088495575
1 0.6262536873156342 0.6584070796460177 0.033628318584070796 0.04129793510324484
1 0.7740412979351032 0.6737463126843658 0.029498525073746312 0.03775811209439528
1 0.7666666666666666 0.5654867256637168 0.033628318584070796 0.04896755162241888
1 0.6292035398230088 0.5383480825958702 0.02536873156342183 0.05014749262536873
1 0.7513274336283186 0.4103244837758112 0.033628318584070796 0.033628318584070796
1 0.6064896755162241 0.4194690265486726 0.03303834808259587 0.027138643067846607
1 0.45014749262536874 0.5572271386430678 0.035398230088495575 0.032448377581120944
1 0.2884955752212389 0.5613569321533923 0.029498525073746312 0.028908554572271386
1 0.13657817109144543 0.532448377581121 0.03008849557522124 0.04542772861356932
1 0.1424778761061947 0.4424778761061947 0.032448377581120944 0.044837758112094395
1 0.29321533923303833 0.40353982300884955 0.03657817109144543 0.04247787610619469
1 0.4492625368731563 0.42035398230088494 0.03716814159292035 0.02536873156342183
1 0.4451327433628319 0.33244837758112095 0.033628318584070796 0.04070796460176991
1 0.6017699115044248 0.2592920353982301 0.035398230088495575 0.03480825958702065
1 0.7412979351032448 0.3 0.0359882005899705 0.032448377581120944
1 0.29233038348082596 0.29557522123893804 0.03480825958702065 0.022418879056047197
1 0.13451327433628318 0.2949852507374631 0.02831858407079646 0.030678466076696165
