0 0.852212389380531 0.14749262536873156 0.04542772861356932 0.04247787610619469
0 0.8277286135693215 0.29233038348082596 0.07079646017699115 0.05368731563421829
0 0.8489675516224189 0.4407079646017699 0.035398230088495575 0.035398230088495575
0 0.8448377581120944 0.5837758112094396 0.05781710914454277 0.05486725663716814
0 0.7395280235988201 0.8106194690265487 0.057227138643067846 0.03893805309734513
1 0.6637168141592921 0.7321533923303835 0.05191740412979351 0.04247787610619469
1 0.5902654867256637 0.8654867256637168 0.038348082595870206 0.03303834808259587
1 0.5584070796460177 0.6941002949852507 0.04188790560471976 0.05604719764011799
1 0.6775811209439528 0.5480825958702065 0.05486725663716814 0.0471976401179941
1 0.7103244837758111 0.41150442477876104 0.05309734513274336 0.05604719764011799
1 0.5203539823008849 0.25663716814159293 0.05781710914454277 0.040117994100294985
0 0.7200589970501475 0.1584070796460177 0.03716814159292035 0.04542772861356932
0 0.7064896755162242 0.29557522123893804 0.05368731563421829 0.049557522123893805
0 0.5988200589970502 0.40825958702064896 0.08259587020648967 0.08495575221238938
0 0.5607669616519174 0.5371681415929204 0.04896755162241888 0.04070796460176991
0 0.44837758112094395 0.6908554572271386 0.054277286135693215 0.0967551622418879
0 0.4176991150442478 0.5415929203539823 0.07669616519174041 0.06607669616519174
1 0.29380530973451324 0.5256637168141592 0.04365781710914454 0.04129793510324484
0 0.23539823008849559 0.6610619469026549 0.05073746312684366 0.0607669616519174
1 0.15575221238938053 0.6569321533923304 0.05073746312684366 0.05132743362831858
0 0.1823008849557522 0.7920353982300885 0.0471976401179941 0.04660766961651917
1 0.16106194690265485 0.49970501474926254 0.044837758112094395 0.054277286135693215
0 0.17138643067846607 0.38259587020648966 0.07020648967551622 0.05604719764011799
0 0.2952802359882006 0.37256637168141593 0.07492625368731563 0.047787610619469026
0 0.47345132743362833 0.37315634218289084 0.047787610619469026 0.07964601769911504
0 0.39646017699115044 0.3206489675516224 0.0696165191740413 0.057227138643067846
1 0.2663716814159292 0.2607669616519174 0.03952802359882006 0.035398230088495575
0 0.15191740412979352 0.2377581120943953 0.04660766961651917 0.044837758112094395
0 0.12330383480825959 0.12831858407079647 0.0696165191740413 0.04188790560471976
1 0.2761061946902655 0.10324483775811209 0.03421828908554572 0.03775811209439528
0 0.35575221238938054 0.16430678466076695 0.029498525073746312 0.038348082595870206
1 0.5067846607669616 0.1200589970501475 0.030678466076696165 0.033628318584070796
0 0.3958702064896755 0.8404129793510324 0.05073746312684366 0.07256637168141593
0 0.3958702064896755 0.7722713864306785 0.07551622418879056 0.04601769911504425
0 0.7604719764011799 0.736283185840708 0.05663716814159292 0.07079646017699115
0 0.8607669616519174 0.8259587020648967 0.06253687315634218 0.05073746312684366
