0 0.8852507374631269 0.17227138643067846 0.05486725663716814 0.08613569321533923
1 0.8474926253687316 0.3345132743362832 0.038348082595870206 0.05073746312684366
0 0.851622418879056 0.40353982300884955 0.04070796460176991 0.04247787610619469
0 0.8896755162241887 0.5389380530973451 0.049557522123893805 0.04070796460176991
0 0.8887905604719764 0.7283185840707964 0.05604719764011799 0.06902654867256637
0 0.8970501474926253 0.8802359882005899 0.04188790560471976 0.04129793510324484
0 0.7970501474926254 0.8445427728613569 0.0743362831858407 0.09852507374631268
0 0.6501474926253688 0.8908554572271387 0.03657817109144543 0.04247787610619469
0 0.5129793510324484 0.859882005899705 0.11622418879056047 0.08200589970501475
0 0.36902654867256635 0.8581120943952802 0.07610619469026549 0.10206489675516224
0 0.23480825958702065 0.824188790560472 0.05781710914454277 0.07669616519174041
0 0.21091445427728614 0.7631268436578171 0.1303834808259587 0.047787610619469026
0 0.33244837758112095 0.7424778761061946 0.09262536873156342 0.07138643067846608
1 0.5011799410029498 0.7194690265486725 0.047787610619469026 0.04424778761061947
0 0.6581120943952802 0.7351032448377581 0.07728613569321534 0.04247787610619469
1 0.7666666666666666 0.7289085545722713 0.05132743362831858 0.033628318584070796
0 0.7309734513274336 0.5876106194690265 0.10501474926253687 0.06725663716814159
0 0.6206489675516225 0.5480825958702065 0.0696165191740413 0.1486725663716814
1 0.4941002949852507 0.6050147492625368 0.05604719764011799 0.04660766961651917
0 0.3292035398230089 0.5383480825958702 0.1191740412979351 0.05604719764011799
0 0.21799410029498525 0.5740412979351033 0.043067846607669616 0.04365781710914454
0 0.463716814159292 0.47935103244837757 0.05191740412979351 0.05014749262536873
0 0.34041297935103243 0.42684365781710915 0.1191740412979351 0.11386430678466077
0 0.2144542772861357 0.44896755162241886 0.047787610619469026 0.06253687315634218
0 0.22920353982300884 0.3309734513274336 0.11976401179941003 0.10501474926253687
0 0.3123893805309734 0.3247787610619469 0.05486725663716814 0.05604719764011799
0 0.45368731563421827 0.3351032448377581 0.06725663716814159 0.06371681415929203
0 0.5899705014749262 0.3991150442477876 0.10383480825958702 0.07374631268436578
0 0.7020648967551623 0.3852507374631268 0.0696165191740413 0.15693215339233038
0 0.7253687315634219 0.2713864306784661 0.03480825958702065 0.04247787610619469
1 0.7474926253687315 0.16371681415929204 0.03775811209439528 0.032448377581120944
0 0.5657817109144543 0.24188790560471976 0.13215339233038348 0.12035398230088495
0 0.6150442477876106 0.15191740412979352 0.1351032448377581 0.11032448377581121
0 0.4451327433628319 0.15899705014749263 0.05604719764011799 0.10914454277286136
0 0.3430678466076696 0.2112094395280236 0.05132743362831858 0.08731563421828908
0 0.22920353982300884 0.20265486725663717 0.16814159292035397 0.07492625368731563
