0 0.9035398230088495 0.22123893805309736 0.10206489675516224 0.17581120943952802
0 0.8979351032448377 0.34837758112094397 0.10501474926253687 0.1882005899705015
0 0.8899705014749263 0.4941002949852507 0.12094395280235988 0.08790560471976401
1 0.8442477876106195 0.6017699115044248 0.022418879056047197 0.044837758112094395
0 0.8507374631268436 0.6864306784660766 0.08967551622418879 0.04896755162241888
1 0.6920353982300885 0.7179941002949852 0.03657817109144543 0.03893805309734513
1 0.48849557522123893 0.48200589970501473 0.04837758112094395 0.025958702064896755
1 0.32418879056047195 0.42566371681415927 0.047787610619469026 0.047787610619469026
1 0.6734513274336283 0.1935103244837758 0.02654867256637168 0.029498525073746312
1 0.7530973451327434 0.32271386430678467 0.032448377581120944 0.03775811209439528
0 0.8 0.20117994100294984 0.08141592920353982 0.15103244837758112
1 0.747787610619469 0.4392330383480826 0.043067846607669616 0.038348082595870206
0 0.6766961651917404 0.5843657817109145 0.18289085545722714 0.09262536873156342
0 0.5896755162241888 0.5330383480825959 0.05604719764011799 0.1303834808259587
0 0.528023598820059 0.5811209439528023 0.05663716814159292 0.03775811209439528
0 0.5011799410029498 0.36430678466076694 0.18584070796460178 0.06666666666666667
0 0.6188790560471976 0.340117994100295 0.05073746312684366 0.1351032448377581
0 0.5356932153392331 0.1905604719764012 0.03185840707964602 0.07669616519174041
0 0.4253687315634218 0.20117994100294984 0.10147492625368731 0.12035398230088495
0 0.3693215339233038 0.307669616519174 0.09793510324483776 0.17168141592920355
0 0.24837758112094394 0.2545722713864307 0.06843657817109144 0.16342182890855456
0 0.2536873156342183 0.3 0.058997050147492625 0.043067846607669616
0 0.22861356932153393 0.44837758112094395 0.08672566371681416 0.0471976401179941
0 0.396165191740413 0.6020648967551623 0.09144542772861357 0.1952802359882006
0 0.4784660766961652 0.7188790560471976 0.15457227138643068 0.057227138643067846
0 0.38259587020648966 0.7498525073746313 0.0607669616519174 0.0967551622418879
0 0.6929203539823009 0.8675516224188791 0.1303834808259587 0.1421828908554572
0 0.4864306784660767 0.8873156342182891 0.07728613569321534 0.1640117994100295
0 0.21533923303834807 0.752802359882006 0.19823008849557522 0.08849557522123894
0 0.3359882005899705 0.8758112094395281 0.07964601769911504 0.20943952802359883
0 0.1336283185840708 0.9056047197640118 0.1374631268436578 0.0943952802359882
0 0.8622418879056047 0.8551622418879056 0.10442477876106195 0.12212389380530973
0 0.22566371681415928 0.5970501474926253 0.08672566371681416 0.05073746312684366
0 0.5843657817109145 0.45722713864306785 0.09262536873156342 0.1415929203539823
