1 0.11858407079646018 0.1224188790560472 0.029498525073746312 0.02182890855457227
1 0.2790560471976401 0.14277286135693215 0.030678466076696165 0.025958702064896755
1 0.44837758112094395 0.1528023598820059 0.03185840707964602 0.021238938053097345
1 0.6044247787610619 0.15368731563421828 0.03480825958702065 0.02536873156342183
1 0.7589970501474926 0.15988200589970503 0.03480825958702065 0.015339233038348082
1 0.9345132743362832 0.1672566371681416 0.03185840707964602 0.01710914454277286
1 0.9351032448377581 0.28466076696165193 0.03421828908554572 0.024188790560471976
1 0.9339233038348083 0.40530973451327434 0.030678466076696165 0.021238938053097345
1 0.9342182890855457 0.5510324483775811 0.02654867256637168 0.022418879056047197
1 0.9277286135693216 0.7011799410029499 0.032448377581120944 0.02182890855457227
1 0.9333333333333333 0.8584070796460177 0.029498525073746312 0.020058997050147492
1 0.7551622418879056 0.8619469026548673 0.02831858407079646 0.017699115044247787
1 0.6185840707964602 0.8589970501474926 0.032448377581120944 0.02359882005899705
1 0.4463126843657817 0.8772861356932153 0.027728613569321534 0.02359882005899705
1 0.296165191740413 0.8823008849557522 0.02831858407079646 0.03126843657817109
1 0.12536873156342182 0.891740412979351 0.028908554572271386 0.02654867256637168
1 0.1168141592920354 0.7221238938053097 0.035398230088495575 0.022418879056047197
1 0.2994100294985251 0.7153392330383481 0.032448377581120944 0.02536873156342183
1 0.45073746312684365 0.7011799410029499 0.03421828908554572 0.02182890855457227
1 0.6126843657817109 0.6970501474926254 0.038348082595870206 0.02536873156342183
1 0.7507374631268436 0.7032448377581121 0.02654867256637168 0.01887905604719764
1 0.7566371681415929 0.5533923303834808 0.033628318584070796 0.022418879056047197
1 0.6079646017699115 0.5551622418879056 0.03126843657817109 0.022418879056047197
1 0.4463126843657817 0.5563421828908555 0.03126843657817109 0.022418879056047197
1 0.28643067846607667 0.5622418879056047 0.027728613569321534 0.020058997050147492
1 0.12212389380530973 0.5587020648967551 0.02831858407079646 0.021238938053097345
1 0.12654867256637167 0.4182890855457227 0.032448377581120944 0.03185840707964602
1 0.2861356932153392 0.42271386430678465 0.030678466076696165 0.02536873156342183
1 0.44837758112094395 0.42330383480825956 0.03185840707964602 0.02536873156342183
1 0.6064896755162241 0.42212389380530974 0.030678466076696165 0.018289085545722714
1 0.7498525073746313 0.41474926253687316 0.030678466076696165 0.022418879056047197
1 0.7545722713864307 0.28407079646017697 0.03185840707964602 0.02536873156342183
1 0.6064896755162241 0.29380530973451324 0.030678466076696165 0.022418879056047197
1 0.44601769911504424 0.30029498525073745 0.029498525073746312 0.02359882005899705
1 0.2920353982300885 0.29882005899705016 0.030678466076696165 0.02654867256637168
1 0.12035398230088495 0.2855457227138643 0.03421828908554572 0.020058997050147492
