0 0.8592920353982301 0.19793510324483776 0.08436578171091445 0.05486725663716814
0 0.8905604719764012 0.34365781710914456 0.047787610619469026 0.1528023598820059
0 0.8651917404129793 0.4672566371681416 0.07020648967551622 0.08259587020648967
0 0.7775811209439528 0.44896755162241886 0.06725663716814159 0.11091445427728613
0 0.8749262536873156 0.6814159292035398 0.0471976401179941 0.0696165191740413
0 0.8811209439528024 0.7631268436578171 0.06666666666666667 0.07846607669616519
0 0.8805309734513275 0.9377581120943953 0.05604719764011799 0.1056047197640118
0 0.7407079646017699 0.9469026548672567 0.07138643067846608 0.05309734513274336
1 0.591740412979351 0.9342182890855457 0.06607669616519174 0.06430678466076696
0 0.7525073746312684 0.8141592920353982 0.05958702064896755 0.05781710914454277
0 0.6466076696165192 0.8188790560471977 0.12507374631268436 0.05073746312684366
0 0.47227138643067845 0.7392330383480826 0.07728613569321534 0.05663716814159292
0 0.640117994100295 0.631858407079646 0.05663716814159292 0.11091445427728613
0 0.7896755162241887 0.6887905604719764 0.05486725663716814 0.12920353982300886
1 0.4640117994100295 0.8817109144542773 0.032448377581120944 0.04070796460176991
0 0.31976401179941005 0.9442477876106194 0.09557522123893805 0.05958702064896755
0 0.14660766961651917 0.8938053097345132 0.04660766961651917 0.04247787610619469
0 0.30501474926253686 0.7743362831858407 0.0743362831858407 0.05014749262536873
0 0.1415929203539823 0.7749262536873156 0.06489675516224189 0.07374631268436578
0 0.45309734513274336 0.6678466076696166 0.07315634218289085 0.05191740412979351
0 0.6383480825958702 0.5348082595870206 0.05781710914454277 0.052507374631268436
0 0.47109144542772863 0.5309734513274336 0.057227138643067846 0.07551622418879056
0 0.3088495575221239 0.6303834808259587 0.05604719764011799 0.057227138643067846
1 0.1359882005899705 0.6174041297935103 0.03952802359882006 0.05486725663716814
0 0.15368731563421828 0.4870206489675516 0.038348082595870206 0.08790560471976401
0 0.307669616519174 0.48436578171091443 0.04070796460176991 0.0943952802359882
0 0.5035398230088496 0.4 0.04896755162241888 0.06843657817109144
0 0.3185840707964602 0.37315634218289084 0.05545722713864307 0.05486725663716814
0 0.1471976401179941 0.3672566371681416 0.04424778761061947 0.06312684365781711
0 0.6368731563421829 0.30501474926253686 0.07138643067846608 0.06725663716814159
0 0.6448377581120944 0.22595870206489677 0.06607669616519174 0.0743362831858407
0 0.7825958702064897 0.308259587020649 0.05486725663716814 0.1079646017699115
0 0.7890855457227138 0.17138643067846607 0.06430678466076696 0.11504424778761062
0 0.49616519174041296 0.22920353982300884 0.06607669616519174 0.06430678466076696
0 0.2949852507374631 0.1616519174041298 0.08141592920353982 0.07079646017699115
1 0.15398230088495574 0.18259587020648968 0.058997050147492625 0.061946902654867256
