0 0.8469026548672566 0.08466076696165192 0.038348082595870206 0.0359882005899705
1 0.859882005899705 0.2312684365781711 0.0607669616519174 0.049557522123893805
1 0.8648967551622418 0.3828908554572271 0.03657817109144543 0.054277286135693215
0 0.8471976401179941 0.5103244837758112 0.03775811209439528 0.071976401179941
0 0.8492625368731563 0.6262536873156342 0.03952802359882006 0.04896755162241888
0 0.8466076696165191 0.8188790560471977 0.054277286135693215 0.06253687315634218
0 0.7056047197640118 0.827433628318584 0.08259587020648967 0.04542772861356932
0 0.5008849557522124 0.7811209439528024 0.05663716814159292 0.044837758112094395
0 0.48436578171091443 0.6044247787610619 0.07079646017699115 0.061946902654867256
0 0.6808259587020649 0.6309734513274337 0.044837758112094395 0.047787610619469026
0 0.3696165191740413 0.7873156342182891 0.03480825958702065 0.08672566371681416
0 0.3607669616519174 0.6929203539823009 0.06784660766961652 0.05604719764011799
0 0.20117994100294984 0.824188790560472 0.08259587020648967 0.071976401179941
0 0.13333333333333333 0.8026548672566372 0.08141592920353982 0.043067846607669616
0 0.07345132743362831 0.6522123893805309 0.12802359882005898 0.1457227138643068
0 0.22507374631268437 0.6884955752212389 0.04660766961651917 0.10147492625368731
0 0.20855457227138643 0.5545722713864307 0.06902654867256637 0.08023598820058997
0 0.13333333333333333 0.5480825958702065 0.09911504424778761 0.06253687315634218
0 0.3595870206489675 0.46814159292035395 0.05486725663716814 0.05604719764011799
0 0.5312684365781711 0.4725663716814159 0.0584070796460177 0.06607669616519174
0 0.6905604719764011 0.5191740412979351 0.03008849557522124 0.08613569321533923
0 0.6884955752212389 0.35457227138643066 0.0471976401179941 0.05309734513274336
0 0.543952802359882 0.33952802359882006 0.06843657817109144 0.038348082595870206
0 0.36578171091445427 0.3746312684365782 0.054277286135693215 0.09911504424778761
0 0.23392330383480825 0.2849557522123894 0.08790560471976401 0.08023598820058997
0 0.11238938053097344 0.3221238938053097 0.05604719764011799 0.06725663716814159
0 0.11061946902654868 0.2294985250737463 0.06784660766961652 0.06725663716814159
0 0.24188790560471976 0.18908554572271385 0.05191740412979351 0.04896755162241888
0 0.34188790560471977 0.16194690265486725 0.0831858407079646 0.07610619469026549
0 0.5262536873156343 0.25899705014749264 0.06725663716814159 0.05663716814159292
0 0.6991150442477876 0.22300884955752212 0.06135693215339233 0.04247787610619469
0 0.6699115044247788 0.050442477876106194 0.10914454277286136 0.043067846607669616
0 0.5368731563421829 0.11858407079646018 0.035398230088495575 0.03657817109144543
0 0.41002949852507375 0.04424778761061947 0.05545722713864307 0.06725663716814159
0 0.24129793510324482 0.03510324483775811 0.07315634218289085 0.06430678466076696
0 0.12212389380530973 0.06283185840707964 0.05073746312684366 0.09380530973451327
