0 0.871976401179941 0.09469026548672566 0.143952802359882 0.09970501474926254
0 0.784070796460177 0.23893805309734512 0.19823008849557522 0.08967551622418879
0 0.7663716814159292 0.4061946902654867 0.08141592920353982 0.047787610619469026
0 0.772566371681416 0.5519174041297935 0.08436578171091445 0.04660766961651917
0 0.7480825958702064 0.7005899705014749 0.05073746312684366 0.043067846607669616
0 0.7392330383480826 0.747197640117994 0.08495575221238938 0.16578171091445426
0 0.6294985250737463 0.6893805309734513 0.10265486725663717 0.17876106194690267
0 0.5979351032448378 0.8147492625368732 0.1457227138643068 0.09793510324483776
0 0.4592920353982301 0.8106194690265487 0.033628318584070796 0.08731563421828908
1 0.3286135693215339 0.8085545722713864 0.02831858407079646 0.032448377581120944
1 0.24778761061946902 0.6784660766961652 0.027138643067846607 0.02831858407079646
1 0.24837758112094394 0.55929203539823 0.030678466076696165 0.03303834808259587
1 0.5123893805309735 0.5162241887905604 0.047787610619469026 0.029498525073746312
1 0.6737463126843658 0.5707964601769911 0.044837758112094395 0.047787610619469026
1 0.15427728613569322 0.40117994100294985 0.023008849557522124 0.04129793510324484
0 0.4775811209439528 0.4191740412979351 0.052507374631268436 0.04188790560471976
0 0.6067846607669617 0.39764011799410026 0.09262536873156342 0.20176991150442478
0 0.6731563421828909 0.11976401179941003 0.06607669616519174 0.215929203539823
0 0.6221238938053097 0.24867256637168142 0.06430678466076696 0.09262536873156342
0 0.5250737463126843 0.2831858407079646 0.16283185840707964 0.054277286135693215
0 0.5112094395280236 0.10619469026548672 0.07610619469026549 0.1616519174041298
0 0.3129793510324484 0.13451327433628318 0.12920353982300886 0.15339233038348082
0 0.3058997050147493 0.28112094395280235 0.0359882005899705 0.047787610619469026
0 0.13893805309734514 0.14454277286135692 0.10088495575221239 0.10973451327433628
0 0.1471976401179941 0.31622418879056047 0.09616519174041298 0.05073746312684366
0 0.32359882005899704 0.4126843657817109 0.1870206489675516 0.09380530973451327
0 0.4117994100294985 0.4654867256637168 0.06017699115044248 0.12625368731563422
0 0.4168141592920354 0.5424778761061947 0.09262536873156342 0.1374631268436578
0 0.5047197640117994 0.6395280235988201 0.1952802359882006 0.06489675516224189
0 0.21061946902654866 0.7861356932153393 0.10383480825958702 0.12448377581120944
0 0.09882005899705015 0.7799410029498525 0.1056047197640118 0.17699115044247787
0 0.10678466076696165 0.6513274336283186 0.10383480825958702 0.18053097345132743
0 0.11209439528023599 0.5053097345132743 0.12861356932153392 0.08790560471976401
0 0.3855457227138643 0.6519174041297935 0.04660766961651917 0.11799410029498525
