0 0.8563421828908554 0.09852507374631268 0.04188790560471976 0.03657817109144543
1 0.8551622418879056 0.2607669616519174 0.05132743362831858 0.04129793510324484
1 0.8657817109144542 0.39469026548672564 0.038348082595870206 0.040117994100294985
0 0.852212389380531 0.5250737463126843 0.03952802359882006 0.07905604719764012
0 0.8525073746312685 0.663126843657817 0.03893805309734513 0.03185840707964602
0 0.852212389380531 0.8454277286135693 0.05132743362831858 0.05191740412979351
0 0.6887905604719764 0.8306784660766962 0.03480825958702065 0.071976401179941
0 0.5029498525073747 0.7870206489675516 0.06430678466076696 0.058997050147492625
0 0.515339233038348 0.6292035398230088 0.038348082595870206 0.061946902654867256
0 0.6867256637168142 0.6356932153392331 0.04247787610619469 0.0584070796460177
0 0.37079646017699114 0.7988200589970501 0.033628318584070796 0.06843657817109144
0 0.36696165191740415 0.6837758112094395 0.040117994100294985 0.06253687315634218
0 0.2303834808259587 0.8353982300884956 0.038348082595870206 0.0967551622418879
0 0.140117994100295 0.812094395280236 0.0808259587020649 0.03716814159292035
0 0.12831858407079647 0.6914454277286135 0.04660766961651917 0.11209439528023599
0 0.2215339233038348 0.691150442477876 0.0359882005899705 0.08790560471976401
0 0.22861356932153393 0.5563421828908555 0.04542772861356932 0.09321533923303835
0 0.13628318584070798 0.5342182890855457 0.058997050147492625 0.07610619469026549
0 0.3631268436578171 0.48348082595870207 0.047787610619469026 0.047787610619469026
0 0.5306784660766961 0.48672566371681414 0.05132743362831858 0.06607669616519174
0 0.692330383480826 0.5277286135693215 0.033628318584070796 0.06902654867256637
0 0.6908554572271386 0.3870206489675516 0.04837758112094395 0.058997050147492625
0 0.5469026548672566 0.34041297935103243 0.06371681415929203 0.05309734513274336
0 0.3693215339233038 0.34572271386430675 0.0471976401179941 0.06135693215339233
0 0.22831858407079647 0.335693215339233 0.04247787610619469 0.10383480825958702
0 0.12831858407079647 0.33628318584070793 0.038348082595870206 0.08731563421828908
0 0.12448377581120944 0.252212389380531 0.05663716814159292 0.06902654867256637
0 0.24985250737463127 0.20914454277286135 0.0584070796460177 0.05486725663716814
0 0.3905604719764012 0.19410029498525072 0.0943952802359882 0.07315634218289085
0 0.5336283185840708 0.26843657817109146 0.033628318584070796 0.05309734513274336
0 0.7053097345132743 0.2424778761061947 0.04070796460176991 0.054277286135693215
0 0.699410029498525 0.07787610619469026 0.04188790560471976 0.05781710914454277
0 0.5404129793510324 0.1368731563421829 0.035398230088495575 0.03657817109144543
0 0.4032448377581121 0.07787610619469026 0.04070796460176991 0.06725663716814159
0 0.26312684365781713 0.06814159292035399 0.04601769911504425 0.07728613569321534
0 0.11976401179941003 0.08171091445427728 0.04365781710914454 0.07256637168141593
