0 0.7622418879056048 0.17522123893805308 0.06725663716814159 0.08613569321533923
0 0.7684365781710915 0.24129793510324482 0.11386430678466077 0.05781710914454277
0 0.7825958702064897 0.4259587020648967 0.04070796460176991 0.0471976401179941
0 0.7799410029498525 0.551622418879056 0.035398230088495575 0.05545722713864307
0 0.7705014749262536 0.6702064896755162 0.11091445427728613 0.10383480825958702
0 0.764306784660767 0.7846607669616519 0.18112094395280237 0.071976401179941
0 0.6522123893805309 0.783480825958702 0.04660766961651917 0.08259587020648967
0 0.6870206489675517 0.6752212389380531 0.05486725663716814 0.0607669616519174
0 0.6604719764011799 0.5519174041297935 0.11150442477876106 0.12094395280235988
0 0.6725663716814159 0.463716814159292 0.1215339233038348 0.06135693215339233
0 0.6554572271386431 0.25545722713864305 0.09557522123893805 0.0743362831858407
0 0.6395280235988201 0.1407079646017699 0.11091445427728613 0.06784660766961652
0 0.48584070796460177 0.13569321533923304 0.12684365781710916 0.08023598820058997
1 0.4976401179941003 0.2814159292035398 0.04660766961651917 0.03657817109144543
1 0.508259587020649 0.39705014749262535 0.05958702064896755 0.04601769911504425
1 0.5351032448377581 0.5206489675516224 0.05073746312684366 0.04424778761061947
0 0.5471976401179941 0.668141592920354 0.07728613569321534 0.07374631268436578
0 0.5489675516224188 0.8410029498525073 0.07846607669616519 0.13392330383480827
0 0.3902654867256637 0.8474926253687316 0.12920353982300886 0.1351032448377581
0 0.43097345132743364 0.7613569321533923 0.12094395280235988 0.12094395280235988
0 0.4032448377581121 0.6032448377581121 0.06666666666666667 0.07492625368731563
0 0.3262536873156342 0.6300884955752213 0.0743362831858407 0.12743362831858407
1 0.275811209439528 0.7262536873156342 0.032448377581120944 0.03893805309734513
1 0.27227138643067844 0.7737463126843658 0.027728613569321534 0.03952802359882006
1 0.16814159292035397 0.692330383480826 0.04837758112094395 0.03952802359882006
0 0.11710914454277285 0.8088495575221238 0.06666666666666667 0.06489675516224189
0 0.14985250737463127 0.5861356932153392 0.040117994100294985 0.047787610619469026
0 0.1079646017699115 0.4625368731563422 0.05309734513274336 0.044837758112094395
0 0.2728613569321534 0.41297935103244837 0.08908554572271386 0.08259587020648967
0 0.371976401179941 0.45486725663716815 0.0808259587020649 0.14749262536873156
0 0.33244837758112095 0.26489675516224187 0.07610619469026549 0.03893805309734513
1 0.2303834808259587 0.26843657817109146 0.047787610619469026 0.03657817109144543
0 0.12064896755162241 0.2778761061946903 0.04542772861356932 0.0743362831858407
1 0.10353982300884956 0.12035398230088495 0.04424778761061947 0.035398230088495575
0 0.2056047197640118 0.15752212389380532 0.06902654867256637 0.10619469026548672
0 0.3536873156342183 0.10619469026548672 0.03952802359882006 0.03775811209439528
