1 0.9 0.11976401179941003 0.043067846607669616 0.03657817109144543
0 0.8784660766961652 0.28053097345132744 0.04601769911504425 0.0855457227138643
1 0.4964601769911504 0.28023598820059 0.04896755162241888 0.04601769911504425
1 0.4964601769911504 0.39764011799410026 0.057227138643067846 0.044837758112094395
1 0.828613569321534 0.6893805309734513 0.03952802359882006 0.04896755162241888
0 0.7265486725663717 0.7283185840707964 0.0359882005899705 0.03952802359882006
1 0.7300884955752213 0.7734513274336283 0.033628318584070796 0.04129793510324484
0 0.8536873156342183 0.5949852507374631 0.03303834808259587 0.04070796460176991
0 0.8825958702064897 0.823598820058997 0.049557522123893805 0.07551622418879056
0 0.8876106194690265 0.46696165191740413 0.05368731563421829 0.04188790560471976
0 0.7336283185840707 0.415929203539823 0.10324483775811209 0.07079646017699115
1 0.7660766961651917 0.2734513274336283 0.05486725663716814 0.03716814159292035
0 0.7976401179941003 0.16106194690265485 0.07551622418879056 0.10737463126843658
0 0.6486725663716814 0.10737463126843658 0.04188790560471976 0.04365781710914454
0 0.6607669616519174 0.26430678466076696 0.07669616519174041 0.04247787610619469
0 0.5215339233038347 0.13775811209439529 0.13333333333333333 0.0831858407079646
0 0.3663716814159292 0.1415929203539823 0.10737463126843658 0.06843657817109144
0 0.23244837758112094 0.1743362831858407 0.06607669616519174 0.08436578171091445
0 0.3433628318584071 0.2581120943952802 0.0967551622418879 0.07492625368731563
0 0.22979351032448378 0.24454277286135692 0.10678466076696165 0.052507374631268436
0 0.22123893805309736 0.42861356932153394 0.03775811209439528 0.047787610619469026
0 0.32772861356932154 0.4604719764011799 0.10324483775811209 0.05486725663716814
0 0.21769911504424777 0.5542772861356932 0.03657817109144543 0.0607669616519174
0 0.3380530973451327 0.5731563421828908 0.11799410029498525 0.11504424778761062
1 0.46342182890855455 0.5182890855457227 0.05014749262536873 0.047787610619469026
0 0.6227138643067847 0.45663716814159294 0.07374631268436578 0.1463126843657817
0 0.6728613569321534 0.6176991150442478 0.07020648967551622 0.14985250737463127
0 0.5790560471976401 0.603834808259587 0.11622418879056047 0.07728613569321534
0 0.4584070796460177 0.6663716814159292 0.08259587020648967 0.07728613569321534
0 0.5713864306784661 0.7648967551622419 0.12566371681415928 0.11622418879056047
0 0.6085545722713864 0.8551622418879056 0.12448377581120944 0.12448377581120944
0 0.4528023598820059 0.8368731563421828 0.07492625368731563 0.13392330383480827
0 0.34424778761061947 0.7861356932153393 0.04896755162241888 0.0855457227138643
0 0.3129793510324484 0.6749262536873156 0.05368731563421829 0.06017699115044248
0 0.22241887905604718 0.6707964601769911 0.12743362831858407 0.10619469026548672
0 0.22743362831858407 0.7882005899705015 0.16814159292035397 0.0920353982300885
