0 0.10324483775811209 0.06843657817109144 0.03775811209439528 0.035398230088495575
1 0.08259587020648967 0.23215339233038348 0.024778761061946902 0.03952802359882006
0 0.03333333333333333 0.42359882005899707 0.0359882005899705 0.071976401179941
1 0.06814159292035399 0.5864306784660767 0.032448377581120944 0.029498525073746312
1 0.033628318584070796 0.7041297935103245 0.044837758112094395 0.04542772861356932
1 0.050442477876106194 0.843952802359882 0.03952802359882006 0.04070796460176991
1 0.2581120943952802 0.7460176991150442 0.03126843657817109 0.033628318584070796
1 0.20619469026548673 0.8914454277286136 0.033628318584070796 0.04601769911504425
1 0.3823008849557522 0.8923303834808259 0.04601769911504425 0.05014749262536873
1 0.54070796460177 0.9244837758112094 0.03952802359882006 0.030678466076696165
0 0.7442477876106195 0.9168141592920354 0.03952802359882006 0.05545722713864307
1 0.912094395280236 0.9041297935103245 0.03185840707964602 0.04660766961651917
1 0.8970501474926253 0.715929203539823 0.033628318584070796 0.028908554572271386
1 0.7412979351032448 0.7374631268436578 0.03716814159292035 0.05309734513274336
1 0.5778761061946902 0.7958702064896755 0.04070796460176991 0.05781710914454277
1 0.39823008849557523 0.7522123893805309 0.029498525073746312 0.035398230088495575
0 0.2182890855457227 0.5852507374631268 0.04601769911504425 0.03303834808259587
1 0.3893805309734513 0.5772861356932153 0.03775811209439528 0.033628318584070796
1 0.5430678466076696 0.6380530973451327 0.05368731563421829 0.03952802359882006
1 0.7466076696165191 0.5796460176991151 0.02654867256637168 0.04070796460176991
1 0.8935103244837758 0.5766961651917404 0.032448377581120944 0.038348082595870206
1 0.876401179941003 0.44542772861356933 0.06784660766961652 0.04247787610619469
1 0.7365781710914454 0.3926253687315634 0.03480825958702065 0.04660766961651917
1 0.5336283185840708 0.4463126843657817 0.05368731563421829 0.04896755162241888
1 0.3572271386430678 0.3979351032448378 0.04660766961651917 0.04188790560471976
1 0.21622418879056046 0.4097345132743363 0.04188790560471976 0.028908554572271386
1 0.7474926253687315 0.21710914454277286 0.035398230088495575 0.03775811209439528
1 0.8675516224188791 0.2345132743362832 0.04188790560471976 0.047787610619469026
1 0.8778761061946903 0.07669616519174041 0.05073746312684366 0.04365781710914454
1 0.71976401179941 0.07964601769911504 0.05781710914454277 0.04365781710914454
1 0.5206489675516224 0.07610619469026549 0.03952802359882006 0.03893805309734513
0 0.3893805309734513 0.2327433628318584 0.03185840707964602 0.07374631268436578
0 0.5828908554572272 0.25250737463126843 0.03657817109144543 0.04601769911504425
1 0.25486725663716814 0.23480825958702065 0.03775811209439528 0.040117994100294985
0 0.35162241887905604 0.11327433628318584 0.04365781710914454 0.04601769911504425
0 0.20206489675516223 0.11179941002949853 0.023008849557522124 0.05486725663716814
