1 0.9247787610619469 0.16371681415929204 0.032448377581120944 0.02182890855457227
1 0.9336283185840708 0.2914454277286136 0.033628318584070796 0.021238938053097345
1 0.9371681415929204 0.40353982300884955 0.032448377581120944 0.024778761061946902
1 0.9359882005899705 0.5495575221238937 0.024188790560471976 0.018289085545722714
1 0.928023598820059 0.7 0.030678466076696165 0.02536873156342183
1 0.9348082595870206 0.8548672566371681 0.032448377581120944 0.017699115044247787
1 0.7616519174041297 0.856637168141593 0.027138643067846607 0.020058997050147492
1 0.6221238938053097 0.8675516224188791 0.03126843657817109 0.018289085545722714
1 0.4471976401179941 0.8769911504424779 0.03185840707964602 0.02536873156342183
1 0.2973451327433628 0.8846607669616519 0.03421828908554572 0.02654867256637168
1 0.12418879056047197 0.8929203539823009 0.02654867256637168 0.024188790560471976
1 0.12182890855457226 0.7262536873156342 0.033628318584070796 0.030678466076696165
1 0.29970501474926253 0.7147492625368731 0.029498525073746312 0.02654867256637168
1 0.45486725663716815 0.7041297935103245 0.03893805309734513 0.019469026548672566
1 0.6135693215339233 0.6938053097345133 0.03657817109144543 0.029498525073746312
1 0.7539823008849558 0.7008849557522123 0.030678466076696165 0.022418879056047197
1 0.7581120943952803 0.5536873156342182 0.02831858407079646 0.027728613569321534
1 0.6076696165191741 0.5536873156342182 0.02831858407079646 0.023008849557522124
1 0.4471976401179941 0.5578171091445427 0.029498525073746312 0.019469026548672566
1 0.2849557522123894 0.5607669616519174 0.030678466076696165 0.023008849557522124
1 0.12625368731563422 0.5578171091445427 0.02831858407079646 0.02182890855457227
1 0.12507374631268436 0.4153392330383481 0.029498525073746312 0.03185840707964602
1 0.287905604719764 0.42271386430678465 0.030678466076696165 0.023008849557522124
1 0.44837758112094395 0.42035398230088494 0.03185840707964602 0.023008849557522124
1 0.6070796460176991 0.42094395280235986 0.03185840707964602 0.02064896755162242
1 0.7492625368731564 0.41238938053097346 0.029498525073746312 0.02359882005899705
1 0.7548672566371681 0.28761061946902655 0.03008849557522124 0.027728613569321534
1 0.6073746312684366 0.29233038348082596 0.03480825958702065 0.02182890855457227
1 0.4445427728613569 0.31386430678466076 0.033628318584070796 0.02359882005899705
1 0.2902654867256637 0.29970501474926253 0.030678466076696165 0.02831858407079646
1 0.13156342182890857 0.29410029498525075 0.022418879056047197 0.03716814159292035
1 0.12477876106194691 0.12949852507374632 0.01710914454277286 0.027728613569321534
1 0.2784660766961652 0.1592920353982301 0.030678466076696165 0.027138643067846607
1 0.44778761061946903 0.15221238938053097 0.03303834808259587 0.022418879056047197
1 0.5943952802359882 0.17050147492625367 0.03008849557522124 0.022418879056047197
1 0.7628318584070797 0.1648967551622419 0.024778761061946902 0.033628318584070796
