1 0.9 0.11976401179941003 0.043067846607669616 0.03657817109144543
0 0.8784660766961652 0.28053097345132744 0.04601769911504425 0.0855457227138643
1 0.4964601769911504 0.28023598820059 0.04896755162241888 0.04601769911504425
1 0.4964601769911504 0.39764011799410026 0.057227138643067846 0.044837758112094395
1 0.828613569321534 0.6893805309734513 0.03952802359882006 0.04896755162241888
0 0.7265486725663717 0.7283185840707964 0.0359882005899705 0.03952802359882006
1 0.7300884955752213 0.7734513274336283 0.033628318584070796 0.04129793510324484
0 0.8536873156342183 0.5949852507374631 0.03303834808259587 0.04070796460176991
0 0.8825958702064897 0.823598820058997 0.049557522123893805 0.07551622418879056
0 0.8926253687315634 0.4640117994100295 0.04601769911504425 0.04424778761061947
0 0.7404129793510325 0.4032448377581121 0.0920353982300885 0.08436578171091445
1 0.7660766961651917 0.2734513274336283 0.05486725663716814 0.03716814159292035
0 0.7935103244837758 0.1584070796460177 0.06725663716814159 0.11386430678466077
0 0.6463126843657817 0.11563421828908554 0.04188790560471976 0.04365781710914454
0 0.6607669616519174 0.26430678466076696 0.07669616519174041 0.04247787610619469
0 0.5215339233038347 0.13775811209439529 0.13333333333333333 0.0831858407079646
0 0.35870206489675516 0.13156342182890857 0.10737463126843658 0.06843657817109144
0 0.23244837758112094 0.1743362831858407 0.06607669616519174 0.08436578171091445
0 0.3433628318584071 0.2581120943952802 0.0967551622418879 0.07492625368731563
0 0.23569321533923304 0.23864306784660766 0.10324483775811209 0.043067846607669616
0 0.22035398230088496 0.42802359882005897 0.0359882005899705 0.04660766961651917
0 0.33716814159292036 0.4584070796460177 0.12212389380530973 0.05073746312684366
0 0.21769911504424777 0.5542772861356932 0.03657817109144543 0.0607669616519174
0 0.3339233038348083 0.5525073746312684 0.11563421828908554 0.11976401179941003
1 0.46342182890855455 0.5182890855457227 0.05014749262536873 0.047787610619469026
0 0.6227138643067847 0.45663716814159294 0.07374631268436578 0.1463126843657817
0 0.6728613569321534 0.6176991150442478 0.07020648967551622 0.14985250737463127
0 0.6176991150442478 0.5943952802359882 0.07315634218289085 0.08200589970501475
0 0.45634218289085543 0.6743362831858407 0.09498525073746313 0.07551622418879056
0 0.5713864306784661 0.7648967551622419 0.12566371681415928 0.11622418879056047
0 0.6085545722713864 0.8551622418879056 0.12448377581120944 0.12448377581120944
0 0.4492625368731563 0.8380530973451328 0.08200589970501475 0.13628318584070798
0 0.34424778761061947 0.7861356932153393 0.04896755162241888 0.0855457227138643
0 0.3129793510324484 0.6749262536873156 0.05368731563421829 0.06017699115044248
0 0.23628318584070795 0.6710914454277286 0.07728613569321534 0.11622418879056047
0 0.2345132743362832 0.7870206489675516 0.1882005899705015 0.06135693215339233
