0 0.1368731563421829 0.17345132743362832 0.06371681415929203 0.06017699115044248
0 0.15545722713864307 0.4191740412979351 0.07728613569321534 0.06902654867256637
0 0.14601769911504425 0.5589970501474926 0.043067846607669616 0.04424778761061947
0 0.17079646017699116 0.7056047197640118 0.07964601769911504 0.06017699115044248
0 0.14424778761061946 0.8510324483775811 0.052507374631268436 0.05014749262536873
0 0.2778761061946903 0.8433628318584071 0.049557522123893805 0.05486725663716814
0 0.48761061946902656 0.8761061946902655 0.04660766961651917 0.03185840707964602
0 0.6427728613569321 0.8342182890855457 0.038348082595870206 0.04247787610619469
0 0.7259587020648968 0.8970501474926253 0.04188790560471976 0.04188790560471976
0 0.8743362831858407 0.8725663716814159 0.08141592920353982 0.04601769911504425
0 0.848377581120944 0.7634218289085546 0.0471976401179941 0.049557522123893805
0 0.2958702064896755 0.7088495575221239 0.052507374631268436 0.043067846607669616
1 0.48112094395280236 0.743952802359882 0.06784660766961652 0.0471976401179941
0 0.603834808259587 0.679646017699115 0.06430678466076696 0.06017699115044248
0 0.731858407079646 0.7348082595870207 0.04070796460176991 0.04188790560471976
0 0.8303834808259587 0.6185840707964602 0.07728613569321534 0.061946902654867256
0 0.7047197640117994 0.6277286135693215 0.07728613569321534 0.05663716814159292
0 0.7050147492625368 0.4761061946902655 0.05781710914454277 0.049557522123893805
0 0.8427728613569322 0.5017699115044247 0.05014749262536873 0.0584070796460177
0 0.5256637168141592 0.6283185840707964 0.0471976401179941 0.08613569321533923
0 0.40412979351032446 0.592330383480826 0.09557522123893805 0.09557522123893805
1 0.28348082595870205 0.588495575221239 0.06430678466076696 0.05604719764011799
1 0.31563421828908556 0.45486725663716815 0.05781710914454277 0.04837758112094395
1 0.33067846607669615 0.26784660766961654 0.05368731563421829 0.035398230088495575
1 0.23864306784660766 0.26135693215339234 0.06312684365781711 0.07905604719764012
0 0.26017699115044246 0.18672566371681415 0.071976401179941 0.04188790560471976
1 0.4070796460176991 0.1359882005899705 0.05073746312684366 0.04896755162241888
0 0.6011799410029498 0.16017699115044248 0.06135693215339233 0.07610619469026549
0 0.6011799410029498 0.23156342182890854 0.08023598820058997 0.05132743362831858
0 0.4398230088495575 0.30383480825958703 0.04896755162241888 0.06135693215339233
0 0.5504424778761062 0.3112094395280236 0.06017699115044248 0.11032448377581121
0 0.8185840707964601 0.20737463126843658 0.05132743362831858 0.04424778761061947
0 0.7607669616519174 0.34129793510324485 0.05368731563421829 0.06312684365781711
0 0.8480825958702065 0.34572271386430675 0.057227138643067846 0.071976401179941
0 0.4365781710914454 0.4631268436578171 0.05781710914454277 0.044837758112094395
0 0.5746312684365782 0.4592920353982301 0.08259587020648967 0.07374631268436578
