1 0.8755162241887906 0.11002949852507374 0.03657817109144543 0.03008849557522124
1 0.8778761061946903 0.2728613569321534 0.035398230088495575 0.03126843657817109
1 0.8755162241887906 0.43716814159292033 0.03893805309734513 0.03657817109144543
1 0.8775811209439528 0.5834808259587021 0.0359882005899705 0.03657817109144543
1 0.8666666666666667 0.7061946902654868 0.03657817109144543 0.04365781710914454
1 0.8666666666666667 0.8687315634218289 0.03421828908554572 0.04070796460176991
1 0.7209439528023599 0.8324483775811209 0.03185840707964602 0.035398230088495575
1 0.06489675516224189 0.8315634218289085 0.03303834808259587 0.024188790560471976
1 0.2351032448377581 0.8353982300884956 0.04542772861356932 0.02359882005899705
1 0.40766961651917405 0.8321533923303834 0.03421828908554572 0.0359882005899705
1 0.5578171091445427 0.8471976401179941 0.04896755162241888 0.03185840707964602
1 0.7085545722713864 0.6964601769911505 0.03775811209439528 0.028908554572271386
1 0.5504424778761062 0.7041297935103245 0.03421828908554572 0.028908554572271386
1 0.39321533923303836 0.7061946902654868 0.03716814159292035 0.03303834808259587
1 0.24129793510324482 0.7200589970501475 0.03421828908554572 0.033628318584070796
1 0.06460176991150443 0.7194690265486725 0.032448377581120944 0.03480825958702065
1 0.06342182890855458 0.5941002949852507 0.03480825958702065 0.03185840707964602
1 0.24896755162241888 0.587905604719764 0.029498525073746312 0.028908554572271386
1 0.39233038348082594 0.5769911504424778 0.03775811209439528 0.025958702064896755
1 0.5495575221238937 0.5796460176991151 0.04070796460176991 0.03126843657817109
1 0.7147492625368731 0.5778761061946902 0.04070796460176991 0.03008849557522124
1 0.7156342182890856 0.4415929203539823 0.03657817109144543 0.03008849557522124
1 0.5498525073746312 0.44041297935103246 0.03303834808259587 0.03008849557522124
1 0.39321533923303836 0.4433628318584071 0.03716814159292035 0.033628318584070796
1 0.24129793510324482 0.44542772861356933 0.03657817109144543 0.03303834808259587
1 0.06460176991150443 0.4480825958702065 0.032448377581120944 0.027728613569321534
1 0.07256637168141593 0.30117994100294987 0.03775811209439528 0.027728613569321534
1 0.24424778761061947 0.29852507374631265 0.03775811209439528 0.03303834808259587
1 0.38672566371681416 0.30117994100294987 0.03952802359882006 0.032448377581120944
1 0.543952802359882 0.29882005899705016 0.04129793510324484 0.03008849557522124
1 0.7011799410029499 0.28023598820059 0.033628318584070796 0.03303834808259587
1 0.7 0.1182890855457227 0.033628318584070796 0.033628318584070796
1 0.5489675516224188 0.12595870206489676 0.03126843657817109 0.03126843657817109
1 0.37551622418879055 0.1424778761061947 0.032448377581120944 0.027728613569321534
1 0.2377581120943953 0.14513274336283186 0.030678466076696165 0.035398230088495575
1 0.06165191740412979 0.14365781710914455 0.028908554572271386 0.03008849557522124
