0 0.8722713864306785 0.09144542772861357 0.1351032448377581 0.10383480825958702
0 0.7846607669616519 0.2336283185840708 0.20058997050147492 0.10265486725663717
0 0.13952802359882005 0.1504424778761062 0.10678466076696165 0.1191740412979351
0 0.14188790560471976 0.31386430678466076 0.08790560471976401 0.049557522123893805
1 0.15191740412979352 0.3973451327433628 0.028908554572271386 0.04188790560471976
0 0.11386430678466077 0.503834808259587 0.10737463126843658 0.0920353982300885
0 0.09233038348082595 0.6345132743362831 0.10324483775811209 0.1351032448377581
0 0.10412979351032448 0.7914454277286136 0.12330383480825959 0.1823008849557522
0 0.2097345132743363 0.7823008849557522 0.11032448377581121 0.13451327433628318
1 0.3250737463126844 0.8014749262536873 0.03893805309734513 0.04188790560471976
1 0.24690265486725663 0.6746312684365782 0.027728613569321534 0.027728613569321534
1 0.26253687315634217 0.5669616519174041 0.05663716814159292 0.05781710914454277
0 0.30855457227138644 0.12625368731563422 0.12979351032448377 0.17817109144542773
0 0.3053097345132743 0.28112094395280235 0.04424778761061947 0.05486725663716814
0 0.2914454277286136 0.43097345132743364 0.24778761061946902 0.07492625368731563
0 0.40825958702064896 0.4625368731563422 0.06135693215339233 0.1168141592920354
0 0.4135693215339233 0.5483775811209439 0.09321533923303835 0.1421828908554572
0 0.41474926253687316 0.6522123893805309 0.1215339233038348 0.11268436578171091
0 0.5300884955752212 0.640117994100295 0.12448377581120944 0.10265486725663717
0 0.4575221238938053 0.8117994100294985 0.03952802359882006 0.08377581120943953
0 0.6227138643067847 0.6828908554572272 0.12094395280235988 0.1976401179941003
0 0.5997050147492625 0.81976401179941 0.15398230088495574 0.1079646017699115
0 0.71976401179941 0.7587020648967552 0.10737463126843658 0.18761061946902655
0 0.7454277286135693 0.7085545722713864 0.05132743362831858 0.05781710914454277
1 0.6716814159292035 0.5725663716814159 0.04070796460176991 0.06430678466076696
0 0.7781710914454277 0.5548672566371682 0.09321533923303835 0.05014749262536873
1 0.512684365781711 0.5147492625368731 0.049557522123893805 0.04070796460176991
0 0.47522123893805307 0.41415929203539825 0.061946902654867256 0.04837758112094395
0 0.6103244837758112 0.4020648967551622 0.10324483775811209 0.20353982300884954
0 0.7734513274336283 0.4050147492625369 0.0943952802359882 0.05368731563421829
0 0.51976401179941 0.27699115044247785 0.1687315634218289 0.07020648967551622
0 0.6156342182890855 0.24365781710914453 0.06666666666666667 0.09793510324483776
0 0.5112094395280236 0.10265486725663717 0.08672566371681416 0.16991150442477876
0 0.6693215339233038 0.10914454277286136 0.07728613569321534 0.21710914454277286
