0 0.15162241887905603 0.15899705014749263 0.058997050147492625 0.05486725663716814
1 0.1504424778761062 0.34041297935103243 0.044837758112094395 0.03303834808259587
0 0.1463126843657817 0.47345132743362833 0.058997050147492625 0.07374631268436578
1 0.13067846607669617 0.6070796460176991 0.04188790560471976 0.03657817109144543
0 0.14129793510324484 0.7404129793510325 0.06312684365781711 0.054277286135693215
0 0.140117994100295 0.8985250737463126 0.04188790560471976 0.03657817109144543
0 0.3047197640117994 0.9300884955752212 0.05132743362831858 0.06548672566371681
1 0.46342182890855455 0.8648967551622418 0.04188790560471976 0.03775811209439528
0 0.5949852507374631 0.9215339233038348 0.04188790560471976 0.071976401179941
0 0.7359882005899705 0.9333333333333333 0.04896755162241888 0.071976401179941
0 0.879646017699115 0.9206489675516224 0.049557522123893805 0.07846607669616519
0 0.876401179941003 0.7501474926253687 0.05604719764011799 0.06784660766961652
0 0.7525073746312684 0.7914454277286136 0.057227138643067846 0.05368731563421829
0 0.6076696165191741 0.8032448377581121 0.09085545722713864 0.07964601769911504
0 0.46342182890855455 0.7351032448377581 0.04070796460176991 0.06135693215339233
1 0.29321533923303833 0.7587020648967552 0.0471976401179941 0.05663716814159292
0 0.30855457227138644 0.6079646017699115 0.04601769911504425 0.05132743362831858
0 0.4510324483775811 0.6604719764011799 0.06784660766961652 0.06430678466076696
0 0.6297935103244837 0.656047197640118 0.05368731563421829 0.05781710914454277
0 0.771976401179941 0.6663716814159292 0.04424778761061947 0.1079646017699115
0 0.8731563421828908 0.6648967551622419 0.0471976401179941 0.0943952802359882
0 0.8613569321533923 0.46578171091445425 0.05545722713864307 0.07374631268436578
0 0.6448377581120944 0.5188790560471976 0.05191740412979351 0.04896755162241888
0 0.47109144542772863 0.5168141592920354 0.05604719764011799 0.07079646017699115
0 0.3058997050147493 0.47109144542772863 0.043067846607669616 0.06548672566371681
0 0.3129793510324484 0.3648967551622419 0.052507374631268436 0.05486725663716814
0 0.48908554572271384 0.3678466076696165 0.049557522123893805 0.06430678466076696
0 0.315929203539823 0.1710914454277286 0.03952802359882006 0.07079646017699115
0 0.4988200589970501 0.212094395280236 0.06430678466076696 0.0584070796460177
0 0.6330383480825958 0.20530973451327433 0.044837758112094395 0.0696165191740413
0 0.6312684365781711 0.31386430678466076 0.04601769911504425 0.06017699115044248
0 0.7707964601769911 0.1648967551622419 0.04424778761061947 0.09616519174041298
0 0.8613569321533923 0.18584070796460178 0.08377581120943953 0.04129793510324484
0 0.8781710914454277 0.3094395280235988 0.057227138643067846 0.12330383480825959
0 0.7799410029498525 0.30206489675516224 0.04129793510324484 0.10501474926253687
0 0.7734513274336283 0.4410029498525074 0.044837758112094395 0.08672566371681416
