1 0.11179941002949853 0.10324483775811209 0.04070796460176991 0.027138643067846607
1 0.12507374631268436 0.22831858407079647 0.04365781710914454 0.03185840707964602
1 0.12330383480825959 0.3654867256637168 0.044837758112094395 0.0359882005899705
1 0.11976401179941003 0.5253687315634218 0.03303834808259587 0.03480825958702065
1 0.11445427728613569 0.6622418879056047 0.03303834808259587 0.02654867256637168
1 0.11976401179941003 0.8091445427728613 0.03775811209439528 0.02654867256637168
1 0.23628318584070795 0.8094395280235989 0.04070796460176991 0.025958702064896755
1 0.22979351032448378 0.6663716814159292 0.038348082595870206 0.024188790560471976
1 0.23539823008849559 0.5247787610619469 0.03303834808259587 0.028908554572271386
1 0.2377581120943953 0.3613569321533923 0.04601769911504425 0.032448377581120944
1 0.24542772861356932 0.22920353982300884 0.035398230088495575 0.03008849557522124
1 0.25545722713864305 0.10294985250737462 0.03893805309734513 0.03008849557522124
1 0.4008849557522124 0.10530973451327433 0.03952802359882006 0.028908554572271386
1 0.3938053097345133 0.2271386430678466 0.03008849557522124 0.029498525073746312
1 0.368141592920354 0.36519174041297936 0.03421828908554572 0.035398230088495575
1 0.36902654867256635 0.5088495575221239 0.04070796460176991 0.03952802359882006
1 0.363716814159292 0.6651917404129793 0.0359882005899705 0.028908554572271386
1 0.3740412979351032 0.8171091445427728 0.04837758112094395 0.02831858407079646
1 0.5179941002949853 0.8174041297935103 0.0471976401179941 0.028908554572271386
1 0.5306784660766961 0.6628318584070796 0.04188790560471976 0.027728613569321534
1 0.547787610619469 0.4958702064896755 0.03952802359882006 0.028908554572271386
1 0.5463126843657817 0.3710914454277286 0.03657817109144543 0.02359882005899705
1 0.543952802359882 0.22920353982300884 0.03421828908554572 0.03008849557522124
1 0.5404129793510324 0.10855457227138643 0.04601769911504425 0.024778761061946902
1 0.7106194690265487 0.11769911504424779 0.03952802359882006 0.038348082595870206
1 0.7044247787610619 0.22890855457227138 0.04837758112094395 0.035398230088495575
1 0.6902654867256637 0.36342182890855457 0.04365781710914454 0.03421828908554572
1 0.6979351032448378 0.4964601769911504 0.04365781710914454 0.027728613569321534
1 0.6884955752212389 0.6622418879056047 0.0471976401179941 0.03126843657817109
1 0.6920353982300885 0.8026548672566372 0.03657817109144543 0.03126843657817109
1 0.851622418879056 0.8123893805309734 0.04070796460176991 0.035398230088495575
1 0.8528023598820059 0.6625368731563421 0.04542772861356932 0.03657817109144543
1 0.8528023598820059 0.4902654867256637 0.043067846607669616 0.035398230088495575
1 0.8669616519174042 0.3752212389380531 0.038348082595870206 0.03421828908554572
1 0.8601769911504424 0.23156342182890854 0.03657817109144543 0.03008849557522124
1 0.8578171091445428 0.12035398230088495 0.04365781710914454 0.030678466076696165
