1 0.14188790560471976 0.12182890855457226 0.04070796460176991 0.027728613569321534
1 0.13775811209439529 0.2374631268436578 0.04188790560471976 0.028908554572271386
1 0.1336283185840708 0.37669616519174043 0.04424778761061947 0.03716814159292035
1 0.1415929203539823 0.49203539823008846 0.044837758112094395 0.03657817109144543
1 0.14690265486725662 0.6592920353982301 0.0471976401179941 0.027728613569321534
1 0.1495575221238938 0.8117994100294985 0.03952802359882006 0.025958702064896755
1 0.2843657817109144 0.115929203539823 0.04129793510324484 0.028908554572271386
1 0.2943952802359882 0.22684365781710913 0.035398230088495575 0.028908554572271386
1 0.30619469026548674 0.3613569321533923 0.03775811209439528 0.032448377581120944
1 0.2994100294985251 0.4952802359882006 0.038348082595870206 0.03008849557522124
1 0.3064896755162242 0.6601769911504425 0.03952802359882006 0.024778761061946902
1 0.3047197640117994 0.8026548672566372 0.038348082595870206 0.024188790560471976
1 0.48525073746312686 0.8138643067846607 0.04188790560471976 0.02536873156342183
1 0.6271386430678466 0.8165191740412979 0.040117994100294985 0.020058997050147492
1 0.763716814159292 0.8123893805309734 0.032448377581120944 0.020058997050147492
1 0.8784660766961652 0.8085545722713864 0.03421828908554572 0.032448377581120944
1 0.8828908554572271 0.6622418879056047 0.027728613569321534 0.02654867256637168
1 0.7669616519174041 0.668141592920354 0.044837758112094395 0.027728613569321534
1 0.6330383480825958 0.6640117994100295 0.04247787610619469 0.028908554572271386
1 0.4678466076696165 0.6584070796460177 0.03657817109144543 0.025958702064896755
1 0.4528023598820059 0.4982300884955752 0.03480825958702065 0.028908554572271386
1 0.631858407079646 0.5073746312684366 0.03657817109144543 0.035398230088495575
1 0.7634218289085546 0.5268436578171092 0.03775811209439528 0.03303834808259587
1 0.8778761061946903 0.5268436578171092 0.035398230088495575 0.03775811209439528
1 0.876401179941003 0.36666666666666664 0.043067846607669616 0.03008849557522124
1 0.7610619469026548 0.3589970501474926 0.03775811209439528 0.02536873156342183
1 0.6286135693215339 0.36755162241887906 0.038348082595870206 0.03421828908554572
1 0.4545722713864307 0.37079646017699114 0.04188790560471976 0.02536873156342183
1 0.4542772861356932 0.23156342182890854 0.04365781710914454 0.027728613569321534
1 0.45545722713864306 0.10973451327433628 0.03775811209439528 0.030678466076696165
1 0.6002949852507374 0.22595870206489677 0.03952802359882006 0.03185840707964602
1 0.5994100294985251 0.10766961651917403 0.04601769911504425 0.02654867256637168
1 0.7466076696165191 0.10265486725663717 0.038348082595870206 0.02831858407079646
1 0.7545722713864307 0.22890855457227138 0.03775811209439528 0.022418879056047197
1 0.8758112094395281 0.22625368731563422 0.03952802359882006 0.027728613569321534
1 0.887905604719764 0.10265486725663717 0.035398230088495575 0.02359882005899705
