1 0.10147492625368731 0.14778761061946902 0.027138643067846607 0.03008849557522124
1 0.09321533923303835 0.3339233038348083 0.03657817109144543 0.03303834808259587
1 0.08643067846607669 0.47109144542772863 0.03716814159292035 0.03126843657817109
1 0.09498525073746313 0.6176991150442478 0.035398230088495575 0.02359882005899705
1 0.0976401179941003 0.7646017699115044 0.038348082595870206 0.02359882005899705
1 0.10530973451327433 0.9038348082595871 0.038348082595870206 0.03421828908554572
1 0.26430678466076696 0.9008849557522124 0.035398230088495575 0.03185840707964602
1 0.4073746312684366 0.9132743362831859 0.03126843657817109 0.035398230088495575
1 0.563716814159292 0.9141592920353983 0.03716814159292035 0.033628318584070796
1 0.7091445427728613 0.9165191740412979 0.03893805309734513 0.03952802359882006
1 0.8672566371681416 0.9038348082595871 0.035398230088495575 0.03657817109144543
1 0.8507374631268436 0.7775811209439528 0.03185840707964602 0.03657817109144543
1 0.699410029498525 0.7746312684365781 0.038348082595870206 0.03775811209439528
1 0.5504424778761062 0.7731563421828909 0.03893805309734513 0.03008849557522124
1 0.39646017699115044 0.7672566371681416 0.03303834808259587 0.02654867256637168
1 0.2424778761061947 0.7648967551622419 0.035398230088495575 0.03126843657817109
1 0.2398230088495575 0.6191740412979351 0.033628318584070796 0.02654867256637168
1 0.3846607669616519 0.640117994100295 0.035398230088495575 0.03185840707964602
1 0.5244837758112094 0.6250737463126843 0.03657817109144543 0.03008849557522124
1 0.687905604719764 0.6268436578171092 0.03657817109144543 0.028908554572271386
1 0.8489675516224189 0.6333333333333333 0.040117994100294985 0.027728613569321534
1 0.8377581120943953 0.512684365781711 0.03893805309734513 0.03657817109144543
1 0.6846607669616519 0.511504424778761 0.04070796460176991 0.025958702064896755
1 0.5351032448377581 0.5176991150442478 0.035398230088495575 0.027728613569321534
1 0.3823008849557522 0.5017699115044247 0.035398230088495575 0.03480825958702065
1 0.23480825958702065 0.47345132743362833 0.03421828908554572 0.03126843657817109
1 0.21651917404129795 0.32890855457227136 0.035398230088495575 0.027728613569321534
1 0.22477876106194689 0.14837758112094396 0.03775811209439528 0.02654867256637168
1 0.36283185840707965 0.14513274336283186 0.03421828908554572 0.035398230088495575
1 0.3740412979351032 0.32418879056047195 0.03775811209439528 0.033628318584070796
1 0.5165191740412979 0.3525073746312684 0.03952802359882006 0.032448377581120944
1 0.5253687315634218 0.14129793510324484 0.03126843657817109 0.03008849557522124
1 0.6828908554572272 0.1359882005899705 0.03952802359882006 0.03008849557522124
1 0.8389380530973451 0.12359882005899706 0.03657817109144543 0.04188790560471976
1 0.8404129793510324 0.3625368731563422 0.04188790560471976 0.03008849557522124
1 0.6755162241887905 0.3448377581120944 0.035398230088495575 0.02536873156342183
