0 0.7050147492625368 0.10206489675516224 0.11563421828908554 0.13805309734513274
1 0.07728613569321534 0.49203539823008846 0.03893805309734513 0.025958702064896755
0 0.1823008849557522 0.20678466076696164 0.11799410029498525 0.0831858407079646
0 0.15486725663716813 0.347787610619469 0.07610619469026549 0.07020648967551622
0 0.11858407079646018 0.6539823008849558 0.10619469026548672 0.1823008849557522
0 0.1327433628318584 0.8250737463126844 0.12743362831858407 0.13864306784660768
0 0.2563421828908555 0.7935103244837758 0.07728613569321534 0.12389380530973451
0 0.17699115044247787 0.5929203539823009 0.08141592920353982 0.11799410029498525
0 0.2581120943952802 0.6882005899705015 0.08908554572271386 0.09026548672566372
0 0.46135693215339235 0.8070796460176991 0.04247787610619469 0.071976401179941
0 0.5976401179941003 0.7982300884955752 0.15457227138643068 0.1191740412979351
0 0.6625368731563421 0.8224188790560472 0.09793510324483776 0.16283185840707964
1 0.3247787610619469 0.8061946902654867 0.028908554572271386 0.027728613569321534
0 0.38997050147492623 0.6654867256637168 0.06371681415929203 0.14277286135693215
0 0.2949852507374631 0.5666666666666667 0.0967551622418879 0.1882005899705015
0 0.7365781710914454 0.6026548672566372 0.0607669616519174 0.06430678466076696
0 0.7412979351032448 0.6678466076696166 0.08790560471976401 0.08377581120943953
0 0.591740412979351 0.6348082595870206 0.17699115044247787 0.06607669616519174
0 0.5315634218289086 0.5946902654867257 0.15103244837758112 0.10619469026548672
0 0.31563421828908556 0.3654867256637168 0.10501474926253687 0.20471976401179942
0 0.27256637168141595 0.25663716814159293 0.12389380530973451 0.06725663716814159
0 0.3321533923303835 0.17463126843657817 0.09793510324483776 0.12625368731563422
0 0.5271386430678466 0.15398230088495574 0.13628318584070798 0.07079646017699115
0 0.6808259587020649 0.18525073746312684 0.12743362831858407 0.06017699115044248
0 0.7427728613569321 0.24601769911504423 0.09557522123893805 0.1168141592920354
0 0.7365781710914454 0.35103244837758113 0.07374631268436578 0.05073746312684366
0 0.5182890855457227 0.2855457227138643 0.15634218289085544 0.04601769911504425
0 0.6554572271386431 0.2861356932153392 0.143952802359882 0.1368731563421829
0 0.6017699115044248 0.3973451327433628 0.0943952802359882 0.20471976401179942
1 0.6705014749262537 0.5227138643067847 0.03480825958702065 0.06725663716814159
0 0.41297935103244837 0.4492625368731563 0.11563421828908554 0.11150442477876106
0 0.4247787610619469 0.456047197640118 0.07905604719764012 0.10855457227138643
0 0.49144542772861355 0.47876106194690266 0.13333333333333333 0.12802359882005898
0 0.47581120943952804 0.43952802359882004 0.05014749262536873 0.02359882005899705
