1 0.058997050147492625 0.1454277286135693 0.03893805309734513 0.033628318584070796
1 0.06814159292035399 0.3117994100294985 0.052507374631268436 0.04070796460176991
1 0.06548672566371681 0.4557522123893805 0.0471976401179941 0.04660766961651917
1 0.05368731563421829 0.5970501474926253 0.05663716814159292 0.03775811209439528
1 0.07374631268436578 0.7109144542772862 0.05309734513274336 0.03303834808259587
1 0.06253687315634218 0.8315634218289085 0.04129793510324484 0.038348082595870206
1 0.1893805309734513 0.1799410029498525 0.05781710914454277 0.025958702064896755
0 0.21622418879056046 0.33303834808259586 0.047787610619469026 0.04188790560471976
0 0.22772861356932153 0.4327433628318584 0.03775811209439528 0.05604719764011799
1 0.24837758112094394 0.5908554572271386 0.05073746312684366 0.032448377581120944
1 0.2563421828908555 0.6964601769911505 0.04660766961651917 0.03126843657817109
1 0.2634218289085546 0.8280235988200589 0.07256637168141593 0.052507374631268436
0 0.37079646017699114 0.16017699115044248 0.04424778761061947 0.04660766961651917
1 0.37079646017699114 0.33628318584070793 0.05014749262536873 0.04129793510324484
0 0.37374631268436576 0.46430678466076697 0.03716814159292035 0.054277286135693215
1 0.38495575221238937 0.5793510324483776 0.0584070796460177 0.040117994100294985
1 0.39646017699115044 0.740117994100295 0.06253687315634218 0.043067846607669616
0 0.41710914454277287 0.8135693215339233 0.05073746312684366 0.040117994100294985
1 0.5268436578171092 0.1407079646017699 0.054277286135693215 0.03480825958702065
1 0.5448377581120943 0.2926253687315634 0.052507374631268436 0.049557522123893805
1 0.5495575221238937 0.4410029498525074 0.03480825958702065 0.033628318584070796
1 0.5498525073746312 0.5743362831858407 0.04247787610619469 0.032448377581120944
0 0.5628318584070796 0.6684365781710915 0.05545722713864307 0.05545722713864307
0 0.5463126843657817 0.8690265486725663 0.04837758112094395 0.0471976401179941
1 0.6967551622418879 0.12064896755162241 0.03657817109144543 0.03480825958702065
0 0.6628318584070796 0.30265486725663715 0.03480825958702065 0.05073746312684366
1 0.7088495575221239 0.43716814159292033 0.04070796460176991 0.03421828908554572
1 0.8601769911504424 0.09469026548672566 0.03775811209439528 0.04424778761061947
1 0.871976401179941 0.307669616519174 0.04601769911504425 0.038348082595870206
0 0.8592920353982301 0.463716814159292 0.04188790560471976 0.0471976401179941
0 0.8542772861356932 0.5619469026548672 0.03303834808259587 0.04896755162241888
1 0.8640117994100295 0.7058997050147493 0.038348082595870206 0.04660766961651917
1 0.8884955752212389 0.871976401179941 0.04837758112094395 0.04365781710914454
0 0.6946902654867256 0.8648967551622418 0.05014749262536873 0.058997050147492625
1 0.7053097345132743 0.7115044247787611 0.03952802359882006 0.044837758112094395
1 0.7079646017699115 0.6020648967551623 0.03775811209439528 0.052507374631268436
