0 0.10648967551622418 0.1182890855457227 0.05014749262536873 0.04070796460176991
0 0.12330383480825959 0.28053097345132744 0.05545722713864307 0.0831858407079646
0 0.11415929203539824 0.4646017699115044 0.05958702064896755 0.0359882005899705
0 0.15103244837758112 0.5899705014749262 0.03893805309734513 0.0471976401179941
0 0.17256637168141592 0.691150442477876 0.05368731563421829 0.04896755162241888
0 0.1182890855457227 0.8123893805309734 0.06548672566371681 0.08023598820058997
0 0.20707964601769913 0.15899705014749263 0.07787610619469026 0.11622418879056047
1 0.23008849557522124 0.26755162241887903 0.05781710914454277 0.04188790560471976
0 0.27168141592920353 0.4168141592920354 0.11032448377581121 0.0808259587020649
0 0.3256637168141593 0.6194690265486725 0.08613569321533923 0.15221238938053097
0 0.26843657817109146 0.7283185840707964 0.03657817109144543 0.04070796460176991
1 0.2702064896755162 0.7675516224188791 0.05191740412979351 0.044837758112094395
0 0.3542772861356932 0.11179941002949853 0.061946902654867256 0.04660766961651917
0 0.33362831858407077 0.268141592920354 0.09026548672566372 0.05368731563421829
0 0.4790560471976401 0.13156342182890857 0.1415929203539823 0.08967551622418879
0 0.6353982300884956 0.13805309734513274 0.11799410029498525 0.07669616519174041
0 0.7710914454277286 0.17168141592920355 0.06135693215339233 0.08613569321533923
0 0.6634218289085546 0.2542772861356932 0.09380530973451327 0.0920353982300885
0 0.7702064896755162 0.25132743362831855 0.12684365781710916 0.071976401179941
1 0.5100294985250737 0.2867256637168142 0.06666666666666667 0.054277286135693215
1 0.5076696165191741 0.396165191740413 0.06430678466076696 0.04188790560471976
0 0.6766961651917404 0.46106194690265484 0.11445427728613569 0.0808259587020649
0 0.7890855457227138 0.4345132743362832 0.05486725663716814 0.0584070796460177
0 0.37492625368731564 0.4604719764011799 0.07610619469026549 0.15398230088495574
0 0.5351032448377581 0.5200589970501475 0.06253687315634218 0.057227138643067846
0 0.6651917404129793 0.5492625368731563 0.11504424778761062 0.12979351032448377
0 0.7852507374631268 0.5569321533923304 0.054277286135693215 0.071976401179941
0 0.4330383480825959 0.6005899705014749 0.1215339233038348 0.08377581120943953
0 0.5342182890855457 0.6705014749262537 0.10442477876106195 0.0808259587020649
0 0.6846607669616519 0.6728613569321534 0.06666666666666667 0.0607669616519174
0 0.7858407079646017 0.6728613569321534 0.14041297935103245 0.1056047197640118
0 0.43539823008849554 0.7421828908554572 0.15103244837758112 0.10147492625368731
0 0.3997050147492625 0.8489675516224189 0.16460176991150444 0.13097345132743363
0 0.5466076696165192 0.8427728613569322 0.07374631268436578 0.1398230088495575
0 0.6557522123893805 0.7843657817109144 0.04896755162241888 0.09380530973451327
0 0.7672566371681416 0.7722713864306785 0.1976401179941003 0.10029498525073746
