1 0.16017699115044248 0.11622418879056047 0.05604719764011799 0.03657817109144543
1 0.3185840707964602 0.13185840707964602 0.05073746312684366 0.04188790560471976
1 0.46932153392330384 0.14424778761061946 0.05014749262536873 0.032448377581120944
1 0.6368731563421829 0.1480825958702065 0.04424778761061947 0.04129793510324484
1 0.7743362831858407 0.1486725663716814 0.04896755162241888 0.03657817109144543
1 0.8997050147492626 0.143952802359882 0.040117994100294985 0.03657817109144543
1 0.15545722713864307 0.36224188790560474 0.05958702064896755 0.029498525073746312
1 0.32271386430678467 0.34513274336283184 0.044837758112094395 0.029498525073746312
1 0.48289085545722715 0.3528023598820059 0.04070796460176991 0.02831858407079646
1 0.6306784660766962 0.3247787610619469 0.03893805309734513 0.027728613569321534
1 0.7858407079646017 0.3274336283185841 0.04247787610619469 0.03657817109144543
1 0.9 0.33421828908554574 0.047787610619469026 0.038348082595870206
1 0.16106194690265485 0.5179941002949853 0.054277286135693215 0.029498525073746312
1 0.31327433628318585 0.5088495575221239 0.04837758112094395 0.03480825958702065
1 0.46194690265486726 0.5215339233038347 0.04129793510324484 0.030678466076696165
1 0.6150442477876106 0.5023598820058996 0.033628318584070796 0.032448377581120944
1 0.7646017699115044 0.48053097345132745 0.04601769911504425 0.038348082595870206
1 0.9144542772861357 0.47699115044247786 0.0471976401179941 0.032448377581120944
1 0.1495575221238938 0.631858407079646 0.04896755162241888 0.03421828908554572
1 0.31209439528023597 0.6294985250737463 0.04601769911504425 0.03185840707964602
1 0.4702064896755162 0.6274336283185841 0.03893805309734513 0.033628318584070796
1 0.6123893805309735 0.6377581120943953 0.044837758112094395 0.03657817109144543
1 0.7566371681415929 0.6238938053097345 0.04188790560471976 0.03008849557522124
1 0.903244837758112 0.6162241887905605 0.03657817109144543 0.03126843657817109
1 0.15132743362831858 0.7882005899705015 0.05958702064896755 0.03893805309734513
1 0.3053097345132743 0.7825958702064897 0.05132743362831858 0.04896755162241888
1 0.4486725663716814 0.779646017699115 0.03716814159292035 0.04070796460176991
1 0.6056047197640118 0.7787610619469026 0.047787610619469026 0.044837758112094395
1 0.7504424778761062 0.7705014749262536 0.049557522123893805 0.03421828908554572
1 0.8988200589970501 0.7699115044247787 0.03952802359882006 0.03893805309734513
1 0.13569321533923304 0.9005899705014749 0.04837758112094395 0.03008849557522124
1 0.2958702064896755 0.9103244837758112 0.05368731563421829 0.04247787610619469
1 0.4383480825958702 0.9194690265486726 0.05545722713864307 0.0359882005899705
1 0.5843657817109145 0.9132743362831859 0.04660766961651917 0.03657817109144543
1 0.7365781710914454 0.9047197640117994 0.05486725663716814 0.038348082595870206
1 0.8967551622418879 0.9073746312684365 0.058997050147492625 0.03657817109144543
