0 0.231858407079646 0.2103244837758112 0.20294985250737463 0.06548672566371681
0 0.22831858407079647 0.3262536873156342 0.10737463126843658 0.12389380530973451
0 0.21563421828908555 0.44837758112094395 0.07020648967551622 0.071976401179941
0 0.2144542772861357 0.5755162241887906 0.06430678466076696 0.05486725663716814
0 0.34277286135693213 0.22005899705014748 0.054277286135693215 0.0943952802359882
0 0.451622418879056 0.15752212389380532 0.08672566371681416 0.1415929203539823
0 0.6097345132743363 0.15103244837758112 0.11976401179941003 0.1368731563421829
0 0.5790560471976401 0.24336283185840707 0.1056047197640118 0.12920353982300886
1 0.7250737463126844 0.2 0.05545722713864307 0.044837758112094395
0 0.7215339233038348 0.2814159292035398 0.06017699115044248 0.04837758112094395
0 0.8920353982300885 0.20117994100294984 0.06135693215339233 0.0696165191740413
1 0.8386430678466077 0.3100294985250737 0.0584070796460177 0.043067846607669616
0 0.8407079646017699 0.4212389380530973 0.049557522123893805 0.06725663716814159
0 0.615339233038348 0.41474926253687316 0.07669616519174041 0.07669616519174041
0 0.6725663716814159 0.38672566371681416 0.08731563421828908 0.1528023598820059
0 0.33657817109144544 0.4584070796460177 0.12212389380530973 0.10855457227138643
1 0.459882005899705 0.4784660766961652 0.047787610619469026 0.05781710914454277
0 0.3383480825958702 0.5448377581120943 0.1398230088495575 0.07492625368731563
0 0.48672566371681414 0.6132743362831858 0.06135693215339233 0.05368731563421829
0 0.6289085545722713 0.5445427728613569 0.08849557522123894 0.143952802359882
0 0.7421828908554572 0.5982300884955752 0.0920353982300885 0.09557522123893805
1 0.8896755162241887 0.5427728613569321 0.054277286135693215 0.06017699115044248
1 0.5050147492625369 0.719174041297935 0.06843657817109144 0.0471976401179941
0 0.3359882005899705 0.7436578171091446 0.11622418879056047 0.07256637168141593
0 0.23097345132743363 0.7654867256637168 0.12566371681415928 0.06902654867256637
0 0.23392330383480825 0.8268436578171091 0.09734513274336283 0.08672566371681416
0 0.35752212389380533 0.8705014749262536 0.11445427728613569 0.07020648967551622
0 0.5200589970501475 0.8684365781710914 0.14454277286135692 0.11445427728613569
0 0.6448377581120944 0.8882005899705014 0.05781710914454277 0.061946902654867256
0 0.7778761061946903 0.8477876106194691 0.08672566371681416 0.11327433628318584
1 0.8973451327433628 0.8914454277286136 0.05073746312684366 0.049557522123893805
0 0.8737463126843658 0.7209439528023599 0.05663716814159292 0.09557522123893805
0 0.45368731563421827 0.32654867256637166 0.08613569321533923 0.06784660766961652
0 0.6672566371681415 0.7176991150442478 0.07787610619469026 0.033628318584070796
0 0.7793510324483776 0.7386430678466076 0.02831858407079646 0.03185840707964602
0 0.3141592920353982 0.3247787610619469 0.05014749262536873 0.05132743362831858
