0 0.25073746312684364 0.2551622418879056 0.07079646017699115 0.15634218289085544
0 0.24955752212389382 0.3008849557522124 0.04365781710914454 0.05663716814159292
0 0.4032448377581121 0.18761061946902655 0.16460176991150444 0.1191740412979351
0 0.36696165191740415 0.3088495575221239 0.11563421828908554 0.18112094395280237
0 0.5410029498525074 0.19174041297935102 0.03775811209439528 0.0920353982300885
1 0.6722713864306784 0.19085545722713865 0.04424778761061947 0.04188790560471976
0 0.7938053097345132 0.21002949852507374 0.10914454277286136 0.1392330383480826
0 0.9020648967551622 0.21622418879056046 0.09321533923303835 0.16342182890855456
0 0.8899705014749263 0.34188790560471977 0.1327433628318584 0.1870206489675516
1 0.7542772861356932 0.3224188790560472 0.047787610619469026 0.033628318584070796
0 0.616519174041298 0.34837758112094397 0.05781710914454277 0.12094395280235988
0 0.5067846607669616 0.35811209439528024 0.21238938053097345 0.0696165191740413
0 0.5887905604719764 0.45545722713864306 0.09911504424778761 0.143952802359882
0 0.7427728613569321 0.43539823008849554 0.044837758112094395 0.06253687315634218
0 0.8840707964601769 0.49203539823008846 0.13392330383480827 0.09085545722713864
0 0.22064896755162242 0.44660766961651915 0.0943952802359882 0.04837758112094395
0 0.3221238938053097 0.4247787610619469 0.06135693215339233 0.05781710914454277
1 0.4808259587020649 0.48289085545722715 0.06489675516224189 0.03480825958702065
0 0.23067846607669618 0.6005899705014749 0.09793510324483776 0.049557522123893805
0 0.387905604719764 0.6017699115044248 0.09970501474926254 0.18525073746312684
0 0.5212389380530973 0.5890855457227139 0.061946902654867256 0.04188790560471976
0 0.588495575221239 0.5348082595870206 0.06548672566371681 0.11858407079646018
0 0.671386430678466 0.5755162241887906 0.17227138643067846 0.11976401179941003
1 0.8486725663716814 0.5976401179941003 0.05132743362831858 0.05545722713864307
0 0.852212389380531 0.6858407079646017 0.09380530973451327 0.05132743362831858
0 0.6970501474926254 0.7156342182890856 0.043067846607669616 0.03775811209439528
0 0.8634218289085546 0.8569321533923304 0.12212389380530973 0.11032448377581121
0 0.6858407079646017 0.8660766961651918 0.15752212389380532 0.15575221238938053
0 0.49321533923303834 0.8979351032448377 0.09321533923303835 0.16519174041297935
0 0.4775811209439528 0.7271386430678466 0.16342182890855456 0.07374631268436578
0 0.37787610619469025 0.7575221238938052 0.07846607669616519 0.08023598820058997
0 0.20235988200589972 0.7587020648967552 0.20648967551622419 0.10383480825958702
0 0.13333333333333333 0.9179941002949852 0.16755162241887905 0.07315634218289085
0 0.3333333333333333 0.8817109144542773 0.08731563421828908 0.21415929203539824
