0 0.23392330383480825 0.215929203539823 0.1823008849557522 0.08023598820058997
0 0.22772861356932153 0.33067846607669615 0.13097345132743363 0.11268436578171091
0 0.21740412979351031 0.44660766961651915 0.04188790560471976 0.058997050147492625
0 0.21887905604719765 0.5725663716814159 0.04247787610619469 0.05132743362831858
0 0.22684365781710913 0.7566371681415929 0.12566371681415928 0.06312684365781711
0 0.23244837758112094 0.8230088495575221 0.06725663716814159 0.08731563421828908
0 0.3663716814159292 0.8616519174041298 0.10383480825958702 0.07138643067846608
0 0.51976401179941 0.863716814159292 0.13805309734513274 0.09321533923303835
0 0.6474926253687315 0.8923303834808259 0.052507374631268436 0.05604719764011799
0 0.7976401179941003 0.843952802359882 0.07669616519174041 0.11150442477876106
0 0.8979351032448377 0.8793510324483775 0.044837758112094395 0.04070796460176991
0 0.8787610619469026 0.7253687315634219 0.043067846607669616 0.07374631268436578
0 0.34100294985250734 0.7380530973451327 0.0943952802359882 0.071976401179941
1 0.4976401179941003 0.7206489675516224 0.04070796460176991 0.043067846607669616
0 0.664306784660767 0.7348082595870207 0.08141592920353982 0.04188790560471976
1 0.7693215339233038 0.7312684365781711 0.06017699115044248 0.0359882005899705
0 0.8887905604719764 0.5339233038348082 0.057227138643067846 0.0471976401179941
0 0.7348082595870207 0.5855457227138643 0.10914454277286136 0.06666666666666667
0 0.6200589970501474 0.5471976401179941 0.08967551622418879 0.15752212389380532
1 0.49085545722713864 0.6070796460176991 0.06725663716814159 0.0471976401179941
0 0.3256637168141593 0.5436578171091445 0.12743362831858407 0.06666666666666667
0 0.3321533923303835 0.4407079646017699 0.1215339233038348 0.13333333333333333
0 0.315929203539823 0.32448377581120946 0.06312684365781711 0.058997050147492625
0 0.34601769911504426 0.21474926253687315 0.06312684365781711 0.10383480825958702
0 0.45132743362831856 0.1592920353982301 0.08259587020648967 0.1415929203539823
0 0.46135693215339235 0.33067846607669615 0.08613569321533923 0.07020648967551622
0 0.46696165191740413 0.47876106194690266 0.06430678466076696 0.05014749262536873
0 0.5707964601769911 0.3935103244837758 0.1480825958702065 0.08141592920353982
0 0.6752212389380531 0.3858407079646018 0.09144542772861357 0.15693215339233038
0 0.8530973451327434 0.4008849557522124 0.0471976401179941 0.06902654867256637
0 0.8867256637168142 0.17256637168141592 0.05663716814159292 0.09852507374631268
0 0.612094395280236 0.14690265486725662 0.13156342182890857 0.13097345132743363
0 0.5663716814159292 0.2415929203539823 0.13333333333333333 0.13156342182890857
1 0.7283185840707964 0.2271386430678466 0.04070796460176991 0.04247787610619469
0 0.7268436578171091 0.2713864306784661 0.04365781710914454 0.0471976401179941
1 0.8330383480825958 0.31032448377581123 0.05073746312684366 0.05663716814159292
