1 0.13451327433628318 0.13067846607669617 0.04247787610619469 0.027728613569321534
1 0.1359882005899705 0.2926253687315634 0.03952802359882006 0.04365781710914454
1 0.1327433628318584 0.4168141592920354 0.04365781710914454 0.03126843657817109
1 0.1271386430678466 0.5634218289085545 0.05132743362831858 0.030678466076696165
1 0.12802359882005898 0.7238938053097345 0.06489675516224189 0.03775811209439528
1 0.13156342182890857 0.8920353982300885 0.04837758112094395 0.03421828908554572
1 0.28053097345132744 0.16666666666666666 0.03952802359882006 0.03126843657817109
1 0.29233038348082596 0.30265486725663715 0.047787610619469026 0.02359882005899705
1 0.2887905604719764 0.4182890855457227 0.043067846607669616 0.03893805309734513
1 0.28584070796460176 0.5613569321533923 0.03008849557522124 0.028908554572271386
1 0.3008849557522124 0.7194690265486725 0.04601769911504425 0.032448377581120944
1 0.29970501474926253 0.8817109144542773 0.04247787610619469 0.03716814159292035
1 0.44188790560471974 0.15398230088495574 0.04837758112094395 0.024778761061946902
0 0.45073746312684365 0.2976401179941003 0.03303834808259587 0.03480825958702065
1 0.452212389380531 0.41976401179941003 0.04424778761061947 0.03480825958702065
1 0.4451327433628319 0.55929203539823 0.04424778761061947 0.030678466076696165
1 0.45663716814159294 0.7008849557522123 0.04837758112094395 0.03421828908554572
1 0.4557522123893805 0.8828908554572271 0.05486725663716814 0.04424778761061947
1 0.5943952802359882 0.17168141592920355 0.028908554572271386 0.03657817109144543
1 0.6073746312684366 0.2949852507374631 0.04188790560471976 0.024778761061946902
1 0.6132743362831858 0.42507374631268435 0.05014749262536873 0.024188790560471976
1 0.612094395280236 0.5575221238938053 0.047787610619469026 0.030678466076696165
1 0.615929203539823 0.7005899705014749 0.04247787610619469 0.033628318584070796
1 0.6224188790560472 0.851622418879056 0.05073746312684366 0.032448377581120944
1 0.7660766961651917 0.16843657817109145 0.052507374631268436 0.024188790560471976
1 0.7539823008849558 0.28230088495575223 0.04365781710914454 0.03008849557522124
1 0.7510324483775811 0.4150442477876106 0.03657817109144543 0.033628318584070796
1 0.756047197640118 0.5519174041297935 0.04424778761061947 0.02654867256637168
1 0.7536873156342183 0.7035398230088495 0.043067846607669616 0.028908554572271386
1 0.7607669616519174 0.852212389380531 0.04424778761061947 0.032448377581120944
1 0.932448377581121 0.16578171091445426 0.04424778761061947 0.035398230088495575
0 0.940117994100295 0.28171091445427726 0.05132743362831858 0.03716814159292035
1 0.9342182890855457 0.40058997050147493 0.043067846607669616 0.03893805309734513
1 0.9404129793510324 0.5442477876106194 0.03775811209439528 0.03480825958702065
1 0.931268436578171 0.6988200589970501 0.03716814159292035 0.02182890855457227
1 0.9380530973451328 0.8548672566371681 0.04129793510324484 0.024778761061946902
