0 0.14041297935103245 0.14513274336283186 0.11799410029498525 0.11327433628318584
0 0.30737463126843656 0.11032448377581121 0.13451327433628318 0.11209439528023599
0 0.508259587020649 0.115929203539823 0.1056047197640118 0.16224188790560473
0 0.663126843657817 0.13480825958702064 0.08377581120943953 0.19882005899705013
0 0.8725663716814159 0.07905604719764012 0.15457227138643068 0.11327433628318584
0 0.7843657817109144 0.2168141592920354 0.1976401179941003 0.17522123893805308
0 0.15811209439528023 0.3209439528023599 0.11327433628318584 0.06017699115044248
1 0.15870206489675515 0.40294985250737464 0.054277286135693215 0.05073746312684366
0 0.11710914454277285 0.5070796460176991 0.12920353982300886 0.10088495575221239
0 0.10884955752212389 0.6548672566371682 0.1410029498525074 0.184070796460177
0 0.10501474926253687 0.7799410029498525 0.10619469026548672 0.1864306784660767
0 0.3070796460176991 0.28938053097345134 0.047787610619469026 0.0607669616519174
0 0.33952802359882006 0.4153392330383481 0.19174041297935102 0.0920353982300885
0 0.25899705014749264 0.5601769911504425 0.05781710914454277 0.043067846607669616
1 0.24660766961651917 0.6764011799410029 0.03893805309734513 0.0359882005899705
0 0.2215339233038348 0.828613569321534 0.09498525073746313 0.1374631268436578
0 0.4088495575221239 0.46814159292035395 0.07079646017699115 0.12684365781710916
0 0.47345132743362833 0.415929203539823 0.06430678466076696 0.04837758112094395
0 0.415929203539823 0.5454277286135694 0.10855457227138643 0.13864306784660768
0 0.37168141592920356 0.6607669616519174 0.06371681415929203 0.14041297935103245
1 0.3268436578171091 0.8094395280235989 0.05545722713864307 0.03775811209439528
0 0.4592920353982301 0.8138643067846607 0.05368731563421829 0.09262536873156342
0 0.5752212389380531 0.7979351032448377 0.10501474926253687 0.1457227138643068
0 0.5120943952802359 0.6374631268436578 0.20412979351032448 0.07020648967551622
0 0.6342182890855457 0.6867256637168142 0.10029498525073746 0.17581120943952802
1 0.5147492625368731 0.5171091445427729 0.04896755162241888 0.043067846607669616
0 0.5265486725663717 0.2861356932153392 0.16342182890855456 0.04837758112094395
0 0.6150442477876106 0.24454277286135692 0.05486725663716814 0.06666666666666667
0 0.6076696165191741 0.4002949852507375 0.10265486725663717 0.20353982300884954
0 0.7716814159292036 0.412094395280236 0.08141592920353982 0.07138643067846608
1 0.675811209439528 0.5613569321533923 0.0607669616519174 0.05486725663716814
0 0.7743362831858407 0.5528023598820059 0.10088495575221239 0.05781710914454277
0 0.7442477876106195 0.6979351032448378 0.057227138643067846 0.05073746312684366
0 0.7345132743362832 0.7486725663716814 0.08849557522123894 0.17345132743362832
