1 0.06371681415929203 0.14365781710914455 0.04365781710914454 0.038348082595870206
1 0.23569321533923304 0.14660766961651917 0.05014749262536873 0.043067846607669616
1 0.3743362831858407 0.14041297935103245 0.04660766961651917 0.029498525073746312
1 0.5445427728613569 0.12477876106194691 0.04365781710914454 0.028908554572271386
1 0.6970501474926254 0.11710914454277285 0.0584070796460177 0.04188790560471976
1 0.875221238938053 0.10943952802359883 0.061946902654867256 0.03126843657817109
1 0.0710914454277286 0.2976401179941003 0.038348082595870206 0.032448377581120944
1 0.24041297935103245 0.29793510324483774 0.04660766961651917 0.04365781710914454
1 0.38082595870206487 0.3047197640117994 0.052507374631268436 0.0359882005899705
1 0.5389380530973451 0.3005899705014749 0.04424778761061947 0.027728613569321534
1 0.695575221238938 0.2808259587020649 0.06607669616519174 0.040117994100294985
1 0.871976401179941 0.2737463126843658 0.06489675516224189 0.035398230088495575
1 0.06666666666666667 0.4486725663716814 0.06135693215339233 0.04070796460176991
1 0.24218289085545722 0.45014749262536874 0.06666666666666667 0.04247787610619469
1 0.3893805309734513 0.44483775811209436 0.06253687315634218 0.03775811209439528
1 0.5463126843657817 0.44129793510324483 0.06135693215339233 0.03775811209439528
1 0.7123893805309734 0.43716814159292033 0.04896755162241888 0.03303834808259587
1 0.8787610619469026 0.4392330383480826 0.04896755162241888 0.038348082595870206
1 0.06342182890855458 0.5985250737463127 0.05604719764011799 0.03126843657817109
1 0.24896755162241888 0.5914454277286135 0.06017699115044248 0.03716814159292035
1 0.38908554572271387 0.5764011799410029 0.0584070796460177 0.03185840707964602
1 0.5519174041297935 0.5755162241887906 0.04896755162241888 0.03716814159292035
1 0.7168141592920354 0.5775811209439528 0.06253687315634218 0.029498525073746312
1 0.8766961651917404 0.5834808259587021 0.05781710914454277 0.035398230088495575
1 0.05781710914454277 0.731858407079646 0.06017699115044248 0.03480825958702065
1 0.2392330383480826 0.7218289085545723 0.05368731563421829 0.04542772861356932
1 0.391740412979351 0.7103244837758111 0.05073746312684366 0.04129793510324484
1 0.5442477876106194 0.7097345132743362 0.043067846607669616 0.03893805309734513
1 0.703834808259587 0.6982300884955752 0.04601769911504425 0.038348082595870206
1 0.863716814159292 0.7041297935103245 0.03185840707964602 0.04188790560471976
1 0.0710914454277286 0.8327433628318583 0.0584070796460177 0.028908554572271386
1 0.2359882005899705 0.8427728613569322 0.05073746312684366 0.043067846607669616
1 0.39941002949852505 0.8294985250737463 0.02831858407079646 0.030678466076696165
1 0.5469026548672566 0.8457227138643068 0.058997050147492625 0.02654867256637168
1 0.7271386430678466 0.8365781710914454 0.04188790560471976 0.044837758112094395
1 0.8675516224188791 0.8737463126843658 0.032448377581120944 0.0471976401179941
