1 0.15162241887905603 0.187905604719764 0.05545722713864307 0.03126843657817109
1 0.15132743362831858 0.3386430678466077 0.04424778761061947 0.027138643067846607
1 0.1430678466076696 0.5135693215339233 0.05368731563421829 0.038348082595870206
1 0.13628318584070798 0.6230088495575221 0.04601769911504425 0.03185840707964602
1 0.13952802359882005 0.7660766961651917 0.04070796460176991 0.03480825958702065
1 0.1448377581120944 0.8772861356932153 0.05132743362831858 0.022418879056047197
1 0.3064896755162242 0.20117994100294984 0.04660766961651917 0.035398230088495575
1 0.3106194690265487 0.34129793510324485 0.047787610619469026 0.028908554572271386
1 0.30619469026548674 0.5064896755162241 0.04129793510324484 0.027728613569321534
1 0.3112094395280236 0.6386430678466076 0.04424778761061947 0.03480825958702065
1 0.3041297935103245 0.7734513274336283 0.05368731563421829 0.03303834808259587
1 0.2902654867256637 0.8846607669616519 0.03657817109144543 0.03480825958702065
1 0.48200589970501473 0.18377581120943953 0.04365781710914454 0.024188790560471976
1 0.4713864306784661 0.33628318584070793 0.03775811209439528 0.029498525073746312
1 0.44955752212389377 0.4994100294985251 0.049557522123893805 0.04070796460176991
1 0.44896755162241886 0.6300884955752213 0.05663716814159292 0.030678466076696165
1 0.456047197640118 0.7702064896755162 0.04365781710914454 0.024188790560471976
1 0.45545722713864306 0.8884955752212389 0.05309734513274336 0.030678466076696165
1 0.6262536873156342 0.1831858407079646 0.043067846607669616 0.027728613569321534
1 0.6339233038348082 0.3333333333333333 0.04542772861356932 0.030678466076696165
1 0.6268436578171092 0.49498525073746313 0.04542772861356932 0.02831858407079646
1 0.6309734513274337 0.6286135693215339 0.04542772861356932 0.03716814159292035
1 0.6050147492625368 0.7705014749262536 0.05014749262536873 0.02831858407079646
1 0.5988200589970502 0.8952802359882006 0.05781710914454277 0.028908554572271386
1 0.7628318584070797 0.18908554572271385 0.040117994100294985 0.018289085545722714
1 0.7669616519174041 0.33716814159292036 0.027138643067846607 0.032448377581120944
1 0.7622418879056048 0.47404129793510325 0.03893805309734513 0.03480825958702065
1 0.7693215339233038 0.6398230088495576 0.03893805309734513 0.024188790560471976
1 0.7566371681415929 0.7769911504424779 0.027728613569321534 0.03421828908554572
1 0.748377581120944 0.8955752212389381 0.04896755162241888 0.030678466076696165
1 0.8766961651917404 0.18908554572271385 0.03775811209439528 0.03008849557522124
1 0.8846607669616519 0.3415929203539823 0.04424778761061947 0.03775811209439528
1 0.8787610619469026 0.4713864306784661 0.04070796460176991 0.04129793510324484
1 0.8758112094395281 0.6312684365781711 0.047787610619469026 0.025958702064896755
1 0.8728613569321534 0.7690265486725664 0.047787610619469026 0.038348082595870206
1 0.8923303834808259 0.8982300884955752 0.057227138643067846 0.03480825958702065
