1 0.06843657817109144 0.1424778761061947 0.06489675516224189 0.027728613569321534
1 0.0705014749262537 0.2973451327433628 0.04660766961651917 0.02831858407079646
1 0.06371681415929203 0.45014749262536874 0.04837758112094395 0.035398230088495575
1 0.06607669616519174 0.5961651917404129 0.05309734513274336 0.03480825958702065
1 0.06489675516224189 0.7176991150442478 0.05309734513274336 0.03952802359882006
1 0.06430678466076696 0.8324483775811209 0.04601769911504425 0.027138643067846607
1 0.2398230088495575 0.1471976401179941 0.038348082595870206 0.032448377581120944
1 0.2415929203539823 0.296165191740413 0.032448377581120944 0.03657817109144543
1 0.24572271386430677 0.44188790560471974 0.05014749262536873 0.030678466076696165
1 0.24660766961651917 0.5876106194690265 0.04837758112094395 0.03893805309734513
1 0.24100294985250736 0.7241887905604719 0.04070796460176991 0.033628318584070796
1 0.23539823008849559 0.8321533923303834 0.0471976401179941 0.028908554572271386
1 0.37551622418879055 0.1457227138643068 0.043067846607669616 0.029498525073746312
1 0.3893805309734513 0.3041297935103245 0.04129793510324484 0.02654867256637168
1 0.3893805309734513 0.4474926253687316 0.04365781710914454 0.03126843657817109
1 0.39321533923303836 0.5772861356932153 0.04188790560471976 0.02536873156342183
1 0.39233038348082594 0.7091445427728613 0.04129793510324484 0.030678466076696165
1 0.4061946902654867 0.8327433628318583 0.04188790560471976 0.0359882005899705
1 0.5504424778761062 0.12212389380530973 0.03775811209439528 0.03185840707964602
1 0.5442477876106194 0.2973451327433628 0.03952802359882006 0.035398230088495575
1 0.5525073746312684 0.43569321533923305 0.04660766961651917 0.03716814159292035
1 0.5504424778761062 0.5761061946902655 0.04837758112094395 0.02654867256637168
1 0.5492625368731563 0.7002949852507374 0.05073746312684366 0.03421828908554572
1 0.5563421828908555 0.8424778761061946 0.04247787610619469 0.029498525073746312
1 0.7017699115044248 0.11415929203539824 0.04070796460176991 0.033628318584070796
1 0.7008849557522123 0.28053097345132744 0.04601769911504425 0.027728613569321534
1 0.7061946902654868 0.43333333333333335 0.0471976401179941 0.03952802359882006
1 0.7115044247787611 0.5761061946902655 0.03421828908554572 0.03126843657817109
1 0.876401179941003 0.10766961651917403 0.04896755162241888 0.03480825958702065
1 0.8728613569321534 0.27404129793510323 0.05132743362831858 0.0359882005899705
1 0.8684365781710914 0.43952802359882004 0.04247787610619469 0.05191740412979351
1 0.8761061946902655 0.5808259587020649 0.049557522123893805 0.03126843657817109
1 0.7091445427728613 0.7014749262536873 0.04247787610619469 0.035398230088495575
1 0.868141592920354 0.7032448377581121 0.0359882005899705 0.030678466076696165
1 0.7315634218289085 0.8303834808259587 0.04365781710914454 0.038348082595870206
1 0.8678466076696165 0.8678466076696165 0.03421828908554572 0.04601769911504425
