1 0.1448377581120944 0.12182890855457226 0.05368731563421829 0.038348082595870206
1 0.1392330383480826 0.23480825958702065 0.04129793510324484 0.024778761061946902
1 0.13215339233038348 0.37846607669616517 0.044837758112094395 0.03126843657817109
1 0.1415929203539823 0.4887905604719764 0.040117994100294985 0.03008849557522124
1 0.143952802359882 0.6610619469026549 0.049557522123893805 0.02536873156342183
1 0.1471976401179941 0.8088495575221238 0.03480825958702065 0.03421828908554572
1 0.28908554572271383 0.11327433628318584 0.05309734513274336 0.03185840707964602
1 0.29469026548672567 0.22536873156342183 0.057227138643067846 0.029498525073746312
1 0.30206489675516224 0.36047197640117995 0.05545722713864307 0.03421828908554572
1 0.3023598820058997 0.49675516224188787 0.04896755162241888 0.030678466076696165
1 0.3088495575221239 0.6587020648967552 0.04424778761061947 0.032448377581120944
1 0.30914454277286135 0.8008849557522124 0.04837758112094395 0.03008849557522124
1 0.45132743362831856 0.10294985250737462 0.03893805309734513 0.03480825958702065
1 0.463716814159292 0.2312684365781711 0.04365781710914454 0.02359882005899705
1 0.46017699115044247 0.3702064896755162 0.05781710914454277 0.024188790560471976
1 0.452212389380531 0.49793510324483775 0.03952802359882006 0.03303834808259587
1 0.4696165191740413 0.6613569321533923 0.04129793510324484 0.03893805309734513
1 0.4808259587020649 0.8138643067846607 0.05191740412979351 0.04542772861356932
1 0.6002949852507374 0.10471976401179942 0.04424778761061947 0.03008849557522124
1 0.6014749262536873 0.22625368731563422 0.043067846607669616 0.03126843657817109
1 0.6268436578171092 0.368141592920354 0.04542772861356932 0.03185840707964602
1 0.7407079646017699 0.10088495575221239 0.04542772861356932 0.03775811209439528
1 0.7501474926253687 0.22477876106194689 0.0359882005899705 0.02831858407079646
1 0.7613569321533923 0.36047197640117995 0.04660766961651917 0.01887905604719764
1 0.8896755162241887 0.10117994100294986 0.04247787610619469 0.03952802359882006
1 0.8725663716814159 0.22890855457227138 0.044837758112094395 0.03657817109144543
1 0.8722713864306785 0.36578171091445427 0.03716814159292035 0.03893805309734513
1 0.6250737463126843 0.5014749262536873 0.043067846607669616 0.03657817109144543
1 0.764306784660767 0.5206489675516224 0.03716814159292035 0.038348082595870206
1 0.8740412979351032 0.5262536873156343 0.032448377581120944 0.04129793510324484
1 0.6351032448377582 0.6657817109144543 0.05958702064896755 0.0359882005899705
1 0.7669616519174041 0.6657817109144543 0.03185840707964602 0.028908554572271386
1 0.8831858407079646 0.6663716814159292 0.049557522123893805 0.024188790560471976
1 0.6292035398230088 0.8153392330383481 0.05014749262536873 0.029498525073746312
1 0.7622418879056048 0.8115044247787611 0.05073746312684366 0.027728613569321534
1 0.8746312684365781 0.807669616519174 0.05486725663716814 0.02831858407079646
