0 0.12536873156342182 0.0710914454277286 0.0607669616519174 0.09026548672566372
0 0.10943952802359883 0.2336283185840708 0.07728613569321534 0.07905604719764012
0 0.11209439528023599 0.32654867256637166 0.07905604719764012 0.06312684365781711
0 0.2415929203539823 0.034513274336283185 0.0808259587020649 0.057227138643067846
0 0.2424778761061947 0.1902654867256637 0.08023598820058997 0.057227138643067846
0 0.228023598820059 0.28407079646017697 0.09852507374631268 0.08790560471976401
0 0.3997050147492625 0.04277286135693215 0.057227138643067846 0.06312684365781711
0 0.34513274336283184 0.1648967551622419 0.08259587020648967 0.06902654867256637
0 0.5303834808259587 0.11533923303834809 0.06017699115044248 0.04424778761061947
0 0.6660766961651917 0.051622418879056046 0.10383480825958702 0.04188790560471976
1 0.8463126843657817 0.08436578171091445 0.05958702064896755 0.04601769911504425
0 0.692330383480826 0.22359882005899706 0.07020648967551622 0.044837758112094395
0 0.8533923303834808 0.22979351032448378 0.05958702064896755 0.05368731563421829
0 0.5218289085545723 0.25663716814159293 0.0831858407079646 0.06843657817109144
0 0.35398230088495575 0.38082595870206487 0.06253687315634218 0.10324483775811209
0 0.5412979351032449 0.3359882005899705 0.07256637168141593 0.05132743362831858
0 0.6855457227138643 0.35516224188790557 0.05545722713864307 0.07079646017699115
1 0.8666666666666667 0.387905604719764 0.05663716814159292 0.05014749262536873
0 0.5427728613569321 0.46814159292035395 0.08495575221238938 0.07020648967551622
0 0.3572271386430678 0.46578171091445425 0.06902654867256637 0.05132743362831858
0 0.6917404129793511 0.5188790560471976 0.05368731563421829 0.06902654867256637
0 0.8471976401179941 0.515339233038348 0.07079646017699115 0.05604719764011799
0 0.12772861356932153 0.5412979351032449 0.10206489675516224 0.06784660766961652
0 0.19882005899705013 0.5654867256637168 0.08259587020648967 0.09380530973451327
0 0.07315634218289085 0.6640117994100295 0.12507374631268436 0.15398230088495574
0 0.21563421828908555 0.679646017699115 0.06784660766961652 0.08849557522123894
0 0.13156342182890857 0.8091445427728613 0.0943952802359882 0.05132743362831858
0 0.19852507374631267 0.8259587020648967 0.09616519174041298 0.07551622418879056
0 0.3648967551622419 0.6970501474926254 0.0831858407079646 0.06312684365781711
0 0.36607669616519173 0.7837758112094395 0.06666666666666667 0.0808259587020649
0 0.4929203539823009 0.6008849557522123 0.07728613569321534 0.06312684365781711
0 0.6825958702064897 0.6286135693215339 0.07315634218289085 0.05132743362831858
0 0.848377581120944 0.6182890855457227 0.06371681415929203 0.058997050147492625
0 0.5056047197640118 0.7896755162241887 0.09321533923303835 0.0584070796460177
0 0.6973451327433628 0.8283185840707965 0.09911504424778761 0.06607669616519174
0 0.8371681415929203 0.8135693215339233 0.06371681415929203 0.07315634218289085
