0 0.25398230088495577 0.2545722713864307 0.07138643067846608 0.16342182890855456
0 0.24926253687315633 0.30619469026548674 0.0607669616519174 0.044837758112094395
0 0.3654867256637168 0.3100294985250737 0.11268436578171091 0.17876106194690267
0 0.41976401179941003 0.1976401179941003 0.10442477876106195 0.11091445427728613
0 0.5404129793510324 0.1920353982300885 0.05663716814159292 0.07846607669616519
1 0.6678466076696166 0.19174041297935102 0.040117994100294985 0.03185840707964602
0 0.7876106194690266 0.2079646017699115 0.06725663716814159 0.1457227138643068
0 0.8943952802359882 0.21769911504424777 0.08023598820058997 0.1687315634218289
0 0.891740412979351 0.35693215339233036 0.10914454277286136 0.16519174041297935
1 0.7507374631268436 0.3176991150442478 0.043067846607669616 0.03952802359882006
0 0.6297935103244837 0.343952802359882 0.07492625368731563 0.12035398230088495
0 0.492330383480826 0.3648967551622419 0.1893805309734513 0.07138643067846608
0 0.2271386430678466 0.44424778761061945 0.08377581120943953 0.04129793510324484
1 0.32890855457227136 0.4359882005899705 0.038348082595870206 0.03421828908554572
1 0.48436578171091443 0.48112094395280236 0.05545722713864307 0.03480825958702065
0 0.23303834808259588 0.5929203539823009 0.071976401179941 0.03657817109144543
0 0.20029498525073747 0.7710914454277286 0.1929203539823009 0.05781710914454277
0 0.12536873156342182 0.931858407079646 0.15634218289085544 0.05368731563421829
0 0.4648967551622419 0.7185840707964601 0.15575221238938053 0.049557522123893805
0 0.38672566371681416 0.7595870206489675 0.05486725663716814 0.06312684365781711
0 0.34837758112094397 0.8734513274336283 0.08200589970501475 0.21297935103244836
0 0.5218289085545723 0.5805309734513274 0.057227138643067846 0.04601769911504425
0 0.5887905604719764 0.5294985250737463 0.06607669616519174 0.12094395280235988
0 0.6666666666666666 0.5755162241887906 0.18171091445427728 0.09852507374631268
0 0.8899705014749263 0.4970501474926254 0.12094395280235988 0.07728613569321534
1 0.752802359882006 0.44188790560471974 0.044837758112094395 0.04247787610619469
1 0.8477876106194691 0.5946902654867257 0.025958702064896755 0.040117994100294985
1 0.6920353982300885 0.7194690265486725 0.03775811209439528 0.04896755162241888
0 0.8560471976401179 0.6825958702064897 0.09911504424778761 0.05191740412979351
0 0.8654867256637168 0.8542772861356932 0.1215339233038348 0.11799410029498525
0 0.6882005899705015 0.8675516224188791 0.1351032448377581 0.1504424778761062
0 0.48761061946902656 0.8899705014749263 0.07728613569321534 0.16106194690265485
0 0.3979351032448378 0.6032448377581121 0.08672566371681416 0.19174041297935102
0 0.5834808259587021 0.4551622418879056 0.09085545722713864 0.13156342182890857
