1 0.13126843657817108 0.12831858407079647 0.032448377581120944 0.028908554572271386
1 0.13303834808259588 0.2943952802359882 0.0359882005899705 0.03657817109144543
1 0.13067846607669617 0.41238938053097346 0.052507374631268436 0.03421828908554572
1 0.12684365781710916 0.5589970501474926 0.02831858407079646 0.03480825958702065
1 0.11976401179941003 0.7262536873156342 0.049557522123893805 0.030678466076696165
1 0.12359882005899706 0.8852507374631269 0.04660766961651917 0.033628318584070796
1 0.27404129793510323 0.1663716814159292 0.04424778761061947 0.03657817109144543
1 0.29174041297935105 0.3017699115044248 0.04542772861356932 0.03480825958702065
1 0.28466076696165193 0.41976401179941003 0.04542772861356932 0.038348082595870206
1 0.279646017699115 0.5566371681415929 0.044837758112094395 0.032448377581120944
1 0.2982300884955752 0.7171091445427729 0.03008849557522124 0.03126843657817109
1 0.3056047197640118 0.8823008849557522 0.03893805309734513 0.03126843657817109
1 0.4469026548672566 0.15545722713864307 0.05132743362831858 0.04070796460176991
1 0.45014749262536874 0.2929203539823009 0.040117994100294985 0.028908554572271386
1 0.44837758112094395 0.4194690265486726 0.04129793510324484 0.03303834808259587
1 0.4474926253687316 0.5563421828908555 0.04424778761061947 0.03657817109144543
1 0.4486725663716814 0.7020648967551623 0.05604719764011799 0.030678466076696165
1 0.45191740412979353 0.868141592920354 0.0471976401179941 0.03716814159292035
1 0.5991150442477876 0.16843657817109145 0.03126843657817109 0.018289085545722714
1 0.6044247787610619 0.28908554572271383 0.038348082595870206 0.02359882005899705
1 0.6094395280235988 0.4206489675516224 0.03657817109144543 0.03893805309734513
1 0.6047197640117994 0.5554572271386431 0.05073746312684366 0.028908554572271386
1 0.6100294985250737 0.6976401179941003 0.044837758112094395 0.027728613569321534
1 0.628023598820059 0.856637168141593 0.05132743362831858 0.03303834808259587
1 0.7690265486725664 0.16519174041297935 0.03480825958702065 0.027138643067846607
1 0.7592920353982301 0.2799410029498525 0.04601769911504425 0.033628318584070796
1 0.7533923303834809 0.4176991150442478 0.03775811209439528 0.03185840707964602
1 0.7592920353982301 0.5530973451327433 0.04365781710914454 0.03126843657817109
1 0.7510324483775811 0.7011799410029499 0.04129793510324484 0.03126843657817109
1 0.7575221238938052 0.8474926253687316 0.04601769911504425 0.04660766961651917
1 0.9368731563421828 0.1648967551622419 0.03185840707964602 0.023008849557522124
1 0.9392330383480826 0.2743362831858407 0.03303834808259587 0.03893805309734513
1 0.9345132743362832 0.39941002949852505 0.03657817109144543 0.035398230088495575
1 0.9309734513274336 0.5483775811209439 0.04601769911504425 0.033628318584070796
1 0.9292035398230089 0.6976401179941003 0.03185840707964602 0.02182890855457227
1 0.9362831858407079 0.8572271386430679 0.03657817109144543 0.017699115044247787
