0 0.1504424778761062 0.17551622418879056 0.1368731563421829 0.09262536873156342
0 0.15604719764011798 0.3185840707964602 0.0584070796460177 0.09557522123893805
0 0.2604719764011799 0.25781710914454276 0.13156342182890857 0.07079646017699115
0 0.32595870206489674 0.171976401179941 0.09262536873156342 0.11386430678466077
0 0.5297935103244837 0.15693215339233038 0.15103244837758112 0.06253687315634218
0 0.6607669616519174 0.13480825958702064 0.06371681415929203 0.18584070796460178
0 0.771386430678466 0.1182890855457227 0.1457227138643068 0.10088495575221239
0 0.5292035398230088 0.2825958702064897 0.1663716814159292 0.05191740412979351
0 0.6020648967551623 0.2545722713864307 0.1056047197640118 0.07256637168141593
0 0.7241887905604719 0.25073746312684364 0.17168141592920355 0.07315634218289085
0 0.7460176991150442 0.3489675516224189 0.09262536873156342 0.04542772861356932
0 0.3191740412979351 0.35398230088495575 0.12507374631268436 0.1463126843657817
0 0.40825958702064896 0.48731563421828905 0.11445427728613569 0.0743362831858407
0 0.471976401179941 0.4324483775811209 0.06489675516224189 0.03775811209439528
0 0.4761061946902655 0.47050147492625366 0.10501474926253687 0.1398230088495575
0 0.456047197640118 0.5268436578171092 0.054277286135693215 0.06017699115044248
0 0.6035398230088496 0.39469026548672564 0.10619469026548672 0.20294985250737463
0 0.551622418879056 0.5746312684365782 0.10737463126843658 0.08377581120943953
0 0.6200589970501474 0.5790560471976401 0.11445427728613569 0.08790560471976401
0 0.667551622418879 0.5165191740412979 0.05604719764011799 0.07610619469026549
0 0.7289085545722713 0.6008849557522123 0.05486725663716814 0.06312684365781711
0 0.7474926253687315 0.6610619469026549 0.09793510324483776 0.10088495575221239
1 0.10117994100294986 0.5294985250737463 0.05014749262536873 0.024188790560471976
0 0.1896755162241888 0.5911504424778761 0.07374631268436578 0.13097345132743363
0 0.2887905604719764 0.6026548672566372 0.17404129793510326 0.12330383480825959
0 0.38820058997050144 0.6646017699115044 0.07787610619469026 0.13156342182890857
0 0.10707964601769912 0.6389380530973451 0.10678466076696165 0.17345132743362832
0 0.28171091445427726 0.7212389380530974 0.09616519174041298 0.08200589970501475
0 0.12566371681415928 0.8106194690265487 0.15103244837758112 0.15693215339233038
0 0.25014749262536873 0.8227138643067846 0.10383480825958702 0.08908554572271386
1 0.335693215339233 0.8085545722713864 0.044837758112094395 0.04188790560471976
0 0.45870206489675514 0.8047197640117993 0.047787610619469026 0.08967551622418879
0 0.6014749262536873 0.7970501474926254 0.10914454277286136 0.12389380530973451
0 0.675811209439528 0.8135693215339233 0.08436578171091445 0.17817109144542773
