1 0.12212389380530973 0.10825958702064897 0.03657817109144543 0.023008849557522124
1 0.12094395280235988 0.27935103244837756 0.03893805309734513 0.03480825958702065
1 0.12625368731563422 0.44424778761061945 0.04365781710914454 0.024778761061946902
1 0.12359882005899706 0.5805309734513274 0.05368731563421829 0.03893805309734513
1 0.13333333333333333 0.7094395280235988 0.04837758112094395 0.038348082595870206
1 0.13126843657817108 0.8663716814159292 0.05368731563421829 0.04542772861356932
1 0.2994100294985251 0.1191740412979351 0.04660766961651917 0.022418879056047197
0 0.30206489675516224 0.28053097345132744 0.04601769911504425 0.0359882005899705
1 0.28997050147492626 0.4392330383480826 0.04188790560471976 0.038348082595870206
1 0.2814159292035398 0.5811209439528023 0.05545722713864307 0.03775811209439528
1 0.2943952802359882 0.7008849557522123 0.044837758112094395 0.040117994100294985
1 0.2799410029498525 0.8415929203539823 0.05368731563421829 0.03952802359882006
1 0.45014749262536874 0.12684365781710916 0.0471976401179941 0.027138643067846607
1 0.4533923303834808 0.2976401179941003 0.04660766961651917 0.032448377581120944
1 0.45132743362831856 0.44277286135693217 0.04129793510324484 0.027728613569321534
1 0.4469026548672566 0.5796460176991151 0.04424778761061947 0.03126843657817109
1 0.4463126843657817 0.692330383480826 0.04542772861356932 0.03716814159292035
1 0.44483775811209436 0.848377581120944 0.04365781710914454 0.029498525073746312
1 0.6253687315634218 0.13480825958702064 0.05073746312684366 0.02536873156342183
1 0.7587020648967552 0.143952802359882 0.04601769911504425 0.025958702064896755
1 0.9359882005899705 0.14513274336283186 0.04660766961651917 0.03303834808259587
1 0.6147492625368731 0.2982300884955752 0.04247787610619469 0.033628318584070796
1 0.7519174041297935 0.2973451327433628 0.03716814159292035 0.03421828908554572
1 0.9259587020648967 0.29882005899705016 0.038348082595870206 0.03008849557522124
1 0.6079646017699115 0.4492625368731563 0.04660766961651917 0.027728613569321534
1 0.7625368731563422 0.44601769911504424 0.03952802359882006 0.02831858407079646
1 0.9339233038348083 0.4469026548672566 0.04129793510324484 0.027728613569321534
1 0.6067846607669617 0.5811209439528023 0.057227138643067846 0.03185840707964602
1 0.7492625368731564 0.5870206489675516 0.03775811209439528 0.02831858407079646
1 0.932448377581121 0.5946902654867257 0.04424778761061947 0.04247787610619469
1 0.6050147492625368 0.7091445427728613 0.043067846607669616 0.03303834808259587
1 0.7525073746312684 0.7162241887905605 0.052507374631268436 0.049557522123893805
1 0.931268436578171 0.7067846607669617 0.047787610619469026 0.04129793510324484
1 0.5929203539823009 0.8227138643067846 0.040117994100294985 0.033628318584070796
1 0.7666666666666666 0.8345132743362832 0.04188790560471976 0.04424778761061947
1 0.9200589970501475 0.8359882005899705 0.0359882005899705 0.03657817109144543
