1 0.11622418879056047 0.1271386430678466 0.04837758112094395 0.033628318584070796
0 0.30855457227138644 0.13952802359882005 0.03893805309734513 0.03716814159292035
0 0.45073746312684365 0.13392330383480827 0.044837758112094395 0.04247787610619469
0 0.584070796460177 0.19144542772861356 0.04365781710914454 0.04660766961651917
0 0.7374631268436578 0.17551622418879056 0.04247787610619469 0.047787610619469026
0 0.9330383480825959 0.16430678466076695 0.038348082595870206 0.038348082595870206
0 0.9244837758112094 0.29056047197640117 0.03421828908554572 0.03480825958702065
0 0.9424778761061947 0.40235988200589967 0.04424778761061947 0.049557522123893805
1 0.93952802359882 0.5448377581120943 0.03126843657817109 0.03126843657817109
0 0.9374631268436578 0.6887905604719764 0.04129793510324484 0.03480825958702065
1 0.9410029498525073 0.8498525073746312 0.040117994100294985 0.0359882005899705
0 0.8188790560471977 0.8174041297935103 0.03421828908554572 0.04188790560471976
0 0.7825958702064897 0.6651917404129793 0.047787610619469026 0.0359882005899705
0 0.7696165191740413 0.5595870206489676 0.03126843657817109 0.04542772861356932
1 0.7519174041297935 0.40353982300884955 0.03480825958702065 0.03893805309734513
1 0.7418879056047197 0.30029498525073745 0.033628318584070796 0.030678466076696165
0 0.6029498525073747 0.25958702064896755 0.06607669616519174 0.04365781710914454
1 0.6079646017699115 0.41710914454277287 0.04188790560471976 0.030678466076696165
0 0.628023598820059 0.5348082595870206 0.03480825958702065 0.04896755162241888
0 0.6306784660766962 0.6592920353982301 0.04365781710914454 0.04070796460176991
0 0.6356932153392331 0.8407079646017699 0.05604719764011799 0.05191740412979351
1 0.47935103244837757 0.8613569321533923 0.05368731563421829 0.03185840707964602
0 0.45545722713864306 0.7115044247787611 0.04365781710914454 0.04837758112094395
1 0.44837758112094395 0.5528023598820059 0.04365781710914454 0.040117994100294985
1 0.44778761061946903 0.42094395280235986 0.05309734513274336 0.03126843657817109
0 0.4504424778761062 0.3359882005899705 0.05486725663716814 0.047787610619469026
1 0.3023598820058997 0.2976401179941003 0.05604719764011799 0.02182890855457227
0 0.29410029498525075 0.40176991150442476 0.04424778761061947 0.0471976401179941
1 0.2887905604719764 0.5581120943952802 0.05486725663716814 0.03893805309734513
0 0.3368731563421829 0.6958702064896755 0.04837758112094395 0.061946902654867256
1 0.3023598820058997 0.876401179941003 0.043067846607669616 0.05132743362831858
1 0.1463126843657817 0.9067846607669616 0.054277286135693215 0.03657817109144543
1 0.12979351032448377 0.6917404129793511 0.06135693215339233 0.03716814159292035
0 0.1433628318584071 0.5348082595870206 0.04601769911504425 0.04896755162241888
0 0.14365781710914455 0.43864306784660767 0.04896755162241888 0.043067846607669616
1 0.13539823008849558 0.29056047197640117 0.03716814159292035 0.04070796460176991
