0 0.11091445427728613 0.058112094395280235 0.07905604719764012 0.0831858407079646
0 0.11445427728613569 0.2365781710914454 0.06253687315634218 0.08613569321533923
0 0.13392330383480827 0.3165191740412979 0.058997050147492625 0.0855457227138643
0 0.26253687315634217 0.05014749262536873 0.05191740412979351 0.071976401179941
0 0.41061946902654867 0.06017699115044248 0.049557522123893805 0.07315634218289085
0 0.531858407079646 0.11563421828908554 0.04188790560471976 0.04601769911504425
0 0.6805309734513274 0.06224188790560472 0.09852507374631268 0.06312684365781711
0 0.8525073746312685 0.07758112094395281 0.04837758112094395 0.03952802359882006
0 0.24041297935103245 0.18348082595870208 0.04896755162241888 0.06725663716814159
0 0.3817109144542773 0.17817109144542773 0.11799410029498525 0.071976401179941
0 0.5353982300884955 0.24985250737463127 0.057227138643067846 0.06312684365781711
0 0.7115044247787611 0.2398230088495575 0.04247787610619469 0.04424778761061947
1 0.8507374631268436 0.2365781710914454 0.06253687315634218 0.044837758112094395
0 0.23244837758112094 0.3153392330383481 0.0696165191740413 0.10914454277286136
0 0.36342182890855457 0.3386430678466077 0.058997050147492625 0.0696165191740413
0 0.5410029498525074 0.3238938053097345 0.07079646017699115 0.06371681415929203
0 0.6861356932153392 0.3811209439528024 0.05309734513274336 0.05663716814159292
1 0.8731563421828908 0.3823008849557522 0.06253687315634218 0.06607669616519174
0 0.1398230088495575 0.5306784660766961 0.06725663716814159 0.07846607669616519
0 0.22094395280235987 0.5507374631268437 0.06430678466076696 0.09852507374631268
0 0.3566371681415929 0.4607669616519174 0.07846607669616519 0.05781710914454277
0 0.5244837758112094 0.46814159292035395 0.06253687315634218 0.06312684365781711
0 0.699410029498525 0.5191740412979351 0.038348082595870206 0.07551622418879056
0 0.8513274336283185 0.5191740412979351 0.05663716814159292 0.08259587020648967
0 0.8519174041297934 0.6297935103244837 0.054277286135693215 0.04660766961651917
0 0.6837758112094395 0.6215339233038348 0.05781710914454277 0.06548672566371681
0 0.5179941002949853 0.612094395280236 0.05545722713864307 0.06548672566371681
0 0.12123893805309735 0.6843657817109144 0.057227138643067846 0.14277286135693215
0 0.21002949852507374 0.6858407079646017 0.05191740412979351 0.11032448377581121
0 0.3740412979351032 0.6787610619469027 0.05073746312684366 0.08436578171091445
0 0.14660766961651917 0.8085545722713864 0.07846607669616519 0.05604719764011799
0 0.228023598820059 0.8256637168141593 0.038348082595870206 0.10324483775811209
0 0.3728613569321534 0.7820058997050148 0.04837758112094395 0.06784660766961652
0 0.4994100294985251 0.7710914454277286 0.07256637168141593 0.06725663716814159
0 0.6952802359882005 0.8392330383480826 0.07610619469026549 0.06784660766961652
0 0.8469026548672566 0.8259587020648967 0.05958702064896755 0.06371681415929203
