0 0.1191740412979351 0.05693215339233038 0.07079646017699115 0.10088495575221239
0 0.1135693215339233 0.240117994100295 0.06548672566371681 0.07669616519174041
0 0.1271386430678466 0.3112094395280236 0.057227138643067846 0.07964601769911504
0 0.24926253687315633 0.056342182890855456 0.07846607669616519 0.05132743362831858
0 0.2471976401179941 0.1870206489675516 0.04837758112094395 0.06017699115044248
0 0.22359882005899706 0.3079646017699115 0.06607669616519174 0.1168141592920354
0 0.4014749262536873 0.06755162241887905 0.06784660766961652 0.0607669616519174
0 0.36224188790560474 0.184070796460177 0.12979351032448377 0.054277286135693215
1 0.5356932153392331 0.11238938053097344 0.05545722713864307 0.0584070796460177
0 0.6707964601769911 0.06283185840707964 0.10973451327433628 0.052507374631268436
0 0.8575221238938053 0.09970501474926254 0.06312684365781711 0.03657817109144543
0 0.7050147492625368 0.2312684365781711 0.06843657817109144 0.0471976401179941
0 0.8581120943952802 0.22831858407079647 0.047787610619469026 0.06371681415929203
0 0.3566371681415929 0.3616519174041298 0.04660766961651917 0.11091445427728613
0 0.5342182890855457 0.2587020648967552 0.057227138643067846 0.06902654867256637
0 0.5371681415929204 0.32654867256637166 0.057227138643067846 0.06312684365781711
1 0.6858407079646017 0.37728613569321534 0.052507374631268436 0.061946902654867256
0 0.8828908554572271 0.38436578171091446 0.06430678466076696 0.06902654867256637
0 0.8501474926253687 0.5194690265486726 0.05073746312684366 0.06784660766961652
0 0.8572271386430679 0.6312684365781711 0.06607669616519174 0.06253687315634218
0 0.6964601769911505 0.5191740412979351 0.05368731563421829 0.08613569321533923
0 0.6787610619469027 0.6262536873156342 0.05604719764011799 0.05014749262536873
0 0.5005899705014749 0.6020648967551623 0.05486725663716814 0.05958702064896755
0 0.35457227138643066 0.4663716814159292 0.049557522123893805 0.05014749262536873
0 0.1374631268436578 0.5365781710914455 0.06725663716814159 0.0831858407079646
0 0.22005899705014748 0.5554572271386431 0.06371681415929203 0.1079646017699115
0 0.5227138643067847 0.46578171091445425 0.071976401179941 0.06548672566371681
0 0.36666666666666664 0.6932153392330384 0.06548672566371681 0.06843657817109144
0 0.21474926253687315 0.6946902654867256 0.05309734513274336 0.10206489675516224
0 0.12536873156342182 0.6740412979351033 0.07964601769911504 0.16106194690265485
0 0.15250737463126843 0.8079646017699115 0.07374631268436578 0.05132743362831858
0 0.22654867256637168 0.8333333333333334 0.03657817109144543 0.12448377581120944
0 0.3693215339233038 0.7772861356932154 0.03657817109144543 0.07492625368731563
0 0.5056047197640118 0.7749262536873156 0.06725663716814159 0.07374631268436578
0 0.6997050147492625 0.8351032448377581 0.08377581120943953 0.07256637168141593
1 0.8448377581120944 0.8147492625368732 0.06135693215339233 0.06135693215339233
