0 0.12507374631268436 0.12979351032448377 0.07551622418879056 0.05309734513274336
0 0.15073746312684366 0.23480825958702065 0.05604719764011799 0.058997050147492625
0 0.17168141592920355 0.38082595870206487 0.07315634218289085 0.05604719764011799
0 0.15722713864306784 0.5029498525073747 0.05368731563421829 0.05368731563421829
0 0.15339233038348082 0.6551622418879056 0.05545722713864307 0.04896755162241888
0 0.1831858407079646 0.791740412979351 0.06666666666666667 0.05073746312684366
0 0.2737463126843658 0.10324483775811209 0.04601769911504425 0.035398230088495575
0 0.2616519174041298 0.268141592920354 0.05014749262536873 0.04424778761061947
0 0.2958702064896755 0.37079646017699114 0.07374631268436578 0.05604719764011799
0 0.2896755162241888 0.5238938053097345 0.06371681415929203 0.040117994100294985
0 0.2365781710914454 0.6607669616519174 0.05663716814159292 0.054277286135693215
0 0.35752212389380533 0.16371681415929204 0.03893805309734513 0.03480825958702065
0 0.5123893805309735 0.12212389380530973 0.03952802359882006 0.03657817109144543
0 0.7277286135693215 0.15693215339233038 0.043067846607669616 0.0471976401179941
0 0.8572271386430679 0.14985250737463127 0.05781710914454277 0.05073746312684366
1 0.5333333333333333 0.26194690265486725 0.07079646017699115 0.04837758112094395
0 0.3985250737463127 0.32123893805309733 0.06784660766961652 0.061946902654867256
0 0.4766961651917404 0.3722713864306785 0.049557522123893805 0.08495575221238938
0 0.7073746312684366 0.28997050147492626 0.05781710914454277 0.052507374631268436
0 0.824188790560472 0.29056047197640117 0.08377581120943953 0.06312684365781711
0 0.6008849557522123 0.4088495575221239 0.08436578171091445 0.10147492625368731
0 0.7209439528023599 0.41238938053097346 0.06371681415929203 0.06017699115044248
0 0.8536873156342183 0.44424778761061945 0.05781710914454277 0.04837758112094395
0 0.42920353982300885 0.5418879056047198 0.07964601769911504 0.052507374631268436
0 0.5648967551622419 0.5374631268436578 0.06784660766961652 0.04129793510324484
1 0.6852507374631268 0.5474926253687316 0.043067846607669616 0.05545722713864307
0 0.8407079646017699 0.5796460176991151 0.05781710914454277 0.0584070796460177
0 0.452212389380531 0.6890855457227139 0.06784660766961652 0.10147492625368731
0 0.39941002949852505 0.768141592920354 0.08613569321533923 0.06135693215339233
0 0.39557522123893807 0.8389380530973451 0.061946902654867256 0.07079646017699115
0 0.5575221238938053 0.6932153392330384 0.05073746312684366 0.05781710914454277
1 0.667551622418879 0.7333333333333333 0.05368731563421829 0.049557522123893805
1 0.7678466076696165 0.7321533923303835 0.06902654867256637 0.07079646017699115
0 0.743952802359882 0.8171091445427728 0.08259587020648967 0.058997050147492625
0 0.8666666666666667 0.8271386430678466 0.06725663716814159 0.06489675516224189
1 0.6008849557522123 0.8654867256637168 0.07020648967551622 0.04365781710914454
