0 0.10383480825958702 0.11622418879056047 0.04837758112094395 0.03775811209439528
0 0.12507374631268436 0.2814159292035398 0.05309734513274336 0.08023598820058997
0 0.11386430678466077 0.46519174041297934 0.05781710914454277 0.03126843657817109
0 0.1528023598820059 0.591740412979351 0.04837758112094395 0.04365781710914454
1 0.17286135693215338 0.6896755162241888 0.05309734513274336 0.04365781710914454
0 0.11386430678466077 0.8094395280235989 0.07315634218289085 0.08495575221238938
0 0.21150442477876105 0.15988200589970503 0.09380530973451327 0.11799410029498525
1 0.2303834808259587 0.2752212389380531 0.05604719764011799 0.04660766961651917
0 0.2696165191740413 0.4150442477876106 0.10855457227138643 0.07256637168141593
0 0.3274336283185841 0.6144542772861357 0.09085545722713864 0.15162241887905603
0 0.27640117994100294 0.7247787610619469 0.057227138643067846 0.043067846607669616
1 0.2737463126843658 0.7761061946902654 0.054277286135693215 0.04542772861356932
0 0.3584070796460177 0.11238938053097344 0.05014749262536873 0.05368731563421829
0 0.33539823008849556 0.2607669616519174 0.09026548672566372 0.03775811209439528
0 0.36342182890855457 0.4457227138643068 0.09321533923303835 0.17050147492625367
0 0.48053097345132745 0.13156342182890857 0.1374631268436578 0.08967551622418879
0 0.6377581120943953 0.13185840707964602 0.1168141592920354 0.07964601769911504
0 0.768141592920354 0.17315634218289086 0.06489675516224189 0.08200589970501475
0 0.6551622418879056 0.2536873156342183 0.10206489675516224 0.08023598820058997
0 0.7716814159292036 0.24129793510324482 0.11327433628318584 0.058997050147492625
1 0.508259587020649 0.28171091445427726 0.05014749262536873 0.04660766961651917
1 0.5076696165191741 0.3938053097345133 0.0607669616519174 0.04660766961651917
0 0.6725663716814159 0.4666666666666667 0.1168141592920354 0.06489675516224189
0 0.7808259587020648 0.4247787610619469 0.052507374631268436 0.040117994100294985
0 0.5430678466076696 0.5238938053097345 0.07610619469026549 0.04247787610619469
0 0.6581120943952802 0.5572271386430678 0.11150442477876106 0.13156342182890857
0 0.7808259587020648 0.551622418879056 0.05132743362831858 0.058997050147492625
0 0.6902654867256637 0.6772861356932154 0.05781710914454277 0.058997050147492625
0 0.7805309734513274 0.6764011799410029 0.12979351032448377 0.11150442477876106
0 0.5412979351032449 0.6678466076696166 0.10442477876106195 0.08731563421828908
0 0.42802359882005897 0.6032448377581121 0.12448377581120944 0.08200589970501475
0 0.4271386430678466 0.743952802359882 0.13805309734513274 0.11563421828908554
0 0.4026548672566372 0.8427728613569322 0.13156342182890857 0.1504424778761062
0 0.6545722713864307 0.783480825958702 0.052507374631268436 0.09557522123893805
0 0.7654867256637168 0.7734513274336283 0.1846607669616519 0.08849557522123894
0 0.5442477876106194 0.840117994100295 0.08672566371681416 0.14985250737463127
