1 0.05870206489675516 0.14365781710914455 0.03480825958702065 0.02536873156342183
1 0.06991150442477875 0.3023598820058997 0.043067846607669616 0.027728613569321534
1 0.0663716814159292 0.4542772861356932 0.04070796460176991 0.03303834808259587
1 0.0607669616519174 0.5961651917404129 0.04247787610619469 0.02536873156342183
1 0.06460176991150443 0.7185840707964601 0.04660766961651917 0.024778761061946902
1 0.06696165191740414 0.8342182890855457 0.06902654867256637 0.024778761061946902
1 0.24572271386430677 0.13716814159292035 0.047787610619469026 0.03480825958702065
1 0.2448377581120944 0.3 0.035398230088495575 0.02536873156342183
1 0.2415929203539823 0.44660766961651915 0.04896755162241888 0.044837758112094395
1 0.243952802359882 0.584070796460177 0.047787610619469026 0.03303834808259587
1 0.24690265486725663 0.7174041297935103 0.043067846607669616 0.03421828908554572
1 0.24365781710914453 0.8474926253687316 0.05545722713864307 0.03716814159292035
1 0.37610619469026546 0.14129793510324484 0.04188790560471976 0.028908554572271386
1 0.38495575221238937 0.30737463126843656 0.04660766961651917 0.03185840707964602
1 0.3873156342182891 0.4469026548672566 0.04424778761061947 0.03480825958702065
1 0.3967551622418879 0.5746312684365782 0.04660766961651917 0.044837758112094395
1 0.4008849557522124 0.7085545722713864 0.04542772861356932 0.03421828908554572
1 0.39823008849557523 0.8460176991150442 0.06489675516224189 0.03657817109144543
1 0.5519174041297935 0.11858407079646018 0.047787610619469026 0.029498525073746312
1 0.5463126843657817 0.2967551622418879 0.04837758112094395 0.04601769911504425
1 0.5563421828908555 0.44188790560471974 0.05663716814159292 0.035398230088495575
1 0.5504424778761062 0.5740412979351033 0.04837758112094395 0.03185840707964602
1 0.5507374631268437 0.699410029498525 0.05132743362831858 0.03716814159292035
1 0.5551622418879056 0.8460176991150442 0.058997050147492625 0.03303834808259587
1 0.6976401179941003 0.11415929203539824 0.04424778761061947 0.033628318584070796
1 0.7005899705014749 0.28171091445427726 0.03952802359882006 0.024188790560471976
1 0.7126843657817109 0.4374631268436578 0.040117994100294985 0.0359882005899705
1 0.7109144542772862 0.5716814159292035 0.05663716814159292 0.03421828908554572
1 0.7123893805309734 0.6973451327433628 0.05604719764011799 0.035398230088495575
1 0.7176991150442478 0.8510324483775811 0.052507374631268436 0.03480825958702065
1 0.8707964601769911 0.10530973451327433 0.04365781710914454 0.03126843657817109
1 0.8805309734513275 0.27551622418879057 0.03952802359882006 0.030678466076696165
1 0.8713864306784661 0.4374631268436578 0.03421828908554572 0.033628318584070796
1 0.8731563421828908 0.58023598820059 0.04601769911504425 0.04542772861356932
1 0.8849557522123894 0.7138643067846607 0.05545722713864307 0.03303834808259587
1 0.883480825958702 0.8746312684365781 0.047787610619469026 0.033628318584070796
