1 0.15103244837758112 0.1929203539823009 0.05663716814159292 0.03421828908554572
1 0.31386430678466076 0.1952802359882006 0.05191740412979351 0.03303834808259587
1 0.48672566371681414 0.1846607669616519 0.04365781710914454 0.03303834808259587
1 0.6300884955752213 0.18436578171091444 0.05309734513274336 0.03480825958702065
1 0.768141592920354 0.19085545722713865 0.05309734513274336 0.03126843657817109
1 0.8778761061946903 0.18672566371681415 0.05073746312684366 0.027728613569321534
1 0.14896755162241887 0.3359882005899705 0.052507374631268436 0.033628318584070796
1 0.3088495575221239 0.3386430678466077 0.04188790560471976 0.03185840707964602
1 0.4690265486725664 0.34188790560471977 0.04129793510324484 0.023008849557522124
1 0.6324483775811209 0.3321533923303835 0.054277286135693215 0.03657817109144543
1 0.7648967551622419 0.33185840707964603 0.04660766961651917 0.024188790560471976
1 0.8902654867256637 0.3383480825958702 0.04601769911504425 0.03126843657817109
1 0.143952802359882 0.5117994100294985 0.054277286135693215 0.03008849557522124
1 0.30324483775811206 0.5058997050147492 0.05073746312684366 0.028908554572271386
1 0.4492625368731563 0.5008849557522124 0.04070796460176991 0.03893805309734513
1 0.6303834808259587 0.491740412979351 0.04542772861356932 0.03126843657817109
1 0.7648967551622419 0.47640117994100295 0.043067846607669616 0.028908554572271386
1 0.8784660766961652 0.4731563421828908 0.040117994100294985 0.03303834808259587
1 0.1368731563421829 0.6224188790560472 0.049557522123893805 0.029498525073746312
1 0.30914454277286135 0.6365781710914454 0.04247787610619469 0.02359882005899705
1 0.4539823008849557 0.6353982300884956 0.03952802359882006 0.03185840707964602
1 0.6333333333333333 0.6351032448377582 0.04188790560471976 0.03126843657817109
1 0.7648967551622419 0.6386430678466076 0.0359882005899705 0.03480825958702065
1 0.8787610619469026 0.6327433628318584 0.032448377581120944 0.032448377581120944
1 0.8749262536873156 0.7710914454277286 0.049557522123893805 0.03657817109144543
1 0.1424778761061947 0.7690265486725664 0.0584070796460177 0.03716814159292035
1 0.2991150442477876 0.7731563421828909 0.049557522123893805 0.032448377581120944
1 0.45958702064896756 0.7716814159292036 0.044837758112094395 0.025958702064896755
1 0.6064896755162241 0.775811209439528 0.044837758112094395 0.03185840707964602
1 0.7572271386430678 0.7722713864306785 0.03480825958702065 0.027138643067846607
1 0.8955752212389381 0.8967551622418879 0.049557522123893805 0.03303834808259587
1 0.7507374631268436 0.8970501474926253 0.03952802359882006 0.03716814159292035
1 0.6050147492625368 0.8905604719764012 0.043067846607669616 0.03480825958702065
1 0.45781710914454277 0.8914454277286136 0.04365781710914454 0.029498525073746312
1 0.2908554572271386 0.8828908554572271 0.05309734513274336 0.03952802359882006
1 0.14129793510324484 0.8722713864306785 0.052507374631268436 0.032448377581120944
