0 0.12330383480825959 0.14188790560471976 0.08967551622418879 0.10442477876106195
0 0.2967551622418879 0.12094395280235988 0.11209439528023599 0.05781710914454277
0 0.5067846607669616 0.12418879056047197 0.0943952802359882 0.13392330383480827
0 0.6625368731563421 0.13952802359882005 0.06607669616519174 0.18584070796460178
0 0.8707964601769911 0.0705014749262537 0.11327433628318584 0.07728613569321534
0 0.8359882005899705 0.20648967551622419 0.058997050147492625 0.06489675516224189
0 0.6171091445427729 0.24601769911504423 0.058997050147492625 0.08377581120943953
0 0.5274336283185841 0.28820058997050146 0.16283185840707964 0.05604719764011799
0 0.3079646017699115 0.28348082595870205 0.0471976401179941 0.033628318584070796
0 0.15103244837758112 0.3185840707964602 0.09793510324483776 0.04601769911504425
1 0.15870206489675515 0.3967551622418879 0.044837758112094395 0.047787610619469026
0 0.12212389380530973 0.5141592920353982 0.10619469026548672 0.0855457227138643
0 0.10412979351032448 0.6206489675516225 0.10088495575221239 0.09085545722713864
0 0.12212389380530973 0.7522123893805309 0.06843657817109144 0.143952802359882
0 0.3407079646017699 0.41799410029498524 0.15634218289085544 0.0808259587020649
0 0.4135693215339233 0.4654867256637168 0.0743362831858407 0.11563421828908554
0 0.4191740412979351 0.5430678466076696 0.08790560471976401 0.11386430678466077
0 0.6112094395280236 0.39410029498525073 0.10501474926253687 0.19823008849557522
0 0.47640117994100295 0.41150442477876104 0.05604719764011799 0.04542772861356932
0 0.7778761061946903 0.40914454277286133 0.06902654867256637 0.05486725663716814
0 0.7702064896755162 0.5495575221238937 0.09498525073746313 0.05132743362831858
1 0.6746312684365782 0.5589970501474926 0.05014749262536873 0.038348082595870206
1 0.5188790560471976 0.5168141592920354 0.06666666666666667 0.02831858407079646
0 0.5150442477876106 0.6327433628318584 0.184070796460177 0.05014749262536873
0 0.6339233038348082 0.6855457227138643 0.10914454277286136 0.17581120943952802
0 0.6501474926253688 0.7147492625368731 0.08967551622418879 0.12684365781710916
0 0.7368731563421829 0.7339233038348083 0.04129793510324484 0.1415929203539823
0 0.7513274336283186 0.6976401179941003 0.05958702064896755 0.0359882005899705
0 0.5855457227138643 0.7932153392330383 0.10088495575221239 0.12566371681415928
0 0.4663716814159292 0.8047197640117993 0.0359882005899705 0.07787610619469026
1 0.3262536873156342 0.8058997050147493 0.044837758112094395 0.030678466076696165
0 0.21061946902654866 0.8327433628318583 0.07787610619469026 0.11976401179941003
1 0.25309734513274335 0.6766961651917404 0.05191740412979351 0.03775811209439528
1 0.24808259587020648 0.5628318584070796 0.038348082595870206 0.04365781710914454
