1 0.05870206489675516 0.14690265486725662 0.05014749262536873 0.03303834808259587
0 0.06666666666666667 0.3144542772861357 0.03421828908554572 0.04247787610619469
0 0.06371681415929203 0.45781710914454277 0.03657817109144543 0.03421828908554572
0 0.058112094395280235 0.5949852507374631 0.0359882005899705 0.043067846607669616
0 0.07640117994100296 0.7073746312684366 0.04542772861356932 0.03185840707964602
0 0.06489675516224189 0.8297935103244838 0.0471976401179941 0.04424778761061947
0 0.1846607669616519 0.1870206489675516 0.04837758112094395 0.040117994100294985
0 0.36342182890855457 0.15781710914454278 0.03657817109144543 0.04542772861356932
1 0.5182890855457227 0.1433628318584071 0.05014749262536873 0.044837758112094395
1 0.6949852507374631 0.1200589970501475 0.04601769911504425 0.038348082595870206
0 0.8578171091445428 0.09144542772861357 0.04129793510324484 0.040117994100294985
0 0.22359882005899706 0.33126843657817107 0.05191740412979351 0.04188790560471976
0 0.37551622418879055 0.34041297935103243 0.0359882005899705 0.030678466076696165
0 0.5442477876106194 0.28348082595870205 0.057227138643067846 0.04070796460176991
0 0.6584070796460177 0.3088495575221239 0.040117994100294985 0.05486725663716814
0 0.8702064896755162 0.3053097345132743 0.05073746312684366 0.033628318584070796
0 0.23156342182890854 0.431858407079646 0.032448377581120944 0.040117994100294985
0 0.3722713864306785 0.463716814159292 0.035398230088495575 0.049557522123893805
1 0.5474926253687316 0.43805309734513276 0.05073746312684366 0.027728613569321534
1 0.7094395280235988 0.4351032448377581 0.03126843657817109 0.03008849557522124
0 0.8707964601769911 0.4648967551622419 0.05191740412979351 0.04837758112094395
0 0.8675516224188791 0.5640117994100295 0.052507374631268436 0.04837758112094395
1 0.871976401179941 0.7094395280235988 0.049557522123893805 0.057227138643067846
1 0.8905604719764012 0.8749262536873156 0.032448377581120944 0.03893805309734513
0 0.7067846607669617 0.5982300884955752 0.03893805309734513 0.05663716814159292
1 0.7047197640117994 0.6985250737463127 0.05132743362831858 0.03775811209439528
0 0.6946902654867256 0.8613569321533923 0.028908554572271386 0.05191740412979351
0 0.5557522123893806 0.8761061946902655 0.05191740412979351 0.05309734513274336
0 0.5613569321533923 0.6637168141592921 0.05014749262536873 0.04601769911504425
1 0.5545722713864307 0.5793510324483776 0.05073746312684366 0.04129793510324484
1 0.3920353982300885 0.5805309734513274 0.04424778761061947 0.02359882005899705
0 0.40058997050147493 0.735693215339233 0.054277286135693215 0.04129793510324484
0 0.4194690265486726 0.8091445427728613 0.05073746312684366 0.03716814159292035
0 0.26253687315634217 0.7 0.04129793510324484 0.038348082595870206
0 0.26017699115044246 0.8185840707964601 0.05073746312684366 0.033628318584070796
1 0.2542772861356932 0.591740412979351 0.04837758112094395 0.03775811209439528
