1 0.06578171091445428 0.14365781710914455 0.05132743362831858 0.024188790560471976
1 0.07227138643067846 0.3005899705014749 0.03952802359882006 0.0359882005899705
1 0.06253687315634218 0.44955752212389377 0.044837758112094395 0.03421828908554572
1 0.061946902654867256 0.5976401179941003 0.044837758112094395 0.03775811209439528
1 0.06460176991150443 0.7230088495575221 0.04660766961651917 0.024188790560471976
1 0.06725663716814159 0.8339233038348083 0.05545722713864307 0.02536873156342183
1 0.24336283185840707 0.13805309734513274 0.043067846607669616 0.027138643067846607
1 0.24277286135693216 0.30265486725663715 0.03716814159292035 0.03185840707964602
1 0.24542772861356932 0.44837758112094395 0.04365781710914454 0.03185840707964602
1 0.2504424778761062 0.5861356932153392 0.043067846607669616 0.023008849557522124
1 0.243952802359882 0.7182890855457227 0.03480825958702065 0.04188790560471976
1 0.24867256637168142 0.8442477876106195 0.04542772861356932 0.030678466076696165
1 0.3799410029498525 0.1415929203539823 0.0471976401179941 0.020058997050147492
1 0.3823008849557522 0.3029498525073746 0.04129793510324484 0.03008849557522124
1 0.39469026548672564 0.44778761061946903 0.0471976401179941 0.02359882005899705
1 0.39144542772861357 0.5790560471976401 0.05014749262536873 0.03008849557522124
1 0.39469026548672564 0.7061946902654868 0.0471976401179941 0.03421828908554572
1 0.3938053097345133 0.8474926253687316 0.047787610619469026 0.02536873156342183
1 0.5486725663716814 0.12035398230088495 0.03421828908554572 0.03303834808259587
1 0.5471976401179941 0.3017699115044248 0.04424778761061947 0.04070796460176991
1 0.5495575221238937 0.43805309734513276 0.05014749262536873 0.03008849557522124
1 0.5530973451327433 0.5752212389380531 0.03952802359882006 0.04129793510324484
1 0.5533923303834808 0.6976401179941003 0.05191740412979351 0.033628318584070796
1 0.559882005899705 0.8471976401179941 0.04129793510324484 0.03421828908554572
1 0.7017699115044248 0.1182890855457227 0.04188790560471976 0.024188790560471976
1 0.699410029498525 0.2808259587020649 0.038348082595870206 0.03421828908554572
1 0.7194690265486725 0.4392330383480826 0.03716814159292035 0.032448377581120944
1 0.715929203539823 0.5775811209439528 0.03952802359882006 0.02359882005899705
1 0.7123893805309734 0.7029498525073746 0.043067846607669616 0.038348082595870206
1 0.7200589970501475 0.8578171091445428 0.0359882005899705 0.02359882005899705
1 0.8840707964601769 0.876401179941003 0.05014749262536873 0.024188790560471976
1 0.8772861356932153 0.712094395280236 0.044837758112094395 0.030678466076696165
1 0.8746312684365781 0.5834808259587021 0.04188790560471976 0.024778761061946902
1 0.8761061946902655 0.4410029498525074 0.03421828908554572 0.028908554572271386
1 0.8793510324483775 0.275811209439528 0.05486725663716814 0.027728613569321534
1 0.8722713864306785 0.10442477876106195 0.04188790560471976 0.03185840707964602
