0 0.17581120943952802 0.20294985250737463 0.13451327433628318 0.0920353982300885
0 0.2654867256637168 0.24631268436578171 0.12861356932153392 0.09380530973451327
0 0.3309734513274336 0.16047197640117994 0.10973451327433628 0.08731563421828908
0 0.5383480825958702 0.1592920353982301 0.14926253687315633 0.08377581120943953
0 0.7150442477876107 0.11504424778761062 0.11209439528023599 0.11563421828908554
0 0.687905604719764 0.18672566371681415 0.1168141592920354 0.05014749262536873
0 0.7595870206489675 0.24542772861356932 0.06548672566371681 0.11445427728613569
0 0.6483775811209439 0.27935103244837756 0.1368731563421829 0.13864306784660768
0 0.5330383480825959 0.2849557522123894 0.1410029498525074 0.05073746312684366
0 0.6076696165191741 0.38908554572271387 0.11799410029498525 0.20471976401179942
0 0.7466076696165191 0.3489675516224189 0.10088495575221239 0.05958702064896755
0 0.33126843657817107 0.34837758112094397 0.061946902654867256 0.15516224188790562
0 0.42094395280235986 0.4545722713864307 0.08908554572271386 0.11150442477876106
0 0.43716814159292033 0.4737463126843658 0.0743362831858407 0.030678466076696165
0 0.47640117994100295 0.4761061946902655 0.1056047197640118 0.12743362831858407
0 0.47699115044247786 0.43569321533923305 0.04896755162241888 0.038348082595870206
0 0.15958702064896754 0.3486725663716814 0.0831858407079646 0.0743362831858407
1 0.07227138643067846 0.49557522123893805 0.05014749262536873 0.029498525073746312
0 0.12300884955752212 0.6530973451327433 0.11858407079646018 0.18997050147492625
0 0.18259587020648968 0.5941002949852507 0.10442477876106195 0.11091445427728613
0 0.2949852507374631 0.5684365781710914 0.10147492625368731 0.18584070796460178
0 0.39292035398230085 0.6587020648967552 0.06725663716814159 0.14454277286135692
0 0.5489675516224188 0.5752212389380531 0.17876106194690267 0.0743362831858407
0 0.6020648967551623 0.643362831858407 0.15634218289085544 0.06548672566371681
0 0.7404129793510325 0.6342182890855457 0.10383480825958702 0.15221238938053097
0 0.46283185840707963 0.8079646017699115 0.043067846607669616 0.08908554572271386
0 0.13451327433628318 0.8070796460176991 0.10619469026548672 0.10737463126843658
0 0.2616519174041298 0.7896755162241887 0.07492625368731563 0.12448377581120944
1 0.3292035398230089 0.8070796460176991 0.04365781710914454 0.03185840707964602
0 0.5979351032448378 0.7982300884955752 0.1480825958702065 0.11445427728613569
0 0.6589970501474927 0.8221238938053097 0.08377581120943953 0.16224188790560473
0 0.6669616519174041 0.5171091445427729 0.027728613569321534 0.06430678466076696
0 0.7386430678466076 0.5985250737463127 0.07315634218289085 0.061946902654867256
0 0.26135693215339234 0.6941002949852507 0.07551622418879056 0.09734513274336283
