0 0.22477876106194689 0.20117994100294984 0.17935103244837758 0.0696165191740413
0 0.3445427728613569 0.2126843657817109 0.05663716814159292 0.07374631268436578
0 0.4486725663716814 0.1607669616519174 0.07020648967551622 0.11032448377581121
0 0.6221238938053097 0.15457227138643068 0.12920353982300886 0.10855457227138643
0 0.5743362831858407 0.24424778761061947 0.1079646017699115 0.09557522123893805
1 0.7533923303834809 0.15811209439528023 0.05663716814159292 0.03775811209439528
0 0.8882005899705014 0.17345132743362832 0.052507374631268436 0.08967551622418879
0 0.7309734513274336 0.27256637168141595 0.04129793510324484 0.04601769911504425
0 0.8474926253687316 0.32831858407079645 0.047787610619469026 0.05604719764011799
0 0.8545722713864307 0.40235988200589967 0.05368731563421829 0.054277286135693215
0 0.5890855457227139 0.391740412979351 0.11504424778761062 0.07551622418879056
0 0.699410029498525 0.38200589970501475 0.08672566371681416 0.1528023598820059
0 0.4607669616519174 0.33244837758112095 0.06843657817109144 0.07492625368731563
0 0.22920353982300884 0.3247787610619469 0.1327433628318584 0.10678466076696165
0 0.3141592920353982 0.32359882005899704 0.07020648967551622 0.06548672566371681
0 0.21091445427728614 0.4433628318584071 0.047787610619469026 0.06784660766961652
0 0.33775811209439527 0.42979351032448376 0.13628318584070798 0.11268436578171091
0 0.46194690265486726 0.4784660766961652 0.05663716814159292 0.04601769911504425
0 0.6247787610619469 0.5454277286135694 0.06843657817109144 0.1480825958702065
0 0.735693215339233 0.5858407079646017 0.0943952802359882 0.07669616519174041
0 0.8902654867256637 0.5392330383480826 0.044837758112094395 0.06017699115044248
0 0.22389380530973452 0.5716814159292035 0.05132743362831858 0.0471976401179941
0 0.32949852507374633 0.5412979351032449 0.12212389380530973 0.05604719764011799
0 0.33480825958702065 0.7433628318584071 0.1056047197640118 0.07905604719764012
1 0.4911504424778761 0.6064896755162241 0.0584070796460177 0.035398230088495575
1 0.4976401179941003 0.7230088495575221 0.04896755162241888 0.05014749262536873
0 0.2168141592920354 0.7625368731563422 0.14926253687315633 0.05604719764011799
0 0.22979351032448378 0.8292035398230089 0.09498525073746313 0.07846607669616519
0 0.3710914454277286 0.8548672566371681 0.08849557522123894 0.10147492625368731
0 0.5218289085545723 0.8646017699115044 0.1504424778761062 0.09026548672566372
0 0.6646017699115044 0.7309734513274336 0.07374631268436578 0.05191740412979351
1 0.7651917404129793 0.7292035398230088 0.04247787610619469 0.04601769911504425
0 0.8828908554572271 0.7247787610619469 0.04896755162241888 0.0808259587020649
1 0.800589970501475 0.8424778761061946 0.08613569321533923 0.11091445427728613
0 0.6519174041297935 0.891740412979351 0.044837758112094395 0.047787610619469026
0 0.8979351032448377 0.8837758112094395 0.0471976401179941 0.03775811209439528
