0 0.1215339233038348 0.05398230088495575 0.071976401179941 0.09970501474926254
0 0.11858407079646018 0.24277286135693216 0.06135693215339233 0.07610619469026549
0 0.12330383480825959 0.3117994100294985 0.06843657817109144 0.08908554572271386
0 0.13952802359882005 0.5377581120943953 0.07020648967551622 0.07964601769911504
0 0.13097345132743363 0.6876106194690266 0.05309734513274336 0.16342182890855456
0 0.1471976401179941 0.8044247787610619 0.07728613569321534 0.043067846607669616
0 0.2604719764011799 0.052507374631268436 0.07020648967551622 0.06017699115044248
0 0.24572271386430677 0.17876106194690267 0.05014749262536873 0.06017699115044248
0 0.23244837758112094 0.3117994100294985 0.06253687315634218 0.1410029498525074
0 0.22064896755162242 0.5528023598820059 0.05781710914454277 0.1168141592920354
0 0.21238938053097345 0.6902654867256637 0.05663716814159292 0.10265486725663717
0 0.23333333333333334 0.8265486725663717 0.05368731563421829 0.10737463126843658
0 0.4050147492625369 0.0663716814159292 0.052507374631268436 0.04542772861356932
0 0.3740412979351032 0.18023598820058997 0.13097345132743363 0.05604719764011799
0 0.36755162241887906 0.36106194690265486 0.0696165191740413 0.0967551622418879
0 0.3589970501474926 0.4640117994100295 0.07610619469026549 0.05604719764011799
0 0.37374631268436576 0.6834808259587021 0.06666666666666667 0.08200589970501475
0 0.37256637168141593 0.7707964601769911 0.05368731563421829 0.05604719764011799
1 0.5404129793510324 0.11150442477876106 0.044837758112094395 0.05073746312684366
0 0.5421828908554572 0.2504424778761062 0.05781710914454277 0.06548672566371681
0 0.5345132743362832 0.32418879056047195 0.049557522123893805 0.057227138643067846
0 0.5271386430678466 0.463716814159292 0.06548672566371681 0.06135693215339233
0 0.511504424778761 0.6085545722713864 0.05545722713864307 0.06666666666666667
0 0.49911504424778763 0.7678466076696165 0.06371681415929203 0.0607669616519174
0 0.6849557522123894 0.059882005899705014 0.12625368731563422 0.0584070796460177
1 0.7079646017699115 0.23303834808259588 0.05781710914454277 0.05309734513274336
0 0.6932153392330384 0.38141592920353984 0.06489675516224189 0.057227138643067846
0 0.6988200589970501 0.5162241887905604 0.047787610619469026 0.09085545722713864
0 0.6861356932153392 0.6230088495575221 0.05309734513274336 0.058997050147492625
0 0.7047197640117994 0.8415929203539823 0.09026548672566372 0.07846607669616519
1 0.859882005899705 0.08643067846607669 0.05014749262536873 0.04188790560471976
0 0.8643067846607669 0.2294985250737463 0.0696165191740413 0.05309734513274336
1 0.8710914454277287 0.3793510324483776 0.05486725663716814 0.058997050147492625
0 0.852212389380531 0.5191740412979351 0.0584070796460177 0.08613569321533923
1 0.8613569321533923 0.6348082595870206 0.06843657817109144 0.06253687315634218
0 0.8486725663716814 0.8280235988200589 0.06902654867256637 0.0831858407079646
