0 0.10471976401179942 0.1168141592920354 0.04660766961651917 0.03421828908554572
0 0.11651917404129794 0.2734513274336283 0.0584070796460177 0.07846607669616519
1 0.10324483775811209 0.4584070796460177 0.049557522123893805 0.03893805309734513
0 0.14749262536873156 0.5961651917404129 0.058997050147492625 0.04070796460176991
0 0.14749262536873156 0.6669616519174041 0.04129793510324484 0.05368731563421829
0 0.11445427728613569 0.824188790560472 0.06253687315634218 0.0967551622418879
0 0.20501474926253688 0.15634218289085544 0.07728613569321534 0.09085545722713864
1 0.2345132743362832 0.26991150442477874 0.05132743362831858 0.04660766961651917
0 0.2654867256637168 0.40825958702064896 0.10737463126843658 0.0696165191740413
0 0.2994100294985251 0.6141592920353982 0.07492625368731563 0.15221238938053097
1 0.2752212389380531 0.7238938053097345 0.05604719764011799 0.03893805309734513
1 0.24985250737463127 0.8395280235988201 0.04424778761061947 0.029498525073746312
0 0.35162241887905604 0.10088495575221239 0.04837758112094395 0.03775811209439528
0 0.33952802359882006 0.2672566371681416 0.07138643067846608 0.0471976401179941
0 0.39144542772861357 0.4492625368731563 0.0808259587020649 0.1421828908554572
0 0.412094395280236 0.6017699115044248 0.12212389380530973 0.06607669616519174
0 0.4407079646017699 0.7542772861356932 0.10855457227138643 0.08908554572271386
0 0.39941002949852505 0.843952802359882 0.14513274336283186 0.10206489675516224
0 0.47640117994100295 0.12566371681415928 0.1327433628318584 0.0743362831858407
1 0.5035398230088496 0.2761061946902655 0.047787610619469026 0.04601769911504425
1 0.515929203539823 0.3967551622418879 0.07256637168141593 0.0359882005899705
0 0.5339233038348082 0.5165191740412979 0.05663716814159292 0.04188790560471976
0 0.54070796460177 0.6764011799410029 0.06666666666666667 0.06784660766961652
0 0.5622418879056047 0.8336283185840708 0.06489675516224189 0.0943952802359882
0 0.6342182890855457 0.1368731563421829 0.08141592920353982 0.08731563421828908
0 0.7802359882005899 0.16666666666666666 0.07256637168141593 0.07020648967551622
0 0.7893805309734513 0.23893805309734512 0.13097345132743363 0.06135693215339233
0 0.6707964601769911 0.26135693215339234 0.09557522123893805 0.06017699115044248
0 0.6740412979351033 0.45545722713864306 0.11032448377581121 0.06607669616519174
0 0.7805309734513274 0.42330383480825956 0.044837758112094395 0.047787610619469026
0 0.667551622418879 0.5648967551622419 0.11976401179941003 0.10914454277286136
0 0.7828908554572271 0.5492625368731563 0.03185840707964602 0.06135693215339233
0 0.6876106194690266 0.6761061946902654 0.06902654867256637 0.06017699115044248
0 0.7817109144542773 0.6722713864306784 0.11799410029498525 0.10324483775811209
0 0.6648967551622419 0.7825958702064897 0.06607669616519174 0.0831858407079646
0 0.7805309734513274 0.7952802359882005 0.16991150442477876 0.06725663716814159
