1 0.05929203539823009 0.1433628318584071 0.0359882005899705 0.02359882005899705
1 0.07079646017699115 0.2943952802359882 0.03657817109144543 0.035398230088495575
1 0.06548672566371681 0.45191740412979353 0.044837758112094395 0.03775811209439528
1 0.06047197640117994 0.592330383480826 0.04896755162241888 0.029498525073746312
0 0.06312684365781711 0.719174041297935 0.035398230088495575 0.03303834808259587
1 0.061061946902654866 0.8321533923303834 0.04424778761061947 0.033628318584070796
1 0.2398230088495575 0.14454277286135692 0.04542772861356932 0.030678466076696165
1 0.24808259587020648 0.296165191740413 0.047787610619469026 0.03185840707964602
1 0.243952802359882 0.4445427728613569 0.0359882005899705 0.02064896755162242
1 0.2519174041297935 0.5861356932153392 0.03893805309734513 0.02536873156342183
1 0.24424778761061947 0.7171091445427729 0.029498525073746312 0.03126843657817109
1 0.23392330383480825 0.8336283185840708 0.0359882005899705 0.022418879056047197
1 0.37669616519174043 0.14188790560471976 0.024188790560471976 0.02064896755162242
1 0.38082595870206487 0.29852507374631265 0.03716814159292035 0.027138643067846607
1 0.3905604719764012 0.4480825958702065 0.03185840707964602 0.03716814159292035
1 0.391740412979351 0.5781710914454277 0.044837758112094395 0.017699115044247787
1 0.3935103244837758 0.7032448377581121 0.0471976401179941 0.03421828908554572
1 0.40530973451327434 0.828613569321534 0.03893805309734513 0.027728613569321534
1 0.5507374631268437 0.11976401179941003 0.03716814159292035 0.03185840707964602
1 0.5457227138643068 0.29410029498525075 0.0471976401179941 0.03952802359882006
1 0.5498525073746312 0.4451327433628319 0.05191740412979351 0.038348082595870206
1 0.5495575221238937 0.5766961651917404 0.04070796460176991 0.027728613569321534
0 0.5539823008849557 0.7023598820058997 0.044837758112094395 0.0359882005899705
1 0.5510324483775811 0.8451327433628318 0.049557522123893805 0.038348082595870206
1 0.7017699115044248 0.1191740412979351 0.04660766961651917 0.03657817109144543
0 0.6970501474926254 0.2743362831858407 0.04660766961651917 0.04247787610619469
1 0.7085545722713864 0.43569321533923305 0.04837758112094395 0.03126843657817109
1 0.7117994100294985 0.5772861356932153 0.047787610619469026 0.03126843657817109
1 0.7070796460176991 0.6964601769911505 0.043067846607669616 0.03126843657817109
1 0.7218289085545723 0.8353982300884956 0.05132743362831858 0.03303834808259587
1 0.8749262536873156 0.10914454277286136 0.044837758112094395 0.01887905604719764
1 0.8784660766961652 0.2734513274336283 0.03775811209439528 0.02654867256637168
1 0.8740412979351032 0.4351032448377581 0.032448377581120944 0.02654867256637168
1 0.8740412979351032 0.5837758112094396 0.043067846607669616 0.02536873156342183
1 0.8669616519174042 0.7044247787610619 0.04542772861356932 0.044837758112094395
1 0.8687315634218289 0.8628318584070797 0.03952802359882006 0.043067846607669616
