1 0.06047197640117994 0.1454277286135693 0.03480825958702065 0.03008849557522124
1 0.07404129793510325 0.3053097345132743 0.04896755162241888 0.03126843657817109
1 0.06519174041297934 0.44837758112094395 0.032448377581120944 0.030678466076696165
0 0.056342182890855456 0.6126843657817109 0.03480825958702065 0.03952802359882006
0 0.08377581120943953 0.7020648967551623 0.06253687315634218 0.03775811209439528
1 0.07374631268436578 0.8418879056047197 0.04129793510324484 0.02831858407079646
0 0.2150442477876106 0.17404129793510326 0.03716814159292035 0.03657817109144543
0 0.23215339233038348 0.30501474926253686 0.03952802359882006 0.035398230088495575
0 0.23569321533923304 0.4336283185840708 0.04188790560471976 0.035398230088495575
0 0.24955752212389382 0.584070796460177 0.044837758112094395 0.044837758112094395
0 0.26135693215339234 0.692330383480826 0.06135693215339233 0.03480825958702065
1 0.2383480825958702 0.8345132743362832 0.030678466076696165 0.05014749262536873
0 0.36991150442477877 0.15722713864306784 0.04365781710914454 0.04424778761061947
0 0.3805309734513274 0.3333333333333333 0.03893805309734513 0.04247787610619469
0 0.3805309734513274 0.4584070796460177 0.04365781710914454 0.044837758112094395
1 0.3926253687315634 0.5752212389380531 0.04896755162241888 0.025958702064896755
0 0.4014749262536873 0.7368731563421829 0.04424778761061947 0.044837758112094395
1 0.41061946902654867 0.8150442477876106 0.040117994100294985 0.043067846607669616
0 0.5244837758112094 0.12536873156342182 0.029498525073746312 0.02536873156342183
0 0.5504424778761062 0.2778761061946903 0.04837758112094395 0.035398230088495575
1 0.5510324483775811 0.44277286135693217 0.040117994100294985 0.033628318584070796
1 0.5542772861356932 0.5769911504424778 0.043067846607669616 0.03303834808259587
1 0.5525073746312684 0.6884955752212389 0.043067846607669616 0.03775811209439528
0 0.5454277286135694 0.8678466076696165 0.047787610619469026 0.03893805309734513
1 0.696165191740413 0.11622418879056047 0.04129793510324484 0.03421828908554572
0 0.6790560471976401 0.296165191740413 0.030678466076696165 0.04601769911504425
1 0.7135693215339233 0.43864306784660767 0.03716814159292035 0.03008849557522124
0 0.708259587020649 0.5988200589970502 0.04188790560471976 0.05073746312684366
1 0.7103244837758111 0.6973451327433628 0.04365781710914454 0.029498525073746312
0 0.6890855457227139 0.8545722713864307 0.03421828908554572 0.04424778761061947
1 0.8648967551622418 0.09321533923303835 0.03657817109144543 0.035398230088495575
1 0.8734513274336283 0.28702064896755164 0.038348082595870206 0.0359882005899705
0 0.8663716814159292 0.46283185840707963 0.03952802359882006 0.04660766961651917
0 0.8619469026548673 0.5587020648967551 0.04365781710914454 0.040117994100294985
1 0.8707964601769911 0.7064896755162242 0.03893805309734513 0.03480825958702065
0 0.8926253687315634 0.8811209439528024 0.0471976401179941 0.0359882005899705
