1 0.11327433628318584 0.12772861356932153 0.03775811209439528 0.03008849557522124
1 0.1359882005899705 0.2943952802359882 0.03480825958702065 0.03893805309734513
0 0.1424778761061947 0.4421828908554572 0.033628318584070796 0.038348082595870206
0 0.1398230088495575 0.5368731563421829 0.035398230088495575 0.03657817109144543
0 0.12566371681415928 0.6935103244837758 0.035398230088495575 0.03480825958702065
0 0.14129793510324484 0.904424778761062 0.03952802359882006 0.03893805309734513
0 0.3041297935103245 0.13864306784660768 0.03480825958702065 0.03303834808259587
1 0.29469026548672567 0.29469026548672567 0.04424778761061947 0.033628318584070796
0 0.29882005899705016 0.4032448377581121 0.04896755162241888 0.04660766961651917
1 0.2911504424778761 0.5619469026548672 0.03126843657817109 0.03480825958702065
0 0.33716814159292036 0.6943952802359882 0.03126843657817109 0.04601769911504425
1 0.3056047197640118 0.879646017699115 0.04247787610619469 0.03893805309734513
0 0.4498525073746313 0.1327433628318584 0.03480825958702065 0.040117994100294985
0 0.44542772861356933 0.3392330383480826 0.05073746312684366 0.03657817109144543
1 0.4504424778761062 0.4212389380530973 0.04070796460176991 0.03303834808259587
1 0.4528023598820059 0.5581120943952802 0.038348082595870206 0.029498525073746312
1 0.4569321533923304 0.7094395280235988 0.03716814159292035 0.04542772861356932
1 0.48023598820059 0.8581120943952802 0.054277286135693215 0.023008849557522124
1 0.5864306784660767 0.1920353982300885 0.04837758112094395 0.02536873156342183
1 0.6 0.26194690265486725 0.0471976401179941 0.03185840707964602
1 0.6073746312684366 0.4165191740412979 0.04070796460176991 0.035398230088495575
0 0.6294985250737463 0.5392330383480826 0.035398230088495575 0.04365781710914454
1 0.6253687315634218 0.6587020648967552 0.04129793510324484 0.028908554572271386
0 0.6353982300884956 0.8436578171091446 0.035398230088495575 0.044837758112094395
1 0.7430678466076696 0.1808259587020649 0.043067846607669616 0.03716814159292035
1 0.743952802359882 0.29852507374631265 0.03421828908554572 0.03185840707964602
1 0.752802359882006 0.41061946902654867 0.04365781710914454 0.022418879056047197
0 0.764306784660767 0.564306784660767 0.03716814159292035 0.04542772861356932
0 0.7749262536873156 0.6657817109144543 0.03716814159292035 0.03952802359882006
0 0.928023598820059 0.1663716814159292 0.054277286135693215 0.03421828908554572
1 0.9224188790560471 0.2911504424778761 0.04070796460176991 0.03008849557522124
0 0.9415929203539823 0.40412979351032446 0.049557522123893805 0.03185840707964602
1 0.9418879056047198 0.5401179941002949 0.033628318584070796 0.0359882005899705
0 0.9362831858407079 0.687905604719764 0.03893805309734513 0.03657817109144543
1 0.8168141592920354 0.8168141592920354 0.03952802359882006 0.033628318584070796
1 0.9424778761061947 0.8536873156342183 0.047787610619469026 0.03303834808259587
