1 0.11091445427728613 0.10383480825958702 0.03893805309734513 0.040117994100294985
1 0.12477876106194691 0.228023598820059 0.04896755162241888 0.028908554572271386
1 0.12359882005899706 0.37079646017699114 0.04896755162241888 0.04896755162241888
1 0.12182890855457226 0.5283185840707965 0.03480825958702065 0.032448377581120944
1 0.11651917404129794 0.6660766961651917 0.04424778761061947 0.029498525073746312
1 0.12448377581120944 0.8058997050147493 0.05073746312684366 0.03775811209439528
1 0.2569321533923304 0.10383480825958702 0.052507374631268436 0.040117994100294985
1 0.2398230088495575 0.22536873156342183 0.04070796460176991 0.03303834808259587
1 0.23716814159292035 0.3589970501474926 0.040117994100294985 0.03126843657817109
1 0.2398230088495575 0.5297935103244837 0.0359882005899705 0.03421828908554572
1 0.23480825958702065 0.6684365781710915 0.029498525073746312 0.03185840707964602
1 0.23244837758112094 0.8141592920353982 0.035398230088495575 0.027138643067846607
1 0.40117994100294985 0.10943952802359883 0.03893805309734513 0.04188790560471976
1 0.39764011799410026 0.22654867256637168 0.04247787610619469 0.025958702064896755
1 0.37610619469026546 0.3678466076696165 0.03952802359882006 0.03480825958702065
1 0.375811209439528 0.5091445427728614 0.05545722713864307 0.03657817109144543
1 0.36607669616519173 0.6646017699115044 0.038348082595870206 0.027728613569321534
1 0.37492625368731564 0.8138643067846607 0.04188790560471976 0.03716814159292035
1 0.5430678466076696 0.10501474926253687 0.047787610619469026 0.022418879056047197
1 0.5483775811209439 0.2342182890855457 0.04424778761061947 0.03185840707964602
1 0.5471976401179941 0.3678466076696165 0.038348082595870206 0.033628318584070796
1 0.5471976401179941 0.5008849557522124 0.05368731563421829 0.040117994100294985
1 0.5300884955752212 0.6640117994100295 0.04542772861356932 0.03716814159292035
1 0.5132743362831859 0.8212389380530973 0.0471976401179941 0.027138643067846607
1 0.715929203539823 0.11946902654867256 0.057227138643067846 0.04424778761061947
1 0.7064896755162242 0.22330383480825958 0.04424778761061947 0.03126843657817109
1 0.8604719764011799 0.12418879056047197 0.04542772861356932 0.02654867256637168
1 0.8628318584070797 0.2342182890855457 0.04188790560471976 0.03421828908554572
1 0.8628318584070797 0.37315634218289084 0.05604719764011799 0.03126843657817109
1 0.7005899705014749 0.49675516224188787 0.04424778761061947 0.02831858407079646
1 0.6873156342182891 0.3625368731563422 0.05545722713864307 0.03126843657817109
1 0.8651917404129793 0.49203539823008846 0.04896755162241888 0.04365781710914454
1 0.6949852507374631 0.6616519174041298 0.040117994100294985 0.033628318584070796
1 0.8557522123893805 0.6589970501474927 0.05486725663716814 0.035398230088495575
1 0.6941002949852507 0.803834808259587 0.03952802359882006 0.03126843657817109
1 0.8607669616519174 0.8153392330383481 0.05309734513274336 0.035398230088495575
