1 0.10766961651917403 0.10058997050147492 0.038348082595870206 0.02654867256637168
1 0.1215339233038348 0.22684365781710913 0.04129793510324484 0.02654867256637168
1 0.12389380530973451 0.36430678466076694 0.04601769911504425 0.03126843657817109
1 0.11946902654867256 0.5218289085545723 0.043067846607669616 0.04070796460176991
1 0.11238938053097344 0.6607669616519174 0.04660766961651917 0.029498525073746312
1 0.12182890855457226 0.8070796460176991 0.04188790560471976 0.02831858407079646
1 0.25781710914454276 0.10383480825958702 0.04837758112094395 0.03303834808259587
1 0.24572271386430677 0.22920353982300884 0.03716814159292035 0.024188790560471976
1 0.2365781710914454 0.3589970501474926 0.0471976401179941 0.038348082595870206
1 0.23716814159292035 0.51976401179941 0.040117994100294985 0.03303834808259587
1 0.23097345132743363 0.6657817109144543 0.03716814159292035 0.028908554572271386
1 0.2374631268436578 0.8088495575221238 0.047787610619469026 0.03421828908554572
1 0.39882005899705014 0.10589970501474927 0.03185840707964602 0.027728613569321534
1 0.3952802359882006 0.22536873156342183 0.03893805309734513 0.03303834808259587
1 0.37079646017699114 0.3631268436578171 0.0359882005899705 0.038348082595870206
1 0.36578171091445427 0.5047197640117994 0.04837758112094395 0.027728613569321534
1 0.36843657817109143 0.6678466076696166 0.047787610619469026 0.03657817109144543
1 0.37138643067846605 0.8106194690265487 0.04188790560471976 0.035398230088495575
1 0.5430678466076696 0.10766961651917403 0.03480825958702065 0.028908554572271386
1 0.5424778761061947 0.2294985250737463 0.04660766961651917 0.03421828908554572
1 0.5469026548672566 0.3696165191740413 0.04129793510324484 0.03480825958702065
1 0.5486725663716814 0.49734513274336284 0.040117994100294985 0.029498525073746312
1 0.5297935103244837 0.6640117994100295 0.044837758112094395 0.03008849557522124
1 0.5174041297935104 0.8156342182890856 0.04129793510324484 0.0359882005899705
1 0.7073746312684366 0.12064896755162241 0.05191740412979351 0.0359882005899705
1 0.7050147492625368 0.22595870206489677 0.05663716814159292 0.027138643067846607
1 0.692330383480826 0.36607669616519173 0.05132743362831858 0.032448377581120944
1 0.6952802359882005 0.49734513274336284 0.03952802359882006 0.03185840707964602
1 0.6997050147492625 0.6566371681415929 0.04365781710914454 0.03303834808259587
1 0.6929203539823009 0.803834808259587 0.03480825958702065 0.04188790560471976
1 0.8601769911504424 0.12654867256637167 0.044837758112094395 0.038348082595870206
1 0.8613569321533923 0.23333333333333334 0.0471976401179941 0.03952802359882006
1 0.8707964601769911 0.37669616519174043 0.05191740412979351 0.03126843657817109
1 0.8634218289085546 0.4946902654867257 0.05132743362831858 0.04542772861356932
1 0.8581120943952802 0.6651917404129793 0.047787610619469026 0.038348082595870206
1 0.8530973451327434 0.815929203539823 0.06135693215339233 0.03893805309734513
