0 0.12772861356932153 0.1271386430678466 0.07256637168141593 0.0831858407079646
0 0.14660766961651917 0.31799410029498526 0.08436578171091445 0.05191740412979351
1 0.15516224188790562 0.3949852507374631 0.05309734513274336 0.043067846607669616
0 0.11386430678466077 0.5117994100294985 0.11563421828908554 0.06548672566371681
0 0.10147492625368731 0.6238938053097345 0.11327433628318584 0.12330383480825959
0 0.115929203539823 0.7460176991150442 0.07728613569321534 0.10914454277286136
0 0.32123893805309733 0.13244837758112094 0.1433628318584071 0.1410029498525074
0 0.30914454277286135 0.28230088495575223 0.0471976401179941 0.057227138643067846
0 0.3262536873156342 0.42271386430678465 0.16283185840707964 0.07020648967551622
0 0.41002949852507375 0.4622418879056047 0.06607669616519174 0.11976401179941003
0 0.4702064896755162 0.41150442477876104 0.054277286135693215 0.04070796460176991
0 0.4126843657817109 0.543952802359882 0.09498525073746313 0.1191740412979351
1 0.25132743362831855 0.5625368731563422 0.044837758112094395 0.032448377581120944
1 0.24100294985250736 0.6702064896755162 0.0359882005899705 0.03421828908554572
0 0.19705014749262537 0.8085545722713864 0.08141592920353982 0.08672566371681416
1 0.33303834808259586 0.8097345132743363 0.04424778761061947 0.033628318584070796
0 0.5171091445427729 0.11858407079646018 0.08672566371681416 0.13451327433628318
0 0.5356932153392331 0.2814159292035398 0.13215339233038348 0.044837758112094395
0 0.6073746312684366 0.37551622418879055 0.09970501474926254 0.1528023598820059
0 0.6221238938053097 0.2415929203539823 0.061946902654867256 0.061946902654867256
0 0.671386430678466 0.11563421828908554 0.05663716814159292 0.2112094395280236
0 0.8787610619469026 0.07492625368731563 0.1398230088495575 0.05545722713864307
0 0.7973451327433628 0.2312684365781711 0.21297935103244836 0.05191740412979351
0 0.7778761061946903 0.40530973451327434 0.09144542772861357 0.040117994100294985
1 0.5179941002949853 0.5209439528023598 0.06253687315634218 0.04601769911504425
1 0.6787610619469027 0.564306784660767 0.05486725663716814 0.047787610619469026
0 0.7693215339233038 0.5548672566371682 0.06489675516224189 0.047787610619469026
0 0.5342182890855457 0.6283185840707964 0.12330383480825959 0.058997050147492625
0 0.3855457227138643 0.664306784660767 0.03480825958702065 0.10029498525073746
0 0.4607669616519174 0.8041297935103244 0.049557522123893805 0.0743362831858407
0 0.6460176991150443 0.7153392330383481 0.0920353982300885 0.12566371681415928
0 0.752802359882006 0.6988200589970501 0.058997050147492625 0.04424778761061947
0 0.7578171091445428 0.7374631268436578 0.06430678466076696 0.16283185840707964
0 0.6005899705014749 0.7943952802359882 0.06607669616519174 0.0855457227138643
