0 0.14837758112094396 0.10147492625368731 0.052507374631268436 0.03893805309734513
0 0.140117994100295 0.22477876106194689 0.06312684365781711 0.05309734513274336
0 0.13244837758112094 0.37669616519174043 0.05604719764011799 0.05604719764011799
0 0.15162241887905603 0.5176991150442478 0.05309734513274336 0.07256637168141593
0 0.14837758112094396 0.6262536873156342 0.05958702064896755 0.04188790560471976
0 0.15545722713864307 0.820353982300885 0.06312684365781711 0.0607669616519174
0 0.3415929203539823 0.05103244837758112 0.08377581120943953 0.04070796460176991
0 0.30206489675516224 0.228023598820059 0.07315634218289085 0.05014749262536873
0 0.3088495575221239 0.35693215339233036 0.05604719764011799 0.054277286135693215
0 0.3094395280235988 0.5191740412979351 0.05368731563421829 0.09085545722713864
0 0.3286135693215339 0.6259587020648968 0.05545722713864307 0.05781710914454277
0 0.3014749262536873 0.8377581120943953 0.0920353982300885 0.06725663716814159
0 0.46607669616519176 0.11651917404129794 0.035398230088495575 0.038348082595870206
0 0.48200589970501473 0.26312684365781713 0.07787610619469026 0.06253687315634218
0 0.4584070796460177 0.3359882005899705 0.06843657817109144 0.04070796460176991
0 0.47345132743362833 0.46283185840707963 0.07610619469026549 0.05368731563421829
0 0.5112094395280236 0.6032448377581121 0.0855457227138643 0.05014749262536873
0 0.4994100294985251 0.7820058997050148 0.07374631268436578 0.0584070796460177
0 0.5958702064896755 0.0471976401179941 0.06017699115044248 0.049557522123893805
0 0.6604719764011799 0.17728613569321533 0.10442477876106195 0.07020648967551622
0 0.6430678466076696 0.37256637168141593 0.07551622418879056 0.11268436578171091
0 0.6424778761061947 0.46342182890855455 0.05191740412979351 0.047787610619469026
0 0.636283185840708 0.6970501474926254 0.057227138643067846 0.06312684365781711
0 0.6315634218289086 0.772566371681416 0.05604719764011799 0.05604719764011799
0 0.7634218289085546 0.03333333333333333 0.058997050147492625 0.05132743362831858
0 0.8893805309734513 0.043952802359882005 0.05014749262536873 0.07256637168141593
0 0.7557522123893805 0.18377581120943953 0.054277286135693215 0.04660766961651917
0 0.8843657817109144 0.2303834808259587 0.071976401179941 0.0584070796460177
0 0.7988200589970501 0.2884955752212389 0.06253687315634218 0.11327433628318584
0 0.8811209439528024 0.32123893805309733 0.05132743362831858 0.05486725663716814
0 0.7938053097345132 0.5542772861356932 0.08436578171091445 0.09734513274336283
0 0.871976401179941 0.5312684365781711 0.08259587020648967 0.08790560471976401
0 0.9244837758112094 0.656047197640118 0.12625368731563422 0.15221238938053097
0 0.7761061946902654 0.6814159292035398 0.05368731563421829 0.10737463126843658
0 0.8020648967551622 0.8283185840707965 0.08672566371681416 0.09557522123893805
0 0.8713864306784661 0.8011799410029499 0.09085545722713864 0.054277286135693215
