0 0.1410029498525074 0.14188790560471976 0.0743362831858407 0.03480825958702065
0 0.25398230088495577 0.1823008849557522 0.07020648967551622 0.035398230088495575
1 0.4215339233038348 0.1079646017699115 0.05604719764011799 0.03893805309734513
0 0.6103244837758112 0.1640117994100295 0.06666666666666667 0.06607669616519174
0 0.6117994100294986 0.23805309734513275 0.08141592920353982 0.05604719764011799
0 0.5743362831858407 0.29469026548672567 0.04070796460176991 0.09852507374631268
0 0.824188790560472 0.21238938053097345 0.05191740412979351 0.044837758112094395
0 0.7699115044247787 0.3176991150442478 0.054277286135693215 0.07846607669616519
0 0.8492625368731563 0.34277286135693213 0.04542772861356932 0.05309734513274336
0 0.44660766961651915 0.3079646017699115 0.058997050147492625 0.04129793510324484
1 0.33628318584070793 0.2657817109144543 0.04601769911504425 0.04070796460176991
1 0.275811209439528 0.27876106194690264 0.06784660766961652 0.0808259587020649
0 0.16017699115044248 0.41887905604719766 0.0607669616519174 0.04837758112094395
0 0.1398230088495575 0.5699115044247788 0.04247787610619469 0.04601769911504425
0 0.19557522123893806 0.7297935103244838 0.09026548672566372 0.054277286135693215
0 0.1421828908554572 0.8613569321533923 0.05545722713864307 0.029498525073746312
1 0.31504424778761064 0.4539823008849557 0.05191740412979351 0.047787610619469026
1 0.2808259587020649 0.5949852507374631 0.06607669616519174 0.0584070796460177
0 0.2949852507374631 0.7073746312684366 0.06489675516224189 0.04837758112094395
0 0.2831858407079646 0.8486725663716814 0.05309734513274336 0.04542772861356932
0 0.43156342182890856 0.4607669616519174 0.05014749262536873 0.040117994100294985
0 0.4126843657817109 0.5796460176991151 0.0808259587020649 0.06902654867256637
0 0.5899705014749262 0.45132743362831856 0.06017699115044248 0.058997050147492625
0 0.7073746312684366 0.4731563421828908 0.05309734513274336 0.049557522123893805
1 0.8628318584070797 0.49203539823008846 0.04660766961651917 0.035398230088495575
0 0.5265486725663717 0.6112094395280236 0.04542772861356932 0.044837758112094395
0 0.6008849557522123 0.6778761061946903 0.06902654867256637 0.06017699115044248
0 0.6926253687315634 0.6209439528023599 0.06253687315634218 0.05014749262536873
0 0.8395280235988201 0.6047197640117994 0.05191740412979351 0.030678466076696165
1 0.735693215339233 0.7348082595870207 0.04365781710914454 0.043067846607669616
0 0.8477876106194691 0.7587020648967552 0.05663716814159292 0.05663716814159292
1 0.47581120943952804 0.7377581120943952 0.061946902654867256 0.05132743362831858
0 0.491740412979351 0.8672566371681416 0.04660766961651917 0.04129793510324484
0 0.6492625368731564 0.8410029498525073 0.052507374631268436 0.04542772861356932
1 0.7289085545722713 0.9035398230088495 0.047787610619469026 0.043067846607669616
0 0.8722713864306785 0.8713864306784661 0.06902654867256637 0.044837758112094395
