0 0.15663716814159293 0.16991150442477876 0.06784660766961652 0.05545722713864307
0 0.31887905604719763 0.16666666666666666 0.04542772861356932 0.06312684365781711
0 0.5 0.22743362831858407 0.061946902654867256 0.06312684365781711
0 0.6324483775811209 0.2294985250737463 0.05545722713864307 0.0743362831858407
0 0.7734513274336283 0.15988200589970503 0.03657817109144543 0.07315634218289085
0 0.8492625368731563 0.1943952802359882 0.06430678466076696 0.052507374631268436
0 0.7938053097345132 0.3064896755162242 0.05958702064896755 0.10678466076696165
0 0.876401179941003 0.31946902654867254 0.04542772861356932 0.14690265486725662
0 0.6265486725663717 0.3153392330383481 0.049557522123893805 0.08790560471976401
0 0.49085545722713864 0.38908554572271387 0.054277286135693215 0.07020648967551622
0 0.3117994100294985 0.375811209439528 0.0584070796460177 0.06135693215339233
0 0.1463126843657817 0.3693215339233038 0.04247787610619469 0.0471976401179941
0 0.15014749262536872 0.47463126843657816 0.06312684365781711 0.07138643067846608
0 0.3056047197640118 0.48023598820059 0.044837758112094395 0.07315634218289085
0 0.4775811209439528 0.5312684365781711 0.06666666666666667 0.0831858407079646
0 0.6398230088495576 0.531858407079646 0.061946902654867256 0.05958702064896755
0 0.787905604719764 0.44424778761061945 0.04542772861356932 0.11091445427728613
0 0.8646017699115044 0.4663716814159292 0.06548672566371681 0.07492625368731563
1 0.12477876106194691 0.6150442477876106 0.06548672566371681 0.05368731563421829
0 0.31209439528023597 0.6156342182890855 0.05309734513274336 0.05014749262536873
0 0.4604719764011799 0.6722713864306784 0.06548672566371681 0.057227138643067846
0 0.6386430678466076 0.6492625368731564 0.05604719764011799 0.06666666666666667
0 0.7687315634218289 0.6926253687315634 0.054277286135693215 0.13097345132743363
0 0.8663716814159292 0.6876106194690266 0.03952802359882006 0.07374631268436578
0 0.896165191740413 0.7504424778761062 0.049557522123893805 0.054277286135693215
0 0.4640117994100295 0.7463126843657817 0.05014749262536873 0.06607669616519174
1 0.2982300884955752 0.7634218289085546 0.04188790560471976 0.054277286135693215
1 0.14837758112094396 0.7654867256637168 0.0607669616519174 0.052507374631268436
0 0.1398230088495575 0.9094395280235988 0.054277286135693215 0.047787610619469026
0 0.33775811209439527 0.9353982300884955 0.09734513274336283 0.05604719764011799
0 0.46519174041297934 0.8849557522123894 0.04542772861356932 0.0471976401179941
0 0.6061946902654867 0.93952802359882 0.06666666666666667 0.05368731563421829
0 0.744542772861357 0.9471976401179941 0.058997050147492625 0.05604719764011799
0 0.887905604719764 0.9436578171091445 0.0471976401179941 0.07610619469026549
