0 0.20914454277286135 0.12477876106194691 0.10324483775811209 0.07728613569321534
0 0.21769911504424777 0.24631268436578171 0.05663716814159292 0.038348082595870206
0 0.2536873156342183 0.35339233038348083 0.0967551622418879 0.04129793510324484
0 0.32035398230088497 0.13657817109144543 0.05545722713864307 0.17758112094395279
0 0.4607669616519174 0.15899705014749263 0.12625368731563422 0.07374631268436578
0 0.39557522123893807 0.26135693215339234 0.11504424778761062 0.0743362831858407
0 0.46519174041297934 0.2920353982300885 0.1351032448377581 0.04129793510324484
0 0.3887905604719764 0.3979351032448378 0.09085545722713864 0.1952802359882006
0 0.335693215339233 0.5227138643067847 0.029498525073746312 0.07669616519174041
0 0.27935103244837756 0.5982300884955752 0.05958702064896755 0.06607669616519174
0 0.25722713864306784 0.6693215339233038 0.08731563421828908 0.0855457227138643
0 0.3831858407079646 0.587315634218289 0.11150442477876106 0.07492625368731563
0 0.45191740412979353 0.5825958702064896 0.1168141592920354 0.11622418879056047
0 0.51976401179941 0.4294985250737463 0.058997050147492625 0.04129793510324484
0 0.5233038348082596 0.46991150442477875 0.12389380530973451 0.1421828908554572
0 0.592330383480826 0.479646017699115 0.11563421828908554 0.0920353982300885
0 0.5368731563421829 0.5268436578171092 0.0471976401179941 0.06253687315634218
0 0.6672566371681415 0.35398230088495575 0.0920353982300885 0.1463126843657817
0 0.6737463126843658 0.16843657817109145 0.0920353982300885 0.09262536873156342
0 0.7345132743362832 0.25073746312684364 0.10855457227138643 0.06489675516224189
0 0.8663716814159292 0.16607669616519175 0.07610619469026549 0.07374631268436578
0 0.8513274336283185 0.3 0.05073746312684366 0.057227138643067846
0 0.8070796460176991 0.5920353982300884 0.04247787610619469 0.11740412979351032
0 0.7330383480825958 0.5941002949852507 0.08200589970501475 0.09321533923303835
0 0.6041297935103245 0.6764011799410029 0.044837758112094395 0.09498525073746313
1 0.8893805309734513 0.5289085545722714 0.04896755162241888 0.03126843657817109
0 0.8955752212389381 0.6088495575221239 0.0943952802359882 0.08731563421828908
0 0.71976401179941 0.7306784660766962 0.09911504424778761 0.04424778761061947
0 0.8533923303834808 0.7949852507374631 0.08790560471976401 0.10088495575221239
0 0.7463126843657817 0.8165191740412979 0.071976401179941 0.07079646017699115
1 0.6702064896755162 0.8070796460176991 0.04247787610619469 0.02359882005899705
0 0.5410029498525074 0.8061946902654867 0.0471976401179941 0.07492625368731563
0 0.37669616519174043 0.7893805309734513 0.11150442477876106 0.08495575221238938
0 0.32536873156342183 0.8179941002949852 0.0607669616519174 0.1327433628318584
