1 0.15988200589970503 0.18436578171091444 0.04837758112094395 0.061946902654867256
0 0.1528023598820059 0.3799410029498525 0.058997050147492625 0.058997050147492625
0 0.15663716814159293 0.49144542772861355 0.038348082595870206 0.04601769911504425
1 0.14041297935103245 0.6132743362831858 0.044837758112094395 0.047787610619469026
0 0.15191740412979352 0.7669616519174041 0.04660766961651917 0.0471976401179941
1 0.1480825958702065 0.9156342182890855 0.05781710914454277 0.03421828908554572
0 0.3200589970501475 0.17581120943952802 0.04660766961651917 0.04129793510324484
0 0.32123893805309733 0.371976401179941 0.061946902654867256 0.04896755162241888
0 0.3079646017699115 0.4702064896755162 0.0471976401179941 0.06489675516224189
0 0.3088495575221239 0.6486725663716814 0.03952802359882006 0.06902654867256637
0 0.3117994100294985 0.7734513274336283 0.05132743362831858 0.04247787610619469
0 0.3392330383480826 0.9507374631268436 0.10147492625368731 0.043067846607669616
0 0.46932153392330384 0.8820058997050148 0.0359882005899705 0.03657817109144543
0 0.4772861356932153 0.7448377581120944 0.0696165191740413 0.052507374631268436
1 0.4631268436578171 0.6628318584070796 0.06135693215339233 0.04188790560471976
0 0.47699115044247786 0.5327433628318584 0.057227138643067846 0.0743362831858407
0 0.5070796460176991 0.39764011799410026 0.05604719764011799 0.049557522123893805
0 0.5050147492625369 0.21622418879056046 0.054277286135693215 0.04070796460176991
0 0.6309734513274337 0.21799410029498525 0.04424778761061947 0.07728613569321534
0 0.6368731563421829 0.3106194690265487 0.08200589970501475 0.06902654867256637
0 0.6412979351032448 0.5348082595870206 0.05663716814159292 0.04896755162241888
0 0.6513274336283186 0.61976401179941 0.05545722713864307 0.08436578171091445
0 0.8032448377581121 0.16843657817109145 0.07964601769911504 0.04896755162241888
0 0.8536873156342183 0.19498525073746312 0.044837758112094395 0.04542772861356932
0 0.9221238938053097 0.3339233038348083 0.12861356932153392 0.16991150442477876
0 0.7828908554572271 0.31504424778761064 0.05781710914454277 0.06371681415929203
0 0.8061946902654867 0.43480825958702063 0.07138643067846608 0.08613569321533923
0 0.8625368731563422 0.45663716814159294 0.09085545722713864 0.06607669616519174
0 0.7817109144542773 0.7135693215339233 0.035398230088495575 0.10088495575221239
0 0.891740412979351 0.6808259587020649 0.06666666666666667 0.0696165191740413
0 0.8958702064896755 0.7687315634218289 0.07256637168141593 0.071976401179941
0 0.6533923303834808 0.8238938053097346 0.09852507374631268 0.0584070796460177
0 0.6035398230088496 0.9595870206489675 0.0743362831858407 0.05604719764011799
0 0.7684365781710915 0.9610619469026549 0.06902654867256637 0.06371681415929203
0 0.8731563421828908 0.9404129793510324 0.04601769911504425 0.08849557522123894
0 0.7545722713864307 0.8135693215339233 0.05781710914454277 0.04601769911504425
