0 0.22743362831858407 0.1672566371681416 0.06666666666666667 0.0831858407079646
0 0.35339233038348083 0.13952802359882005 0.10855457227138643 0.0607669616519174
0 0.5286135693215339 0.1303834808259587 0.11563421828908554 0.07669616519174041
0 0.6368731563421829 0.10973451327433628 0.05486725663716814 0.03775811209439528
0 0.7769911504424779 0.12448377581120944 0.0471976401179941 0.04601769911504425
0 0.8923303834808259 0.11563421828908554 0.05486725663716814 0.035398230088495575
0 0.23244837758112094 0.23716814159292035 0.11327433628318584 0.03893805309734513
0 0.31474926253687313 0.25604719764011796 0.05958702064896755 0.07079646017699115
1 0.49144542772861355 0.28171091445427726 0.03775811209439528 0.04188790560471976
0 0.6696165191740413 0.2855457227138643 0.08377581120943953 0.044837758112094395
0 0.7787610619469026 0.26784660766961654 0.03657817109144543 0.04365781710914454
0 0.8799410029498524 0.28466076696165193 0.04424778761061947 0.09144542772861357
0 0.21740412979351031 0.43392330383480826 0.05368731563421829 0.04542772861356932
0 0.33303834808259586 0.4542772861356932 0.12802359882005898 0.06017699115044248
1 0.4849557522123894 0.391740412979351 0.06489675516224189 0.04247787610619469
0 0.6283185840707964 0.47109144542772863 0.08259587020648967 0.1327433628318584
0 0.7415929203539823 0.40766961651917405 0.0943952802359882 0.08849557522123894
0 0.8896755162241887 0.459882005899705 0.05781710914454277 0.04660766961651917
0 0.2191740412979351 0.5563421828908555 0.05014749262536873 0.05191740412979351
0 0.3303834808259587 0.5380530973451327 0.11091445427728613 0.12389380530973451
0 0.463716814159292 0.5250737463126843 0.06253687315634218 0.0471976401179941
0 0.6174041297935103 0.5849557522123894 0.07846607669616519 0.05958702064896755
0 0.6820058997050147 0.5858407079646017 0.07905604719764012 0.06725663716814159
0 0.8427728613569322 0.5790560471976401 0.05958702064896755 0.05486725663716814
0 0.22271386430678466 0.6793510324483776 0.07492625368731563 0.10206489675516224
0 0.3153392330383481 0.6725663716814159 0.0607669616519174 0.0471976401179941
0 0.452212389380531 0.675811209439528 0.08908554572271386 0.06430678466076696
0 0.5814159292035398 0.755457227138643 0.12448377581120944 0.10324483775811209
0 0.728023598820059 0.712094395280236 0.0471976401179941 0.044837758112094395
1 0.8330383480825958 0.6899705014749262 0.05663716814159292 0.03952802359882006
0 0.7206489675516224 0.8 0.04424778761061947 0.02831858407079646
0 0.8929203539823009 0.8 0.05604719764011799 0.06017699115044248
0 0.6097345132743363 0.8442477876106195 0.13628318584070798 0.1368731563421829
0 0.43864306784660767 0.8466076696165191 0.07492625368731563 0.11445427728613569
0 0.3430678466076696 0.7817109144542773 0.05368731563421829 0.0943952802359882
0 0.23008849557522124 0.7828908554572271 0.1935103244837758 0.08023598820058997
