1 0.1 0.1471976401179941 0.043067846607669616 0.032448377581120944
1 0.10117994100294986 0.33893805309734515 0.04070796460176991 0.04188790560471976
1 0.09026548672566372 0.47109144542772863 0.03893805309734513 0.0359882005899705
1 0.09410029498525074 0.6174041297935103 0.02654867256637168 0.028908554572271386
1 0.10235988200589971 0.7595870206489675 0.04070796460176991 0.032448377581120944
1 0.10707964601769912 0.9038348082595871 0.04660766961651917 0.022418879056047197
1 0.22064896755162242 0.1457227138643068 0.04247787610619469 0.024778761061946902
1 0.215929203539823 0.32831858407079645 0.03303834808259587 0.03126843657817109
1 0.2336283185840708 0.4696165191740413 0.03657817109144543 0.03185840707964602
1 0.2383480825958702 0.616519174041298 0.03185840707964602 0.03421828908554572
1 0.23952802359882006 0.7675516224188791 0.03893805309734513 0.025958702064896755
1 0.2663716814159292 0.8949852507374632 0.038348082595870206 0.03303834808259587
1 0.3640117994100295 0.1454277286135693 0.03185840707964602 0.027728613569321534
1 0.37079646017699114 0.3224188790560472 0.0359882005899705 0.04070796460176991
1 0.3787610619469026 0.4994100294985251 0.049557522123893805 0.03480825958702065
1 0.38495575221238937 0.6389380530973451 0.03126843657817109 0.03421828908554572
1 0.3935103244837758 0.7648967551622419 0.03421828908554572 0.0359882005899705
0 0.40176991150442476 0.9094395280235988 0.03657817109144543 0.033628318584070796
1 0.5224188790560472 0.13864306784660768 0.038348082595870206 0.02831858407079646
1 0.512684365781711 0.35044247787610616 0.040117994100294985 0.027138643067846607
1 0.5339233038348082 0.51976401179941 0.03775811209439528 0.02831858407079646
1 0.5268436578171092 0.6253687315634218 0.04601769911504425 0.029498525073746312
1 0.551622418879056 0.7722713864306785 0.04365781710914454 0.02831858407079646
1 0.564306784660767 0.9147492625368732 0.038348082595870206 0.02182890855457227
0 0.707669616519174 0.9150442477876106 0.038348082595870206 0.040117994100294985
1 0.7017699115044248 0.7734513274336283 0.04188790560471976 0.03657817109144543
1 0.6908554572271386 0.6262536873156342 0.03893805309734513 0.032448377581120944
1 0.6858407079646017 0.5109144542772861 0.03952802359882006 0.03303834808259587
1 0.68023598820059 0.3430678466076696 0.03185840707964602 0.03008849557522124
1 0.6784660766961652 0.13333333333333333 0.03775811209439528 0.03775811209439528
0 0.8433628318584071 0.12772861356932153 0.04070796460176991 0.04424778761061947
1 0.8424778761061946 0.3584070796460177 0.04365781710914454 0.032448377581120944
1 0.8451327433628318 0.5191740412979351 0.05132743362831858 0.03421828908554572
1 0.8477876106194691 0.6286135693215339 0.0471976401179941 0.03126843657817109
1 0.848377581120944 0.7781710914454277 0.0471976401179941 0.044837758112094395
1 0.8690265486725663 0.8991150442477875 0.054277286135693215 0.03893805309734513
