0 0.1327433628318584 0.1410029498525074 0.10619469026548672 0.10737463126843658
0 0.14424778761061946 0.3206489675516224 0.09498525073746313 0.04660766961651917
1 0.14896755162241887 0.3997050147492625 0.03480825958702065 0.03952802359882006
0 0.11445427728613569 0.5026548672566371 0.13569321533923304 0.08849557522123894
0 0.10294985250737462 0.6271386430678466 0.10914454277286136 0.13333333333333333
0 0.11445427728613569 0.7678466076696165 0.071976401179941 0.12802359882005898
0 0.307669616519174 0.12595870206489676 0.13392330383480827 0.15398230088495574
0 0.30501474926253686 0.275811209439528 0.03657817109144543 0.0584070796460177
0 0.3345132743362832 0.42094395280235986 0.17463126843657817 0.07138643067846608
0 0.41150442477876104 0.4625368731563422 0.06666666666666667 0.12389380530973451
0 0.4766961651917404 0.4150442477876106 0.05781710914454277 0.03716814159292035
0 0.4191740412979351 0.5471976401179941 0.09852507374631268 0.12330383480825959
1 0.24336283185840707 0.5587020648967551 0.033628318584070796 0.044837758112094395
1 0.24926253687315633 0.6805309734513274 0.038348082595870206 0.03716814159292035
1 0.32536873156342183 0.8070796460176991 0.043067846607669616 0.03421828908554572
0 0.3817109144542773 0.6584070796460177 0.04837758112094395 0.11445427728613569
0 0.5303834808259587 0.6292035398230088 0.13333333333333333 0.047787610619469026
1 0.515339233038348 0.5182890855457227 0.05486725663716814 0.032448377581120944
0 0.46430678466076697 0.8112094395280236 0.04365781710914454 0.08849557522123894
0 0.515929203539823 0.12507374631268436 0.0808259587020649 0.1215339233038348
0 0.532448377581121 0.28023598820059 0.1398230088495575 0.05545722713864307
0 0.6628318584070796 0.12212389380530973 0.07256637168141593 0.2112094395280236
0 0.6147492625368731 0.24365781710914453 0.06607669616519174 0.06607669616519174
0 0.8755162241887906 0.06725663716814159 0.143952802359882 0.05309734513274336
0 0.8 0.24985250737463127 0.215929203539823 0.0831858407079646
0 0.6056047197640118 0.3743362831858407 0.11032448377581121 0.1528023598820059
0 0.7764011799410029 0.40176991150442476 0.08849557522123894 0.04247787610619469
1 0.6743362831858407 0.5589970501474926 0.035398230088495575 0.038348082595870206
0 0.771386430678466 0.5548672566371682 0.07138643067846608 0.05486725663716814
0 0.6418879056047198 0.719174041297935 0.08731563421828908 0.10973451327433628
0 0.7513274336283186 0.7020648967551623 0.04070796460176991 0.04601769911504425
0 0.752802359882006 0.7433628318584071 0.06253687315634218 0.15457227138643068
0 0.5985250737463127 0.7831858407079646 0.07020648967551622 0.09144542772861357
0 0.20235988200589972 0.7979351032448377 0.08141592920353982 0.1504424778761062
