1 0.11563421828908554 0.12890855457227138 0.040117994100294985 0.02536873156342183
1 0.11799410029498525 0.29233038348082596 0.05191740412979351 0.032448377581120944
1 0.1191740412979351 0.4176991150442478 0.049557522123893805 0.04365781710914454
1 0.12418879056047197 0.5628318584070796 0.043067846607669616 0.030678466076696165
1 0.12389380530973451 0.727433628318584 0.04365781710914454 0.03185840707964602
1 0.12861356932153392 0.8979351032448377 0.030678466076696165 0.03421828908554572
1 0.275811209439528 0.1433628318584071 0.04070796460176991 0.025958702064896755
1 0.29056047197640117 0.30117994100294987 0.03126843657817109 0.0359882005899705
1 0.2867256637168142 0.4259587020648967 0.03657817109144543 0.021238938053097345
1 0.2855457227138643 0.559882005899705 0.03303834808259587 0.01887905604719764
1 0.3023598820058997 0.715929203539823 0.04896755162241888 0.03716814159292035
1 0.2991150442477876 0.8837758112094395 0.035398230088495575 0.03775811209439528
1 0.44837758112094395 0.14837758112094396 0.035398230088495575 0.03008849557522124
1 0.4492625368731563 0.2994100294985251 0.047787610619469026 0.03008849557522124
1 0.44660766961651915 0.4212389380530973 0.04365781710914454 0.029498525073746312
1 0.45073746312684365 0.5528023598820059 0.03185840707964602 0.03657817109144543
1 0.45781710914454277 0.695575221238938 0.05191740412979351 0.03657817109144543
1 0.4510324483775811 0.8761061946902655 0.04188790560471976 0.030678466076696165
1 0.6044247787610619 0.1471976401179941 0.04070796460176991 0.02654867256637168
1 0.6067846607669617 0.2896755162241888 0.04542772861356932 0.02359882005899705
1 0.6032448377581121 0.42507374631268435 0.05014749262536873 0.03126843657817109
1 0.6047197640117994 0.5519174041297935 0.04129793510324484 0.033628318584070796
1 0.615339233038348 0.6958702064896755 0.049557522123893805 0.02536873156342183
1 0.6230088495575221 0.856637168141593 0.03775811209439528 0.02831858407079646
1 0.7545722713864307 0.15368731563421828 0.04247787610619469 0.02536873156342183
1 0.7504424778761062 0.28348082595870205 0.04365781710914454 0.03480825958702065
1 0.7513274336283186 0.40914454277286133 0.03480825958702065 0.02654867256637168
1 0.7572271386430678 0.5507374631268437 0.03480825958702065 0.02654867256637168
1 0.9345132743362832 0.16696165191740414 0.029498525073746312 0.024778761061946902
1 0.9362831858407079 0.2784660766961652 0.04247787610619469 0.03303834808259587
1 0.9362831858407079 0.4026548672566372 0.04247787610619469 0.04188790560471976
1 0.9404129793510324 0.5528023598820059 0.05191740412979351 0.03303834808259587
1 0.931268436578171 0.6979351032448378 0.05368731563421829 0.027138643067846607
1 0.7498525073746313 0.7017699115044248 0.05191740412979351 0.03126843657817109
1 0.7539823008849558 0.8640117994100295 0.054277286135693215 0.028908554572271386
1 0.9351032448377581 0.8584070796460177 0.040117994100294985 0.02359882005899705
