1 0.05693215339233038 0.14749262536873156 0.05368731563421829 0.02831858407079646
0 0.06519174041297934 0.31504424778761064 0.03716814159292035 0.04247787610619469
1 0.06253687315634218 0.4551622418879056 0.04247787610619469 0.03126843657817109
1 0.06342182890855458 0.5979351032448378 0.03716814159292035 0.04070796460176991
1 0.07994100294985251 0.7047197640117994 0.038348082595870206 0.03716814159292035
1 0.06548672566371681 0.8339233038348083 0.03893805309734513 0.057227138643067846
1 0.17787610619469027 0.1870206489675516 0.047787610619469026 0.02831858407079646
0 0.21563421828908555 0.33480825958702065 0.052507374631268436 0.04542772861356932
0 0.23067846607669618 0.4324483775811209 0.04129793510324484 0.049557522123893805
1 0.2471976401179941 0.5970501474926253 0.05545722713864307 0.030678466076696165
1 0.259882005899705 0.7017699115044248 0.04660766961651917 0.03716814159292035
1 0.2592920353982301 0.8277286135693215 0.05014749262536873 0.05191740412979351
0 0.3528023598820059 0.16666666666666666 0.03893805309734513 0.05132743362831858
1 0.371976401179941 0.3321533923303835 0.04660766961651917 0.04365781710914454
0 0.3648967551622419 0.4581120943952802 0.047787610619469026 0.047787610619469026
1 0.3958702064896755 0.5811209439528023 0.044837758112094395 0.03657817109144543
1 0.38495575221238937 0.7206489675516224 0.04188790560471976 0.033628318584070796
0 0.41386430678466074 0.8085545722713864 0.043067846607669616 0.04070796460176991
1 0.5200589970501475 0.1383480825958702 0.05014749262536873 0.043067846607669616
0 0.543952802359882 0.28466076696165193 0.05191740412979351 0.033628318584070796
1 0.5445427728613569 0.43864306784660767 0.05309734513274336 0.03716814159292035
1 0.5513274336283186 0.5775811209439528 0.05014749262536873 0.03185840707964602
0 0.5483775811209439 0.7135693215339233 0.05958702064896755 0.04542772861356932
0 0.5539823008849557 0.8690265486725663 0.04837758112094395 0.05073746312684366
1 0.7017699115044248 0.11563421828908554 0.04896755162241888 0.03893805309734513
0 0.6663716814159292 0.3008849557522124 0.05486725663716814 0.06253687315634218
0 0.8557522123893805 0.0855457227138643 0.04896755162241888 0.03775811209439528
1 0.8761061946902655 0.30029498525073745 0.058997050147492625 0.03421828908554572
1 0.7106194690265487 0.4392330383480826 0.05014749262536873 0.03008849557522124
0 0.8631268436578171 0.46519174041297934 0.05191740412979351 0.05958702064896755
0 0.8625368731563422 0.563716814159292 0.05191740412979351 0.0584070796460177
0 0.7061946902654868 0.6014749262536873 0.0471976401179941 0.05368731563421829
0 0.7100294985250737 0.7135693215339233 0.05486725663716814 0.047787610619469026
1 0.8628318584070797 0.7094395280235988 0.04542772861356932 0.043067846607669616
1 0.7005899705014749 0.8604719764011799 0.04542772861356932 0.04660766961651917
1 0.887905604719764 0.8761061946902655 0.04601769911504425 0.04601769911504425
