1 0.10855457227138643 0.10412979351032448 0.040117994100294985 0.02536873156342183
1 0.12920353982300886 0.23156342182890854 0.05191740412979351 0.032448377581120944
1 0.12861356932153392 0.3787610619469026 0.049557522123893805 0.04365781710914454
1 0.12359882005899706 0.5339233038348082 0.043067846607669616 0.030678466076696165
1 0.12035398230088495 0.6696165191740413 0.04365781710914454 0.03185840707964602
1 0.12094395280235988 0.8135693215339233 0.030678466076696165 0.03421828908554572
1 0.2533923303834808 0.10501474926253687 0.04070796460176991 0.025958702064896755
1 0.24454277286135692 0.23333333333333334 0.03126843657817109 0.0359882005899705
1 0.2377581120943953 0.36283185840707965 0.03657817109144543 0.021238938053097345
1 0.23716814159292035 0.5265486725663717 0.035398230088495575 0.02182890855457227
1 0.23215339233038348 0.6710914454277286 0.04896755162241888 0.03716814159292035
1 0.2342182890855457 0.8094395280235989 0.035398230088495575 0.03775811209439528
1 0.3958702064896755 0.11179941002949853 0.035398230088495575 0.03008849557522124
1 0.39144542772861357 0.228023598820059 0.047787610619469026 0.03008849557522124
1 0.3687315634218289 0.37168141592920356 0.04365781710914454 0.029498525073746312
1 0.37079646017699114 0.5135693215339233 0.03716814159292035 0.033628318584070796
1 0.3646017699115044 0.6731563421828909 0.05191740412979351 0.03657817109144543
1 0.3678466076696165 0.8194690265486726 0.04188790560471976 0.030678466076696165
1 0.5424778761061947 0.1135693215339233 0.04070796460176991 0.02654867256637168
1 0.5389380530973451 0.23303834808259588 0.04542772861356932 0.02359882005899705
1 0.5471976401179941 0.37315634218289084 0.05014749262536873 0.03126843657817109
1 0.5469026548672566 0.5047197640117994 0.04129793510324484 0.033628318584070796
1 0.5274336283185841 0.6651917404129793 0.049557522123893805 0.02536873156342183
1 0.5168141592920354 0.8206489675516224 0.03775811209439528 0.02831858407079646
1 0.7132743362831858 0.11710914454277285 0.04247787610619469 0.02536873156342183
1 0.7026548672566372 0.23392330383480825 0.04365781710914454 0.03480825958702065
1 0.692330383480826 0.36696165191740415 0.043067846607669616 0.02831858407079646
1 0.6988200589970501 0.4982300884955752 0.03480825958702065 0.02654867256637168
1 0.856637168141593 0.12035398230088495 0.06017699115044248 0.029498525073746312
1 0.8578171091445428 0.240117994100295 0.04247787610619469 0.03303834808259587
1 0.8648967551622418 0.3831858407079646 0.04247787610619469 0.04188790560471976
1 0.8530973451327434 0.4905604719764012 0.04601769911504425 0.02536873156342183
1 0.8604719764011799 0.663126843657817 0.05368731563421829 0.027138643067846607
1 0.6884955752212389 0.6640117994100295 0.05191740412979351 0.03126843657817109
1 0.6943952802359882 0.8097345132743363 0.054277286135693215 0.028908554572271386
1 0.8495575221238938 0.8123893805309734 0.040117994100294985 0.02359882005899705
