0 0.12684365781710916 0.12920353982300886 0.08731563421828908 0.09321533923303835
0 0.14129793510324484 0.3088495575221239 0.09144542772861357 0.06784660766961652
1 0.15162241887905603 0.40412979351032446 0.03303834808259587 0.044837758112094395
0 0.11179941002949853 0.5156342182890855 0.11268436578171091 0.058997050147492625
0 0.09911504424778761 0.6109144542772861 0.10383480825958702 0.09026548672566372
0 0.1182890855457227 0.7536873156342183 0.08436578171091445 0.12212389380530973
0 0.3094395280235988 0.13097345132743363 0.11032448377581121 0.16047197640117994
0 0.30737463126843656 0.28053097345132744 0.03775811209439528 0.043067846607669616
0 0.3407079646017699 0.42625368731563423 0.15398230088495574 0.09144542772861357
0 0.415929203539823 0.46430678466076697 0.07315634218289085 0.11799410029498525
0 0.252212389380531 0.5610619469026549 0.05368731563421829 0.035398230088495575
1 0.24660766961651917 0.6811209439528023 0.03421828908554572 0.03716814159292035
0 0.20943952802359883 0.7908554572271387 0.08495575221238938 0.12330383480825959
1 0.3309734513274336 0.8029498525073746 0.04129793510324484 0.03775811209439528
0 0.4224188790560472 0.5474926253687316 0.09557522123893805 0.12389380530973451
0 0.38495575221238937 0.6687315634218289 0.05014749262536873 0.09144542772861357
0 0.4654867256637168 0.8079646017699115 0.05191740412979351 0.0855457227138643
0 0.536283185840708 0.6297935103244837 0.13215339233038348 0.05368731563421829
1 0.5112094395280236 0.5129793510324484 0.04896755162241888 0.04896755162241888
0 0.47935103244837757 0.4144542772861357 0.05604719764011799 0.03126843657817109
0 0.5356932153392331 0.2831858407079646 0.12979351032448377 0.04837758112094395
0 0.5165191740412979 0.10412979351032448 0.07138643067846608 0.15162241887905603
0 0.667551622418879 0.11740412979351032 0.06902654867256637 0.22182890855457227
0 0.615929203539823 0.23864306784660766 0.06371681415929203 0.06430678466076696
0 0.8799410029498524 0.07315634218289085 0.12566371681415928 0.07551622418879056
0 0.7849557522123893 0.22684365781710913 0.20117994100294984 0.07138643067846608
0 0.6112094395280236 0.4014749262536873 0.10029498525073746 0.1870206489675516
0 0.7849557522123893 0.4014749262536873 0.09380530973451327 0.04188790560471976
0 0.6805309734513274 0.5699115044247788 0.06548672566371681 0.058997050147492625
0 0.7699115044247787 0.5510324483775811 0.06489675516224189 0.05309734513274336
0 0.6451327433628319 0.7168141592920354 0.08790560471976401 0.11799410029498525
0 0.7469026548672566 0.6908554572271386 0.054277286135693215 0.05191740412979351
0 0.7442477876106195 0.7398230088495575 0.07020648967551622 0.17581120943952802
0 0.6029498525073747 0.7991150442477876 0.12271386430678466 0.08436578171091445
