0 0.13952802359882005 0.17728613569321533 0.06902654867256637 0.05132743362831858
0 0.25958702064896755 0.18584070796460178 0.07315634218289085 0.035398230088495575
1 0.23716814159292035 0.2651917404129793 0.06135693215339233 0.07964601769911504
0 0.1607669616519174 0.4200589970501475 0.07020648967551622 0.05545722713864307
0 0.15221238938053097 0.5672566371681416 0.0471976401179941 0.032448377581120944
0 0.17374631268436577 0.708259587020649 0.07964601769911504 0.052507374631268436
0 0.14454277286135692 0.852212389380531 0.06253687315634218 0.04424778761061947
1 0.33303834808259586 0.26489675516224187 0.04896755162241888 0.049557522123893805
1 0.31327433628318585 0.4545722713864307 0.06725663716814159 0.03480825958702065
1 0.2849557522123894 0.5908554572271386 0.058997050147492625 0.04424778761061947
0 0.2991150442477876 0.7094395280235988 0.05545722713864307 0.05368731563421829
0 0.2775811209439528 0.8427728613569322 0.04896755162241888 0.043067846607669616
1 0.4103244837758112 0.1359882005899705 0.0359882005899705 0.04542772861356932
0 0.4421828908554572 0.3035398230088496 0.05368731563421829 0.04660766961651917
0 0.43628318584070797 0.4631268436578171 0.05132743362831858 0.03657817109144543
0 0.4079646017699115 0.5914454277286135 0.07020648967551622 0.07846607669616519
0 0.6076696165191741 0.16902654867256636 0.06253687315634218 0.07138643067846608
0 0.6050147492625368 0.22831858407079647 0.07610619469026549 0.054277286135693215
0 0.551622418879056 0.307669616519174 0.0696165191740413 0.09852507374631268
0 0.81976401179941 0.2097345132743363 0.04660766961651917 0.03716814159292035
0 0.7604719764011799 0.34041297935103243 0.05545722713864307 0.058997050147492625
0 0.8430678466076696 0.3480825958702065 0.05309734513274336 0.04601769911504425
0 0.5775811209439528 0.463716814159292 0.06607669616519174 0.0471976401179941
0 0.7061946902654868 0.47876106194690266 0.06135693215339233 0.047787610619469026
0 0.8398230088495575 0.4988200589970501 0.04424778761061947 0.04660766961651917
0 0.5215339233038347 0.6312684365781711 0.04837758112094395 0.08141592920353982
0 0.6023598820058997 0.6837758112094395 0.07315634218289085 0.05545722713864307
0 0.6902654867256637 0.6200589970501474 0.05309734513274336 0.04129793510324484
0 0.840117994100295 0.6174041297935103 0.06135693215339233 0.0607669616519174
1 0.7386430678466076 0.7300884955752213 0.0471976401179941 0.03716814159292035
0 0.848377581120944 0.7634218289085546 0.05663716814159292 0.05191740412979351
0 0.8758112094395281 0.8675516224188791 0.07020648967551622 0.04070796460176991
0 0.7292035398230088 0.8926253687315634 0.040117994100294985 0.03657817109144543
0 0.6442477876106194 0.8380530973451328 0.03893805309734513 0.04424778761061947
1 0.4772861356932153 0.7430678466076696 0.07905604719764012 0.04542772861356932
0 0.484070796460177 0.8731563421828908 0.043067846607669616 0.03421828908554572
