1 0.1191740412979351 0.11297935103244838 0.040117994100294985 0.02536873156342183
1 0.12212389380530973 0.28171091445427726 0.05191740412979351 0.032448377581120944
1 0.12802359882005898 0.43952802359882004 0.025958702064896755 0.022418879056047197
1 0.12064896755162241 0.5858407079646017 0.043067846607669616 0.030678466076696165
1 0.13569321533923304 0.7079646017699115 0.04365781710914454 0.03185840707964602
1 0.13893805309734514 0.868141592920354 0.04188790560471976 0.038348082595870206
1 0.2976401179941003 0.12035398230088495 0.04070796460176991 0.025958702064896755
1 0.30029498525073745 0.2825958702064897 0.05663716814159292 0.040117994100294985
1 0.2843657817109144 0.4407079646017699 0.03657817109144543 0.021238938053097345
1 0.2825958702064897 0.5825958702064896 0.035398230088495575 0.02182890855457227
1 0.28702064896755164 0.707669616519174 0.04896755162241888 0.03716814159292035
1 0.271976401179941 0.8407079646017699 0.035398230088495575 0.03775811209439528
1 0.4471976401179941 0.12418879056047197 0.035398230088495575 0.03008849557522124
1 0.4539823008849557 0.3070796460176991 0.047787610619469026 0.03008849557522124
1 0.44601769911504424 0.4424778761061947 0.03893805309734513 0.02831858407079646
1 0.4457227138643068 0.5808259587020649 0.03716814159292035 0.033628318584070796
1 0.44896755162241886 0.7044247787610619 0.05191740412979351 0.03657817109144543
1 0.4557522123893805 0.8466076696165191 0.04188790560471976 0.030678466076696165
1 0.6227138643067847 0.14778761061946902 0.04070796460176991 0.02654867256637168
1 0.615339233038348 0.307669616519174 0.05309734513274336 0.02654867256637168
1 0.6091445427728613 0.4504424778761062 0.04542772861356932 0.033628318584070796
1 0.6088495575221239 0.5778761061946902 0.04129793510324484 0.033628318584070796
1 0.6070796460176991 0.7064896755162242 0.049557522123893805 0.02536873156342183
1 0.591740412979351 0.8312684365781711 0.03775811209439528 0.02831858407079646
1 0.7646017699115044 0.1495575221238938 0.04247787610619469 0.02536873156342183
1 0.7469026548672566 0.3041297935103245 0.04365781710914454 0.03480825958702065
1 0.7572271386430678 0.44660766961651915 0.043067846607669616 0.02831858407079646
1 0.7501474926253687 0.5896755162241888 0.03480825958702065 0.02654867256637168
1 0.9321533923303835 0.14277286135693215 0.06017699115044248 0.029498525073746312
1 0.9233038348082596 0.2991150442477876 0.04247787610619469 0.03303834808259587
1 0.9333333333333333 0.44778761061946903 0.03421828908554572 0.04247787610619469
1 0.9374631268436578 0.6008849557522123 0.04601769911504425 0.02536873156342183
1 0.9460176991150442 0.7227138643067846 0.05368731563421829 0.027138643067846607
1 0.7545722713864307 0.7182890855457227 0.05191740412979351 0.03126843657817109
1 0.768141592920354 0.8392330383480826 0.054277286135693215 0.028908554572271386
1 0.9345132743362832 0.8359882005899705 0.040117994100294985 0.02359882005899705
