0 0.10412979351032448 0.1224188790560472 0.04896755162241888 0.04660766961651917
0 0.12654867256637167 0.2814159292035398 0.06312684365781711 0.08259587020648967
0 0.11032448377581121 0.4654867256637168 0.06017699115044248 0.04129793510324484
0 0.15398230088495574 0.592330383480826 0.0471976401179941 0.049557522123893805
1 0.1687315634218289 0.6884955752212389 0.06253687315634218 0.05073746312684366
0 0.12094395280235988 0.8135693215339233 0.08613569321533923 0.07079646017699115
0 0.21179941002949854 0.1592920353982301 0.10029498525073746 0.1168141592920354
1 0.2345132743362832 0.27227138643067844 0.06312684365781711 0.04188790560471976
0 0.27079646017699116 0.41622418879056045 0.0967551622418879 0.09380530973451327
0 0.33067846607669615 0.6194690265486725 0.08908554572271386 0.143952802359882
0 0.27463126843657815 0.7259587020648968 0.05014749262536873 0.03716814159292035
1 0.271976401179941 0.7737463126843658 0.049557522123893805 0.047787610619469026
0 0.35516224188790557 0.11002949852507374 0.05663716814159292 0.04660766961651917
0 0.33775811209439527 0.2616519174041298 0.0855457227138643 0.032448377581120944
0 0.48023598820059 0.13569321533923304 0.14041297935103245 0.08613569321533923
0 0.640117994100295 0.13864306784660768 0.11445427728613569 0.06843657817109144
0 0.771976401179941 0.17315634218289086 0.0607669616519174 0.0855457227138643
0 0.7584070796460177 0.25545722713864305 0.07728613569321534 0.049557522123893805
0 0.6601769911504425 0.2536873156342183 0.09085545722713864 0.07905604719764012
1 0.5061946902654867 0.279646017699115 0.040117994100294985 0.03893805309734513
1 0.508259587020649 0.396165191740413 0.057227138643067846 0.04424778761061947
0 0.675811209439528 0.46342182890855455 0.1079646017699115 0.07020648967551622
0 0.783480825958702 0.42743362831858406 0.05309734513274336 0.04660766961651917
1 0.5339233038348082 0.51976401179941 0.05663716814159292 0.04365781710914454
0 0.6601769911504425 0.5542772861356932 0.11563421828908554 0.11268436578171091
0 0.7820058997050148 0.5566371681415929 0.05014749262536873 0.06548672566371681
0 0.6876106194690266 0.671386430678466 0.052507374631268436 0.05781710914454277
0 0.7858407079646017 0.6778761061946903 0.11091445427728613 0.11209439528023599
0 0.5368731563421829 0.667551622418879 0.08023598820058997 0.07728613569321534
0 0.4289085545722714 0.6073746312684366 0.12035398230088495 0.07020648967551622
0 0.4327433628318584 0.7389380530973452 0.1351032448377581 0.09852507374631268
0 0.39292035398230085 0.8492625368731563 0.12389380530973451 0.11976401179941003
0 0.5454277286135694 0.8448377581120944 0.07138643067846608 0.12507374631268436
0 0.6542772861356932 0.7766961651917405 0.05309734513274336 0.09262536873156342
0 0.7775811209439528 0.7823008849557522 0.18171091445427728 0.08849557522123894
0 0.37374631268436576 0.4551622418879056 0.07256637168141593 0.15162241887905603
