0 0.10530973451327433 0.115929203539823 0.04188790560471976 0.04660766961651917
0 0.1215339233038348 0.2766961651917404 0.058997050147492625 0.08495575221238938
0 0.11386430678466077 0.46135693215339235 0.05191740412979351 0.04247787610619469
0 0.1471976401179941 0.5876106194690265 0.05014749262536873 0.0471976401179941
1 0.17227138643067846 0.6873156342182891 0.05191740412979351 0.04601769911504425
0 0.11976401179941003 0.8097345132743363 0.08613569321533923 0.07964601769911504
0 0.20914454277286135 0.16106194690265485 0.0831858407079646 0.10973451327433628
1 0.22890855457227138 0.2654867256637168 0.058997050147492625 0.03775811209439528
0 0.26784660766961654 0.41710914454277287 0.09911504424778761 0.0696165191740413
0 0.3238938053097345 0.6203539823008849 0.08141592920353982 0.13864306784660768
0 0.27315634218289087 0.7212389380530974 0.0471976401179941 0.04188790560471976
1 0.27315634218289087 0.7731563421828909 0.04365781710914454 0.04660766961651917
0 0.35162241887905604 0.10471976401179942 0.06135693215339233 0.03126843657817109
0 0.33893805309734515 0.2628318584070796 0.09026548672566372 0.043067846607669616
0 0.3728613569321534 0.4589970501474926 0.0696165191740413 0.14985250737463127
0 0.42448377581120944 0.6026548672566372 0.10206489675516224 0.08436578171091445
0 0.4831858407079646 0.13451327433628318 0.143952802359882 0.0967551622418879
0 0.6374631268436578 0.13303834808259588 0.11622418879056047 0.07728613569321534
0 0.7746312684365781 0.17463126843657817 0.05545722713864307 0.08495575221238938
0 0.6651917404129793 0.2584070796460177 0.0855457227138643 0.07315634218289085
0 0.7672566371681416 0.243952802359882 0.10324483775811209 0.0584070796460177
1 0.5053097345132743 0.28053097345132744 0.04542772861356932 0.05486725663716814
1 0.5106194690265486 0.38820058997050144 0.047787610619469026 0.04247787610619469
0 0.675811209439528 0.46194690265486726 0.11386430678466077 0.06725663716814159
0 0.7852507374631268 0.4259587020648967 0.04247787610619469 0.0471976401179941
0 0.7855457227138642 0.5530973451327433 0.0359882005899705 0.0584070796460177
0 0.663126843657817 0.547787610619469 0.10383480825958702 0.11032448377581121
1 0.5312684365781711 0.5191740412979351 0.05958702064896755 0.04247787610619469
0 0.5356932153392331 0.6702064896755162 0.07551622418879056 0.07315634218289085
0 0.6849557522123894 0.6743362831858407 0.05663716814159292 0.06489675516224189
0 0.7852507374631268 0.6772861356932154 0.1368731563421829 0.10737463126843658
0 0.6454277286135693 0.7775811209439528 0.058997050147492625 0.08731563421828908
0 0.771386430678466 0.7802359882005899 0.1846607669616519 0.07020648967551622
0 0.5460176991150443 0.8386430678466077 0.07846607669616519 0.1528023598820059
0 0.4277286135693215 0.7365781710914454 0.13805309734513274 0.09380530973451327
0 0.403834808259587 0.8238938053097346 0.11740412979351032 0.10678466076696165
