1 0.15988200589970503 0.18436578171091444 0.04837758112094395 0.061946902654867256
0 0.1504424778761062 0.3775811209439528 0.06371681415929203 0.06371681415929203
0 0.15073746312684366 0.48731563421828905 0.07020648967551622 0.06607669616519174
1 0.1303834808259587 0.6194690265486725 0.06489675516224189 0.06017699115044248
0 0.13952802359882005 0.7752212389380531 0.07138643067846608 0.06607669616519174
1 0.14601769911504425 0.9041297935103245 0.05604719764011799 0.05132743362831858
0 0.3221238938053097 0.1640117994100295 0.05073746312684366 0.06489675516224189
0 0.32123893805309733 0.371976401179941 0.061946902654867256 0.04896755162241888
0 0.3079646017699115 0.4702064896755162 0.0471976401179941 0.06489675516224189
0 0.3191740412979351 0.6351032448377582 0.06017699115044248 0.04188790560471976
0 0.3047197640117994 0.7778761061946903 0.07846607669616519 0.05132743362831858
0 0.3327433628318584 0.9430678466076696 0.08849557522123894 0.061946902654867256
0 0.46932153392330384 0.8820058997050148 0.0359882005899705 0.03657817109144543
0 0.48053097345132745 0.7389380530973452 0.07610619469026549 0.06430678466076696
1 0.46696165191740413 0.6648967551622419 0.06902654867256637 0.04601769911504425
0 0.47699115044247786 0.5327433628318584 0.057227138643067846 0.0743362831858407
0 0.5070796460176991 0.39764011799410026 0.05604719764011799 0.049557522123893805
0 0.5047197640117994 0.2271386430678466 0.05368731563421829 0.06253687315634218
0 0.6309734513274337 0.21799410029498525 0.04424778761061947 0.07728613569321534
0 0.6368731563421829 0.3106194690265487 0.08200589970501475 0.06902654867256637
0 0.6412979351032448 0.5348082595870206 0.05663716814159292 0.04896755162241888
0 0.6513274336283186 0.61976401179941 0.05545722713864307 0.08436578171091445
0 0.8050147492625369 0.15368731563421828 0.0831858407079646 0.07846607669616519
0 0.8672566371681416 0.1958702064896755 0.071976401179941 0.0471976401179941
0 0.9221238938053097 0.3339233038348083 0.12861356932153392 0.16991150442477876
0 0.7828908554572271 0.31504424778761064 0.05781710914454277 0.06371681415929203
0 0.7943952802359882 0.44601769911504424 0.09498525073746313 0.10855457227138643
0 0.8651917404129793 0.46814159292035395 0.09616519174041298 0.08908554572271386
0 0.7870206489675516 0.6970501474926254 0.06371681415929203 0.10678466076696165
0 0.891740412979351 0.6814159292035398 0.06666666666666667 0.0696165191740413
0 0.8958702064896755 0.7687315634218289 0.07256637168141593 0.071976401179941
0 0.6533923303834808 0.8238938053097346 0.09852507374631268 0.0584070796460177
0 0.584070796460177 0.9466076696165192 0.07551622418879056 0.07138643067846608
0 0.7595870206489675 0.9589970501474926 0.08672566371681416 0.06784660766961652
0 0.8823008849557522 0.9418879056047198 0.06430678466076696 0.09144542772861357
0 0.7578171091445428 0.8141592920353982 0.08200589970501475 0.05191740412979351
