0 0.12094395280235988 0.07876106194690266 0.06135693215339233 0.07492625368731563
0 0.12035398230088495 0.25398230088495577 0.071976401179941 0.07610619469026549
0 0.13008849557522123 0.3297935103244838 0.04896755162241888 0.07551622418879056
0 0.1454277286135693 0.54070796460177 0.06548672566371681 0.0831858407079646
0 0.13657817109144543 0.6970501474926254 0.06312684365781711 0.11976401179941003
0 0.15958702064896754 0.8179941002949852 0.061946902654867256 0.043067846607669616
0 0.2654867256637168 0.05663716814159292 0.049557522123893805 0.06017699115044248
0 0.40825958702064896 0.07079646017699115 0.044837758112094395 0.06725663716814159
1 0.5303834808259587 0.13156342182890857 0.05663716814159292 0.049557522123893805
0 0.6905604719764011 0.07404129793510325 0.0831858407079646 0.07374631268436578
1 0.8569321533923304 0.0943952802359882 0.05958702064896755 0.06017699115044248
0 0.8525073746312685 0.25545722713864305 0.0696165191740413 0.04837758112094395
1 0.8802359882005899 0.396165191740413 0.06017699115044248 0.05368731563421829
0 0.8528023598820059 0.5315634218289086 0.04542772861356932 0.08377581120943953
1 0.8601769911504424 0.6554572271386431 0.054277286135693215 0.04837758112094395
0 0.8492625368731563 0.8430678466076696 0.0584070796460177 0.06253687315634218
0 0.6831858407079646 0.8342182890855457 0.0471976401179941 0.07905604719764012
0 0.6814159292035398 0.6309734513274337 0.04837758112094395 0.05014749262536873
0 0.6946902654867256 0.5312684365781711 0.04070796460176991 0.06902654867256637
0 0.6882005899705015 0.39557522123893807 0.04424778761061947 0.057227138643067846
1 0.7106194690265487 0.23952802359882006 0.05368731563421829 0.05545722713864307
0 0.5368731563421829 0.2628318584070796 0.05781710914454277 0.0607669616519174
0 0.5383480825958702 0.34100294985250734 0.052507374631268436 0.05781710914454277
0 0.5339233038348082 0.4823008849557522 0.06017699115044248 0.06430678466076696
0 0.3572271386430678 0.48348082595870207 0.0584070796460177 0.05014749262536873
0 0.23156342182890854 0.3327433628318584 0.06430678466076696 0.09793510324483776
0 0.39085545722713866 0.19233038348082596 0.10206489675516224 0.08731563421828908
0 0.24424778761061947 0.19911504424778761 0.049557522123893805 0.05014749262536873
0 0.22920353982300884 0.5563421828908555 0.0584070796460177 0.10029498525073746
0 0.2144542772861357 0.6979351032448378 0.052507374631268436 0.08731563421828908
0 0.23244837758112094 0.8336283185840708 0.04837758112094395 0.09321533923303835
0 0.3705014749262537 0.8 0.05663716814159292 0.0743362831858407
0 0.4994100294985251 0.7908554572271387 0.07492625368731563 0.05368731563421829
0 0.36991150442477877 0.6855457227138643 0.05073746312684366 0.06607669616519174
0 0.5123893805309735 0.6277286135693215 0.04542772861356932 0.05309734513274336
0 0.3640117994100295 0.34365781710914456 0.06253687315634218 0.05486725663716814
