1 0.11091445427728613 0.10530973451327433 0.040117994100294985 0.02536873156342183
1 0.12861356932153392 0.2368731563421829 0.05191740412979351 0.032448377581120944
1 0.12064896755162241 0.3678466076696165 0.03716814159292035 0.02654867256637168
1 0.1200589970501475 0.5309734513274336 0.043067846607669616 0.030678466076696165
1 0.11327433628318584 0.6684365781710915 0.04365781710914454 0.03185840707964602
1 0.11533923303834809 0.8138643067846607 0.04188790560471976 0.038348082595870206
1 0.2528023598820059 0.1056047197640118 0.04070796460176991 0.025958702064896755
1 0.2536873156342183 0.2312684365781711 0.05663716814159292 0.040117994100294985
1 0.23539823008849559 0.36578171091445427 0.03657817109144543 0.021238938053097345
1 0.2383480825958702 0.524188790560472 0.0471976401179941 0.024188790560471976
1 0.23569321533923304 0.6764011799410029 0.04896755162241888 0.03716814159292035
1 0.23893805309734512 0.8129793510324483 0.035398230088495575 0.03775811209439528
1 0.39882005899705014 0.11120943952802359 0.035398230088495575 0.03008849557522124
1 0.4026548672566372 0.2303834808259587 0.047787610619469026 0.03008849557522124
1 0.3728613569321534 0.3705014749262537 0.03893805309734513 0.02831858407079646
1 0.37079646017699114 0.5129793510324484 0.03716814159292035 0.033628318584070796
1 0.36991150442477877 0.6725663716814159 0.05191740412979351 0.03657817109144543
1 0.37138643067846605 0.8224188790560472 0.04188790560471976 0.030678466076696165
1 0.54070796460177 0.10884955752212389 0.04070796460176991 0.02654867256637168
1 0.543952802359882 0.2327433628318584 0.05309734513274336 0.02654867256637168
1 0.5460176991150443 0.37079646017699114 0.04542772861356932 0.033628318584070796
1 0.5533923303834808 0.5017699115044247 0.04129793510324484 0.033628318584070796
1 0.5321533923303835 0.6646017699115044 0.049557522123893805 0.02536873156342183
1 0.5103244837758112 0.8135693215339233 0.03775811209439528 0.02831858407079646
1 0.7103244837758111 0.11887905604719765 0.04247787610619469 0.02536873156342183
1 0.7032448377581121 0.22389380530973452 0.04365781710914454 0.03480825958702065
1 0.6887905604719764 0.36755162241887906 0.043067846607669616 0.02831858407079646
1 0.695575221238938 0.4929203539823009 0.044837758112094395 0.02536873156342183
1 0.8572271386430679 0.12861356932153392 0.06017699115044248 0.029498525073746312
1 0.8601769911504424 0.24129793510324482 0.04247787610619469 0.03303834808259587
1 0.868141592920354 0.38377581120943954 0.038348082595870206 0.047787610619469026
1 0.856637168141593 0.49675516224188787 0.04601769911504425 0.025958702064896755
1 0.8539823008849557 0.6672566371681415 0.05368731563421829 0.027138643067846607
1 0.6967551622418879 0.6634218289085546 0.05191740412979351 0.03126843657817109
1 0.6943952802359882 0.803834808259587 0.054277286135693215 0.028908554572271386
1 0.855457227138643 0.8115044247787611 0.04837758112094395 0.02654867256637168
