1 0.05929203539823009 0.15073746312684366 0.04896755162241888 0.03008849557522124
0 0.0687315634218289 0.3106194690265487 0.04424778761061947 0.03716814159292035
1 0.059882005899705014 0.45722713864306785 0.03008849557522124 0.02831858407079646
0 0.06253687315634218 0.588495575221239 0.04247787610619469 0.04188790560471976
0 0.07374631268436578 0.7041297935103245 0.035398230088495575 0.04660766961651917
0 0.0696165191740413 0.8342182890855457 0.03185840707964602 0.04365781710914454
0 0.18141592920353983 0.1855457227138643 0.04424778761061947 0.03480825958702065
0 0.22625368731563422 0.3230088495575221 0.03952802359882006 0.038348082595870206
1 0.2383480825958702 0.4377581120943953 0.03893805309734513 0.05309734513274336
1 0.24808259587020648 0.5893805309734513 0.04070796460176991 0.03657817109144543
0 0.2634218289085546 0.6964601769911505 0.05368731563421829 0.043067846607669616
0 0.2536873156342183 0.8253687315634218 0.049557522123893805 0.03893805309734513
0 0.3710914454277286 0.16607669616519175 0.03775811209439528 0.04660766961651917
0 0.3740412979351032 0.34100294985250734 0.04365781710914454 0.05073746312684366
0 0.36991150442477877 0.46430678466076697 0.03421828908554572 0.04247787610619469
1 0.39292035398230085 0.5796460176991151 0.04365781710914454 0.028908554572271386
0 0.39469026548672564 0.7374631268436578 0.040117994100294985 0.04601769911504425
0 0.41386430678466074 0.8150442477876106 0.05486725663716814 0.043067846607669616
1 0.5215339233038347 0.1407079646017699 0.040117994100294985 0.038348082595870206
0 0.5460176991150443 0.2825958702064897 0.05604719764011799 0.04601769911504425
1 0.5504424778761062 0.4424778761061947 0.03893805309734513 0.03775811209439528
1 0.5504424778761062 0.5772861356932153 0.05309734513274336 0.038348082595870206
0 0.5584070796460177 0.6716814159292035 0.04542772861356932 0.04424778761061947
1 0.5480825958702065 0.871976401179941 0.06017699115044248 0.04365781710914454
1 0.6941002949852507 0.11769911504424779 0.04424778761061947 0.04070796460176991
0 0.6690265486725664 0.3058997050147493 0.04601769911504425 0.04896755162241888
1 0.7147492625368731 0.4421828908554572 0.052507374631268436 0.032448377581120944
1 0.7091445427728613 0.5952802359882006 0.049557522123893805 0.04837758112094395
1 0.7100294985250737 0.6979351032448378 0.04660766961651917 0.02831858407079646
0 0.6887905604719764 0.8584070796460177 0.052507374631268436 0.049557522123893805
1 0.8654867256637168 0.09793510324483776 0.0743362831858407 0.03893805309734513
1 0.8775811209439528 0.3023598820058997 0.052507374631268436 0.052507374631268436
0 0.8643067846607669 0.4592920353982301 0.049557522123893805 0.05368731563421829
0 0.856637168141593 0.5581120943952802 0.0471976401179941 0.06135693215339233
1 0.8687315634218289 0.7061946902654868 0.057227138643067846 0.05073746312684366
1 0.8887905604719764 0.8734513274336283 0.05958702064896755 0.04542772861356932
