0 0.16607669616519175 0.20294985250737463 0.09380530973451327 0.06607669616519174
0 0.15132743362831858 0.34100294985250734 0.06902654867256637 0.06017699115044248
1 0.07374631268436578 0.4929203539823009 0.0471976401179941 0.027728613569321534
0 0.10678466076696165 0.6141592920353982 0.07905604719764012 0.11209439528023599
0 0.1958702064896755 0.5938053097345133 0.0471976401179941 0.11740412979351032
0 0.32890855457227136 0.16814159292035397 0.09852507374631268 0.0743362831858407
0 0.2702064896755162 0.25604719764011796 0.12271386430678466 0.05309734513274336
0 0.33303834808259586 0.3501474926253687 0.03716814159292035 0.1480825958702065
0 0.28525073746312685 0.5230088495575221 0.05368731563421829 0.11032448377581121
0 0.5371681415929204 0.15693215339233038 0.1398230088495575 0.05073746312684366
0 0.7300884955752213 0.11858407079646018 0.06430678466076696 0.10147492625368731
0 0.6873156342182891 0.1823008849557522 0.11209439528023599 0.05309734513274336
0 0.756047197640118 0.24896755162241888 0.07374631268436578 0.10973451327433628
0 0.5404129793510324 0.2808259587020649 0.12625368731563422 0.04837758112094395
0 0.6221238938053097 0.30383480825958703 0.06312684365781711 0.10619469026548672
0 0.6035398230088496 0.3710914454277286 0.09911504424778761 0.1463126843657817
0 0.47522123893805307 0.471976401179941 0.10678466076696165 0.13215339233038348
0 0.4814159292035398 0.4421828908554572 0.05073746312684366 0.0359882005899705
0 0.42330383480825956 0.45309734513274336 0.09026548672566372 0.10855457227138643
0 0.4368731563421829 0.46991150442477875 0.08200589970501475 0.043067846607669616
0 0.5486725663716814 0.5746312684365782 0.11445427728613569 0.06607669616519174
0 0.6699115044247788 0.51976401179941 0.0584070796460177 0.06843657817109144
0 0.6194690265486725 0.6395280235988201 0.12389380530973451 0.058997050147492625
0 0.7256637168141593 0.6 0.05545722713864307 0.05781710914454277
0 0.7489675516224189 0.6666666666666666 0.08436578171091445 0.09321533923303835
0 0.403834808259587 0.6858407079646017 0.05368731563421829 0.11032448377581121
0 0.26902654867256637 0.7050147492625368 0.07551622418879056 0.0743362831858407
0 0.24837758112094394 0.775811209439528 0.06253687315634218 0.10029498525073746
0 0.15752212389380532 0.7955752212389381 0.07079646017699115 0.09262536873156342
1 0.328023598820059 0.8067846607669616 0.03893805309734513 0.04424778761061947
0 0.4625368731563422 0.8070796460176991 0.04365781710914454 0.07905604719764012
0 0.6256637168141593 0.7858407079646017 0.10442477876106195 0.09911504424778761
0 0.6867256637168142 0.8141592920353982 0.06725663716814159 0.13805309734513274
0 0.7392330383480826 0.35103244837758113 0.071976401179941 0.04129793510324484
