1 0.10147492625368731 0.14778761061946902 0.040117994100294985 0.02536873156342183
1 0.10501474926253687 0.33421828908554574 0.05191740412979351 0.032448377581120944
1 0.08997050147492625 0.47699115044247786 0.03716814159292035 0.02654867256637168
1 0.0935103244837758 0.6147492625368731 0.043067846607669616 0.030678466076696165
1 0.10147492625368731 0.759882005899705 0.04365781710914454 0.03185840707964602
1 0.10707964601769912 0.907669616519174 0.04188790560471976 0.038348082595870206
1 0.22448377581120943 0.1463126843657817 0.04070796460176991 0.025958702064896755
1 0.21002949852507374 0.3215339233038348 0.04601769911504425 0.04129793510324484
1 0.231858407079646 0.4743362831858407 0.03657817109144543 0.021238938053097345
1 0.24424778761061947 0.6227138643067847 0.0471976401179941 0.024188790560471976
1 0.24572271386430677 0.7660766961651917 0.04896755162241888 0.03716814159292035
1 0.26430678466076696 0.903244837758112 0.035398230088495575 0.03775811209439528
1 0.36342182890855457 0.14424778761061946 0.035398230088495575 0.03008849557522124
1 0.37492625368731564 0.32536873156342183 0.047787610619469026 0.03008849557522124
1 0.38348082595870203 0.49616519174041296 0.03893805309734513 0.02831858407079646
1 0.3873156342182891 0.636283185840708 0.03716814159292035 0.033628318584070796
1 0.3893805309734513 0.7710914454277286 0.05191740412979351 0.03657817109144543
1 0.4079646017699115 0.9179941002949852 0.04188790560471976 0.030678466076696165
1 0.5224188790560472 0.14129793510324484 0.04070796460176991 0.02654867256637168
1 0.5085545722713865 0.347787610619469 0.05309734513274336 0.02654867256637168
1 0.532448377581121 0.523598820058997 0.04542772861356932 0.033628318584070796
1 0.5209439528023598 0.6274336283185841 0.04129793510324484 0.033628318584070796
1 0.5533923303834808 0.772566371681416 0.049557522123893805 0.02536873156342183
1 0.55929203539823 0.9132743362831859 0.03775811209439528 0.02831858407079646
1 0.6831858407079646 0.1336283185840708 0.04247787610619469 0.02536873156342183
1 0.6784660766961652 0.3424778761061947 0.04365781710914454 0.03480825958702065
1 0.6858407079646017 0.5109144542772861 0.043067846607669616 0.02831858407079646
1 0.687905604719764 0.6368731563421829 0.03775811209439528 0.038348082595870206
1 0.8412979351032448 0.12035398230088495 0.06017699115044248 0.029498525073746312
1 0.8430678466076696 0.3663716814159292 0.04247787610619469 0.03303834808259587
1 0.8410029498525073 0.515929203539823 0.038348082595870206 0.047787610619469026
1 0.8466076696165191 0.6324483775811209 0.04601769911504425 0.025958702064896755
1 0.8469026548672566 0.784070796460177 0.05368731563421829 0.027138643067846607
1 0.7008849557522123 0.7749262536873156 0.05191740412979351 0.03126843657817109
1 0.7044247787610619 0.9153392330383481 0.05191740412979351 0.032448377581120944
1 0.8702064896755162 0.9005899705014749 0.04837758112094395 0.02654867256637168
