1 0.1168141592920354 0.11327433628318584 0.05191740412979351 0.030678466076696165
1 0.12389380530973451 0.2790560471976401 0.04365781710914454 0.03775811209439528
1 0.11946902654867256 0.4457227138643068 0.03716814159292035 0.02654867256637168
1 0.13421828908554573 0.5834808259587021 0.043067846607669616 0.03185840707964602
1 0.1303834808259587 0.7091445427728613 0.04365781710914454 0.03185840707964602
1 0.12448377581120944 0.8713864306784661 0.04837758112094395 0.02831858407079646
1 0.296165191740413 0.12212389380530973 0.04365781710914454 0.030678466076696165
0 0.29705014749262537 0.28289085545722714 0.03952802359882006 0.03480825958702065
1 0.2799410029498525 0.44365781710914454 0.047787610619469026 0.030678466076696165
1 0.2737463126843658 0.58023598820059 0.0471976401179941 0.02536873156342183
1 0.2943952802359882 0.6997050147492625 0.0471976401179941 0.027138643067846607
1 0.2808259587020649 0.8371681415929203 0.035398230088495575 0.03775811209439528
1 0.4424778761061947 0.12890855457227138 0.03657817109144543 0.03480825958702065
0 0.4545722713864307 0.2976401179941003 0.047787610619469026 0.03008849557522124
1 0.44837758112094395 0.44778761061946903 0.03893805309734513 0.02831858407079646
1 0.4457227138643068 0.5855457227138643 0.03716814159292035 0.03480825958702065
1 0.4398230088495575 0.7005899705014749 0.047787610619469026 0.0359882005899705
1 0.4433628318584071 0.8489675516224189 0.04188790560471976 0.030678466076696165
1 0.6238938053097345 0.13716814159292035 0.04070796460176991 0.02654867256637168
1 0.6141592920353982 0.3117994100294985 0.05309734513274336 0.02654867256637168
1 0.6002949852507374 0.4486725663716814 0.04542772861356932 0.033628318584070796
1 0.6029498525073747 0.5808259587020649 0.04129793510324484 0.03480825958702065
1 0.6023598820058997 0.7176991150442478 0.049557522123893805 0.02536873156342183
1 0.5905604719764012 0.8289085545722714 0.03775811209439528 0.02831858407079646
1 0.7492625368731564 0.1433628318584071 0.04247787610619469 0.03185840707964602
1 0.7551622418879056 0.3053097345132743 0.04365781710914454 0.03480825958702065
1 0.7566371681415929 0.44778761061946903 0.043067846607669616 0.02831858407079646
1 0.7474926253687315 0.591740412979351 0.035398230088495575 0.035398230088495575
1 0.9292035398230089 0.14424778761061946 0.05191740412979351 0.033628318584070796
1 0.9268436578171091 0.3079646017699115 0.04247787610619469 0.03303834808259587
1 0.9339233038348083 0.45073746312684365 0.035398230088495575 0.035398230088495575
0 0.927433628318584 0.6005899705014749 0.04601769911504425 0.027138643067846607
1 0.9283185840707965 0.7141592920353982 0.057227138643067846 0.03716814159292035
1 0.7486725663716814 0.7206489675516224 0.05191740412979351 0.03126843657817109
1 0.7569321533923303 0.8362831858407079 0.05191740412979351 0.032448377581120944
1 0.9203539823008849 0.8433628318584071 0.04837758112094395 0.03716814159292035
