0 0.13303834808259588 0.07787610619469026 0.1457227138643068 0.071976401179941
0 0.15191740412979352 0.22448377581120943 0.07728613569321534 0.05368731563421829
0 0.31150442477876106 0.12477876106194691 0.06843657817109144 0.20707964601769913
0 0.3787610619469026 0.24218289085545722 0.06607669616519174 0.0607669616519174
0 0.48672566371681414 0.10766961651917403 0.06135693215339233 0.1421828908554572
0 0.6887905604719764 0.13215339233038348 0.14454277286135692 0.14985250737463127
0 0.8820058997050148 0.13008849557522123 0.07669616519174041 0.09262536873156342
0 0.4589970501474926 0.2873156342182891 0.12743362831858407 0.040117994100294985
0 0.6893805309734513 0.2873156342182891 0.03952802359882006 0.03657817109144543
0 0.8610619469026548 0.3094395280235988 0.08436578171091445 0.03952802359882006
0 0.22300884955752212 0.39882005899705014 0.09085545722713864 0.04129793510324484
0 0.38613569321533925 0.38259587020648966 0.08908554572271386 0.15398230088495574
0 0.5233038348082596 0.4168141592920354 0.06725663716814159 0.04070796460176991
0 0.588495575221239 0.46017699115044247 0.03480825958702065 0.11445427728613569
0 0.6587020648967552 0.42979351032448376 0.16460176991150444 0.08200589970501475
1 0.8528023598820059 0.3973451327433628 0.033628318584070796 0.05368731563421829
0 0.8852507374631269 0.508259587020649 0.11150442477876106 0.07374631268436578
0 0.7510324483775811 0.5607669616519174 0.03657817109144543 0.04188790560471976
0 0.5755162241887906 0.5764011799410029 0.10206489675516224 0.058997050147492625
1 0.4790560471976401 0.5141592920353982 0.06253687315634218 0.027728613569321534
0 0.22330383480825958 0.5575221238938053 0.0831858407079646 0.04837758112094395
0 0.3182890855457227 0.5752212389380531 0.0584070796460177 0.05663716814159292
0 0.24985250737463127 0.6979351032448378 0.04542772861356932 0.04247787610619469
0 0.26607669616519175 0.7392330383480826 0.07905604719764012 0.1663716814159292
0 0.36519174041297936 0.7162241887905605 0.08141592920353982 0.12035398230088495
0 0.3887905604719764 0.8053097345132744 0.11091445427728613 0.08613569321533923
0 0.47109144542772863 0.6359882005899705 0.11976401179941003 0.06371681415929203
0 0.5365781710914455 0.8002949852507375 0.04424778761061947 0.08200589970501475
0 0.6129793510324484 0.6707964601769911 0.058997050147492625 0.08731563421828908
1 0.668141592920354 0.8067846607669616 0.04424778761061947 0.032448377581120944
1 0.7498525073746313 0.6764011799410029 0.04129793510324484 0.03952802359882006
0 0.7955752212389381 0.7876106194690266 0.09734513274336283 0.13215339233038348
0 0.8985250737463126 0.6106194690265486 0.09911504424778761 0.10383480825958702
0 0.8766961651917404 0.7578171091445428 0.06607669616519174 0.10206489675516224
