0 0.10442477876106195 0.115929203539823 0.049557522123893805 0.043067846607669616
0 0.11858407079646018 0.2737463126843658 0.058997050147492625 0.08495575221238938
0 0.10825958702064897 0.46017699115044247 0.06312684365781711 0.03775811209439528
0 0.14749262536873156 0.5964601769911504 0.049557522123893805 0.04365781710914454
0 0.16843657817109145 0.6849557522123894 0.04424778761061947 0.03303834808259587
0 0.11651917404129794 0.8079646017699115 0.04542772861356932 0.06312684365781711
0 0.21799410029498525 0.12890855457227138 0.05014749262536873 0.05132743362831858
1 0.22743362831858407 0.2672566371681416 0.0584070796460177 0.03775811209439528
0 0.2687315634218289 0.41386430678466074 0.10442477876106195 0.08790560471976401
0 0.32359882005899704 0.5778761061946902 0.0808259587020649 0.06666666666666667
0 0.26843657817109146 0.719174041297935 0.03657817109144543 0.044837758112094395
1 0.2728613569321534 0.772566371681416 0.03716814159292035 0.03480825958702065
0 0.3519174041297935 0.10353982300884956 0.05368731563421829 0.028908554572271386
0 0.335693215339233 0.26430678466076696 0.08141592920353982 0.03657817109144543
0 0.47640117994100295 0.13392330383480827 0.1410029498525074 0.07905604719764012
0 0.6312684365781711 0.14129793510324484 0.11445427728613569 0.06430678466076696
0 0.7669616519174041 0.17050147492625367 0.05309734513274336 0.071976401179941
0 0.6849557522123894 0.25250737463126843 0.03421828908554572 0.07669616519174041
0 0.7722713864306785 0.24837758112094394 0.11091445427728613 0.049557522123893805
1 0.5050147492625369 0.27876106194690264 0.04837758112094395 0.04070796460176991
1 0.5106194690265486 0.3943952802359882 0.05486725663716814 0.043067846607669616
0 0.531858407079646 0.5209439528023598 0.0607669616519174 0.04247787610619469
0 0.6769911504424778 0.4646017699115044 0.11740412979351032 0.06430678466076696
0 0.7876106194690266 0.43215339233038347 0.06489675516224189 0.04424778761061947
0 0.6657817109144543 0.5480825958702065 0.11268436578171091 0.09911504424778761
0 0.7814159292035399 0.5536873156342182 0.0359882005899705 0.05486725663716814
0 0.5327433628318584 0.6699115044247788 0.06253687315634218 0.06312684365781711
0 0.6825958702064897 0.6734513274336283 0.05545722713864307 0.04896755162241888
0 0.7976401179941003 0.6725663716814159 0.10029498525073746 0.09557522123893805
0 0.44277286135693217 0.6094395280235988 0.09380530973451327 0.0696165191740413
0 0.4312684365781711 0.7457227138643068 0.13451327433628318 0.08967551622418879
0 0.4044247787610619 0.8294985250737463 0.10324483775811209 0.09321533923303835
0 0.55929203539823 0.8519174041297934 0.07787610619469026 0.11563421828908554
0 0.6539823008849558 0.7867256637168142 0.04188790560471976 0.08672566371681416
0 0.7442477876106195 0.7864306784660767 0.1327433628318584 0.06607669616519174
0 0.3743362831858407 0.45545722713864306 0.07610619469026549 0.15221238938053097
