0 0.11799410029498525 0.054277286135693215 0.0696165191740413 0.10383480825958702
0 0.11858407079646018 0.24336283185840707 0.06371681415929203 0.07374631268436578
0 0.13156342182890857 0.3106194690265487 0.04837758112094395 0.061946902654867256
0 0.2542772861356932 0.053392330383480825 0.06843657817109144 0.05368731563421829
0 0.24572271386430677 0.18112094395280237 0.043067846607669616 0.05191740412979351
0 0.22123893805309736 0.3058997050147493 0.06489675516224189 0.11858407079646018
0 0.3985250737463127 0.05604719764011799 0.05958702064896755 0.06725663716814159
0 0.35398230088495575 0.18141592920353983 0.10383480825958702 0.05368731563421829
0 0.5380530973451327 0.12094395280235988 0.04247787610619469 0.0471976401179941
0 0.671386430678466 0.05929203539823009 0.10973451327433628 0.06548672566371681
0 0.8643067846607669 0.09056047197640119 0.058997050147492625 0.05486725663716814
0 0.5286135693215339 0.25722713864306784 0.06253687315634218 0.06607669616519174
0 0.7032448377581121 0.2327433628318584 0.05073746312684366 0.04542772861356932
0 0.856637168141593 0.22920353982300884 0.06489675516224189 0.06902654867256637
0 0.54070796460177 0.32595870206489674 0.06784660766961652 0.06784660766961652
1 0.6858407079646017 0.37168141592920356 0.06902654867256637 0.05191740412979351
1 0.8716814159292036 0.38672566371681416 0.057227138643067846 0.057227138643067846
0 0.35398230088495575 0.3640117994100295 0.06725663716814159 0.11799410029498525
1 0.35516224188790557 0.45958702064896756 0.06371681415929203 0.05781710914454277
0 0.523598820058997 0.4640117994100295 0.06430678466076696 0.06784660766961652
0 0.6958702064896755 0.5179941002949853 0.0584070796460177 0.08495575221238938
0 0.8495575221238938 0.5171091445427729 0.05191740412979351 0.07964601769911504
0 0.859882005899705 0.6230088495575221 0.05132743362831858 0.05545722713864307
1 0.8351032448377581 0.8162241887905605 0.04896755162241888 0.05368731563421829
0 0.6861356932153392 0.8342182890855457 0.058997050147492625 0.06607669616519174
0 0.6820058997050147 0.6265486725663717 0.054277286135693215 0.05309734513274336
0 0.5064896755162241 0.6008849557522123 0.052507374631268436 0.06548672566371681
0 0.4970501474926254 0.768141592920354 0.0607669616519174 0.0743362831858407
0 0.3696165191740413 0.6949852507374631 0.06666666666666667 0.06017699115044248
0 0.37315634218289084 0.7710914454277286 0.052507374631268436 0.04837758112094395
0 0.22094395280235987 0.5483775811209439 0.06548672566371681 0.11740412979351032
0 0.21651917404129795 0.6943952802359882 0.06253687315634218 0.10029498525073746
0 0.20235988200589972 0.8297935103244838 0.07787610619469026 0.11386430678466077
0 0.1374631268436578 0.5289085545722714 0.0743362831858407 0.07964601769911504
0 0.13451327433628318 0.7079646017699115 0.06843657817109144 0.0967551622418879
0 0.1398230088495575 0.7988200589970501 0.09085545722713864 0.06017699115044248
