1 0.06312684365781711 0.14601769911504425 0.04837758112094395 0.03716814159292035
0 0.0663716814159292 0.3106194690265487 0.043067846607669616 0.03952802359882006
0 0.058997050147492625 0.459882005899705 0.04365781710914454 0.03716814159292035
0 0.05575221238938053 0.5941002949852507 0.03480825958702065 0.03775811209439528
0 0.07610619469026549 0.7112094395280236 0.05191740412979351 0.03126843657817109
0 0.0705014749262537 0.8342182890855457 0.04424778761061947 0.03303834808259587
1 0.17876106194690267 0.18761061946902655 0.05191740412979351 0.03775811209439528
0 0.22654867256637168 0.3351032448377581 0.05663716814159292 0.04247787610619469
0 0.23392330383480825 0.44011799410029495 0.04896755162241888 0.05073746312684366
1 0.25014749262536873 0.5914454277286135 0.05073746312684366 0.038348082595870206
1 0.25899705014749264 0.7035398230088495 0.044837758112094395 0.05368731563421829
1 0.25899705014749264 0.8218289085545722 0.04601769911504425 0.03303834808259587
0 0.363716814159292 0.1625368731563422 0.05132743362831858 0.03952802359882006
0 0.3831858407079646 0.3407079646017699 0.05604719764011799 0.04188790560471976
1 0.36666666666666664 0.4607669616519174 0.04896755162241888 0.03421828908554572
1 0.3985250737463127 0.58023598820059 0.04542772861356932 0.03952802359882006
0 0.39705014749262535 0.7421828908554572 0.0471976401179941 0.040117994100294985
0 0.41622418879056045 0.8147492625368732 0.04896755162241888 0.03657817109144543
0 0.5227138643067847 0.1430678466076696 0.04837758112094395 0.03008849557522124
1 0.5412979351032449 0.2908554572271386 0.05486725663716814 0.035398230088495575
1 0.5539823008849557 0.44601769911504424 0.0471976401179941 0.03893805309734513
1 0.5507374631268437 0.5811209439528023 0.038348082595870206 0.04247787610619469
0 0.5575221238938053 0.6628318584070796 0.03657817109144543 0.043067846607669616
0 0.53952802359882 0.871976401179941 0.04424778761061947 0.04365781710914454
1 0.6976401179941003 0.1191740412979351 0.04424778761061947 0.04129793510324484
0 0.6710914454277286 0.3005899705014749 0.05368731563421829 0.04424778761061947
1 0.707669616519174 0.4345132743362832 0.038348082595870206 0.04070796460176991
0 0.708259587020649 0.6023598820058997 0.04070796460176991 0.040117994100294985
1 0.7073746312684366 0.7023598820058997 0.035398230088495575 0.04542772861356932
0 0.6958702064896755 0.8572271386430679 0.04070796460176991 0.04601769911504425
1 0.8855457227138643 0.8734513274336283 0.0471976401179941 0.0359882005899705
1 0.8710914454277287 0.7070796460176991 0.038348082595870206 0.0359882005899705
0 0.8584070796460177 0.5613569321533923 0.05073746312684366 0.03716814159292035
0 0.8669616519174042 0.4663716814159292 0.043067846607669616 0.0359882005899705
0 0.8769911504424779 0.31091445427728615 0.05014749262536873 0.029498525073746312
0 0.852212389380531 0.09321533923303835 0.04070796460176991 0.03657817109144543
