0 0.15457227138643068 0.18377581120943953 0.06371681415929203 0.07374631268436578
0 0.13893805309734514 0.36991150442477877 0.06430678466076696 0.06253687315634218
0 0.8592920353982301 0.287905604719764 0.07138643067846608 0.08495575221238938
0 0.31474926253687313 0.16755162241887905 0.0855457227138643 0.06607669616519174
0 0.6212389380530974 0.23215339233038348 0.07551622418879056 0.06666666666666667
0 0.7849557522123893 0.1640117994100295 0.06902654867256637 0.08731563421828908
0 0.5064896755162241 0.2271386430678466 0.06902654867256637 0.07787610619469026
0 0.8495575221238938 0.20855457227138643 0.06489675516224189 0.06902654867256637
0 0.49911504424778763 0.38849557522123895 0.08023598820058997 0.07728613569321534
1 0.6330383480825958 0.30855457227138644 0.08141592920353982 0.06371681415929203
0 0.7867256637168142 0.29882005899705016 0.057227138643067846 0.09026548672566372
0 0.3224188790560472 0.38436578171091446 0.07964601769911504 0.06784660766961652
1 0.2991150442477876 0.46696165191740413 0.07905604719764012 0.07846607669616519
0 0.6480825958702064 0.528023598820059 0.0584070796460177 0.08495575221238938
0 0.772566371681416 0.4424778761061947 0.0831858407079646 0.0967551622418879
0 0.8601769911504424 0.45958702064896756 0.06725663716814159 0.08377581120943953
1 0.7495575221238938 0.9536873156342183 0.09262536873156342 0.07138643067846608
0 0.8607669616519174 0.6870206489675517 0.06489675516224189 0.07610619469026549
0 0.640117994100295 0.6286135693215339 0.05545722713864307 0.1079646017699115
0 0.47168141592920354 0.5306784660766961 0.06666666666666667 0.06784660766961652
0 0.7828908554572271 0.6917404129793511 0.06607669616519174 0.12920353982300886
0 0.4684365781710914 0.6743362831858407 0.10383480825958702 0.05781710914454277
0 0.3233038348082596 0.943952802359882 0.12743362831858407 0.06135693215339233
0 0.31327433628318585 0.6241887905604719 0.05781710914454277 0.071976401179941
0 0.1486725663716814 0.915929203539823 0.06017699115044248 0.061946902654867256
0 0.1480825958702065 0.4970501474926254 0.0743362831858407 0.07964601769911504
0 0.13185840707964602 0.6265486725663717 0.061946902654867256 0.08849557522123894
0 0.14985250737463127 0.7648967551622419 0.0920353982300885 0.07020648967551622
0 0.28997050147492626 0.775811209439528 0.07374631268436578 0.06017699115044248
0 0.46755162241887904 0.7489675516224189 0.0855457227138643 0.07492625368731563
0 0.6410029498525074 0.8147492625368732 0.1351032448377581 0.08259587020648967
0 0.7551622418879056 0.8147492625368732 0.06725663716814159 0.06253687315634218
0 0.8855457227138643 0.9451327433628318 0.08259587020648967 0.10029498525073746
0 0.46017699115044247 0.8831858407079646 0.06725663716814159 0.06017699115044248
0 0.5929203539823009 0.9303834808259587 0.07315634218289085 0.05545722713864307
0 0.8790560471976401 0.7625368731563422 0.06017699115044248 0.07728613569321534
