1 0.10914454277286136 0.12684365781710916 0.05191740412979351 0.030678466076696165
1 0.12389380530973451 0.2790560471976401 0.04365781710914454 0.03775811209439528
1 0.12536873156342182 0.4215339233038348 0.03716814159292035 0.02654867256637168
1 0.12654867256637167 0.5628318584070796 0.043067846607669616 0.03185840707964602
1 0.12684365781710916 0.7286135693215339 0.04365781710914454 0.03185840707964602
1 0.1351032448377581 0.9008849557522124 0.04837758112094395 0.02831858407079646
1 0.27551622418879057 0.1457227138643068 0.04365781710914454 0.030678466076696165
1 0.2958702064896755 0.2976401179941003 0.03952802359882006 0.03480825958702065
1 0.28761061946902655 0.4289085545722714 0.047787610619469026 0.030678466076696165
1 0.2896755162241888 0.5619469026548672 0.0471976401179941 0.02536873156342183
1 0.30737463126843656 0.7144542772861356 0.0471976401179941 0.027138643067846607
1 0.2943952802359882 0.8849557522123894 0.035398230088495575 0.03775811209439528
1 0.4424778761061947 0.16371681415929204 0.03657817109144543 0.03480825958702065
1 0.4545722713864307 0.2976401179941003 0.047787610619469026 0.03008849557522124
1 0.4424778761061947 0.4265486725663717 0.03893805309734513 0.02831858407079646
1 0.4445427728613569 0.5619469026548672 0.03716814159292035 0.03480825958702065
1 0.45870206489675514 0.7011799410029499 0.047787610619469026 0.0359882005899705
1 0.4486725663716814 0.8766961651917404 0.04188790560471976 0.030678466076696165
1 0.6014749262536873 0.14660766961651917 0.04070796460176991 0.02654867256637168
1 0.6070796460176991 0.3029498525073746 0.05309734513274336 0.02654867256637168
1 0.6085545722713864 0.42389380530973453 0.04542772861356932 0.033628318584070796
1 0.6088495575221239 0.5566371681415929 0.04129793510324484 0.03480825958702065
1 0.6129793510324484 0.6952802359882005 0.049557522123893805 0.02536873156342183
1 0.6259587020648968 0.8643067846607669 0.03775811209439528 0.02831858407079646
1 0.7587020648967552 0.15221238938053097 0.04247787610619469 0.03185840707964602
1 0.759882005899705 0.28702064896755164 0.04365781710914454 0.03480825958702065
1 0.7448377581120944 0.4153392330383481 0.043067846607669616 0.02831858407079646
1 0.7563421828908554 0.56047197640118 0.035398230088495575 0.035398230088495575
1 0.935693215339233 0.1584070796460177 0.05191740412979351 0.033628318584070796
1 0.9315634218289085 0.287905604719764 0.04247787610619469 0.03303834808259587
1 0.9386430678466077 0.4088495575221239 0.035398230088495575 0.035398230088495575
1 0.935693215339233 0.5486725663716814 0.04601769911504425 0.027138643067846607
1 0.931858407079646 0.7 0.057227138643067846 0.03716814159292035
1 0.7492625368731564 0.7088495575221239 0.05191740412979351 0.03126843657817109
1 0.7551622418879056 0.8604719764011799 0.05191740412979351 0.032448377581120944
1 0.9469026548672567 0.8504424778761062 0.04837758112094395 0.03716814159292035
