0 0.11858407079646018 0.058997050147492625 0.06371681415929203 0.10265486725663717
0 0.10707964601769912 0.2327433628318584 0.07374631268436578 0.07610619469026549
0 0.1224188790560472 0.31946902654867254 0.05604719764011799 0.06312684365781711
0 0.20589970501474925 0.3029498525073746 0.071976401179941 0.12094395280235988
0 0.24808259587020648 0.18525073746312684 0.05604719764011799 0.05191740412979351
0 0.25162241887905606 0.0528023598820059 0.08200589970501475 0.05014749262536873
0 0.4061946902654867 0.05663716814159292 0.05958702064896755 0.06017699115044248
0 0.34365781710914456 0.19085545722713865 0.11858407079646018 0.0607669616519174
0 0.5353982300884955 0.11563421828908554 0.0359882005899705 0.05781710914454277
0 0.6637168141592921 0.06165191740412979 0.09085545722713864 0.05368731563421829
0 0.8510324483775811 0.09705014749262536 0.05604719764011799 0.05014749262536873
0 0.5274336283185841 0.2504424778761062 0.08259587020648967 0.06902654867256637
0 0.6943952802359882 0.22566371681415928 0.06371681415929203 0.052507374631268436
0 0.8528023598820059 0.22772861356932153 0.06784660766961652 0.06607669616519174
0 0.8722713864306785 0.3817109144542773 0.0607669616519174 0.06607669616519174
0 0.6920353982300885 0.36902654867256635 0.05663716814159292 0.052507374631268436
0 0.5430678466076696 0.33657817109144544 0.07610619469026549 0.0607669616519174
0 0.36047197640117995 0.37551622418879055 0.08613569321533923 0.1079646017699115
0 0.35811209439528024 0.46430678466076697 0.054277286135693215 0.05663716814159292
0 0.13333333333333333 0.5292035398230088 0.08377581120943953 0.0967551622418879
0 0.22123893805309736 0.5460176991150443 0.06371681415929203 0.11504424778761062
0 0.10766961651917403 0.6569321533923304 0.052507374631268436 0.1480825958702065
0 0.21946902654867256 0.6831858407079646 0.05781710914454277 0.10147492625368731
0 0.14129793510324484 0.7964601769911505 0.07374631268436578 0.06725663716814159
0 0.20914454277286135 0.840117994100295 0.06312684365781711 0.0943952802359882
0 0.3654867256637168 0.6952802359882005 0.07020648967551622 0.06666666666666667
0 0.36991150442477877 0.7784660766961652 0.05191740412979351 0.08908554572271386
0 0.503834808259587 0.7702064896755162 0.06371681415929203 0.057227138643067846
0 0.4935103244837758 0.6067846607669617 0.05486725663716814 0.07020648967551622
0 0.5339233038348082 0.4678466076696165 0.05663716814159292 0.071976401179941
0 0.7017699115044248 0.512684365781711 0.04660766961651917 0.0920353982300885
0 0.8480825958702065 0.5112094395280236 0.06902654867256637 0.08790560471976401
0 0.6805309734513274 0.6218289085545723 0.061946902654867256 0.06017699115044248
0 0.8589970501474926 0.6359882005899705 0.06253687315634218 0.06489675516224189
1 0.8368731563421828 0.81976401179941 0.05368731563421829 0.07492625368731563
0 0.7020648967551623 0.8327433628318583 0.09557522123893805 0.0831858407079646
