0 0.10619469026548672 0.11563421828908554 0.04129793510324484 0.03657817109144543
0 0.12566371681415928 0.28053097345132744 0.06371681415929203 0.07728613569321534
0 0.11445427728613569 0.46696165191740413 0.05781710914454277 0.03716814159292035
0 0.1448377581120944 0.5949852507374631 0.04424778761061947 0.03952802359882006
1 0.16814159292035397 0.6831858407079646 0.058997050147492625 0.035398230088495575
0 0.11091445427728613 0.8103244837758112 0.06725663716814159 0.06430678466076696
0 0.21238938053097345 0.14129793510324484 0.06843657817109144 0.0607669616519174
1 0.23156342182890854 0.2669616519174041 0.06548672566371681 0.033628318584070796
0 0.2669616519174041 0.41887905604719766 0.10088495575221239 0.07787610619469026
0 0.31946902654867254 0.5867256637168141 0.06548672566371681 0.061946902654867256
0 0.27404129793510323 0.7230088495575221 0.04542772861356932 0.03716814159292035
1 0.27404129793510323 0.7722713864306785 0.04542772861356932 0.04601769911504425
0 0.35575221238938054 0.10235988200589971 0.058997050147492625 0.02536873156342183
0 0.33126843657817107 0.26312684365781713 0.07492625368731563 0.04247787610619469
0 0.37610619469026546 0.4766961651917404 0.07020648967551622 0.1215339233038348
0 0.42507374631268435 0.6041297935103245 0.09144542772861357 0.071976401179941
0 0.4303834808259587 0.7342182890855458 0.12920353982300886 0.09734513274336283
0 0.40117994100294985 0.8182890855457227 0.11091445427728613 0.08849557522123894
0 0.4725663716814159 0.12359882005899706 0.11091445427728613 0.07020648967551622
1 0.5053097345132743 0.28348082595870205 0.04896755162241888 0.038348082595870206
1 0.5120943952802359 0.39321533923303836 0.04247787610619469 0.047787610619469026
0 0.5371681415929204 0.51976401179941 0.05958702064896755 0.04129793510324484
0 0.5321533923303835 0.6814159292035398 0.06253687315634218 0.06017699115044248
0 0.56047197640118 0.8548672566371681 0.05663716814159292 0.10265486725663717
0 0.6592920353982301 0.12654867256637167 0.07964601769911504 0.03008849557522124
0 0.775811209439528 0.1710914454277286 0.05781710914454277 0.07315634218289085
0 0.6929203539823009 0.25398230088495577 0.04424778761061947 0.07374631268436578
0 0.756047197640118 0.252212389380531 0.0808259587020649 0.04188790560471976
0 0.6731563421828909 0.4631268436578171 0.11563421828908554 0.0696165191740413
0 0.7852507374631268 0.42448377581120944 0.04837758112094395 0.05132743362831858
0 0.6693215339233038 0.551622418879056 0.10914454277286136 0.10501474926253687
0 0.7805309734513274 0.5551622418879056 0.05191740412979351 0.05191740412979351
0 0.6828908554572272 0.6696165191740413 0.05014749262536873 0.054277286135693215
0 0.7941002949852507 0.6693215339233038 0.10147492625368731 0.09970501474926254
0 0.6495575221238938 0.7787610619469026 0.04837758112094395 0.08141592920353982
0 0.744542772861357 0.7784660766961652 0.12743362831858407 0.06548672566371681
