0 0.259882005899705 0.19646017699115043 0.1303834808259587 0.04129793510324484
0 0.22035398230088496 0.32536873156342183 0.12566371681415928 0.09498525073746313
0 0.21533923303834807 0.44365781710914454 0.04247787610619469 0.06253687315634218
0 0.2150442477876106 0.571976401179941 0.04542772861356932 0.05368731563421829
0 0.24454277286135692 0.7412979351032448 0.08672566371681416 0.047787610619469026
0 0.22743362831858407 0.8268436578171091 0.06312684365781711 0.07256637168141593
0 0.33893805309734515 0.21474926253687315 0.03952802359882006 0.08495575221238938
0 0.3144542772861357 0.32359882005899704 0.058997050147492625 0.05958702064896755
0 0.33775811209439527 0.45309734513274336 0.11150442477876106 0.10501474926253687
0 0.32595870206489674 0.5415929203539823 0.10442477876106195 0.06607669616519174
0 0.3117994100294985 0.7436578171091446 0.04424778761061947 0.07138643067846608
0 0.3433628318584071 0.863716814159292 0.08495575221238938 0.04247787610619469
0 0.4421828908554572 0.13126843657817108 0.05368731563421829 0.09144542772861357
0 0.5949852507374631 0.17610619469026548 0.08436578171091445 0.09026548672566372
0 0.5651917404129794 0.2575221238938053 0.11445427728613569 0.07846607669616519
0 0.4696165191740413 0.31209439528023597 0.06253687315634218 0.040117994100294985
0 0.6070796460176991 0.4008849557522124 0.06253687315634218 0.06312684365781711
0 0.6784660766961652 0.41297935103244837 0.07079646017699115 0.05663716814159292
0 0.727433628318584 0.2778761061946903 0.04837758112094395 0.035398230088495575
1 0.7286135693215339 0.22743362831858407 0.04365781710914454 0.04188790560471976
0 0.8926253687315634 0.19882005899705013 0.05663716814159292 0.05073746312684366
1 0.8315634218289085 0.3165191740412979 0.038348082595870206 0.03126843657817109
0 0.8510324483775811 0.403834808259587 0.04188790560471976 0.032448377581120944
0 0.4640117994100295 0.471976401179941 0.05132743362831858 0.040117994100294985
0 0.6377581120943953 0.5100294985250737 0.058997050147492625 0.10914454277286136
0 0.7271386430678466 0.5864306784660767 0.09734513274336283 0.07669616519174041
0 0.8837758112094395 0.5380530973451327 0.044837758112094395 0.03185840707964602
0 0.4837758112094395 0.6103244837758112 0.04129793510324484 0.043067846607669616
1 0.49616519174041296 0.7150442477876107 0.04129793510324484 0.04129793510324484
0 0.5471976401179941 0.8743362831858407 0.09262536873156342 0.071976401179941
0 0.68023598820059 0.7395280235988201 0.0696165191740413 0.04424778761061947
0 0.6471976401179941 0.903244837758112 0.05663716814159292 0.029498525073746312
1 0.7722713864306785 0.731858407079646 0.04837758112094395 0.04188790560471976
0 0.7873156342182891 0.8592920353982301 0.05368731563421829 0.05132743362831858
0 0.8781710914454277 0.7215339233038348 0.04896755162241888 0.08495575221238938
0 0.8958702064896755 0.8831858407079646 0.04070796460176991 0.04365781710914454
