0 0.12979351032448377 0.13303834808259588 0.07551622418879056 0.0607669616519174
0 0.15162241887905603 0.23805309734513275 0.06607669616519174 0.061946902654867256
0 0.16224188790560473 0.38023598820058996 0.07315634218289085 0.0584070796460177
1 0.13952802359882005 0.5011799410029498 0.05368731563421829 0.04424778761061947
0 0.2825958702064897 0.09852507374631268 0.05191740412979351 0.04601769911504425
1 0.27079646017699116 0.2657817109144543 0.06607669616519174 0.04896755162241888
0 0.29852507374631265 0.37905604719764013 0.07551622418879056 0.06430678466076696
0 0.3501474926253687 0.16047197640117994 0.043067846607669616 0.04365781710914454
0 0.39823008849557523 0.31386430678466076 0.06371681415929203 0.0743362831858407
0 0.5064896755162241 0.1359882005899705 0.05368731563421829 0.038348082595870206
1 0.5271386430678466 0.2545722713864307 0.07374631268436578 0.05958702064896755
0 0.47227138643067845 0.37610619469026546 0.047787610619469026 0.07728613569321534
0 0.7188790560471976 0.1504424778761062 0.04896755162241888 0.06371681415929203
0 0.8601769911504424 0.1398230088495575 0.06135693215339233 0.049557522123893805
0 0.7112094395280236 0.2855457227138643 0.0607669616519174 0.06017699115044248
0 0.8115044247787611 0.2766961651917404 0.08908554572271386 0.06371681415929203
0 0.5952802359882006 0.41150442477876104 0.06843657817109144 0.0808259587020649
1 0.7218289085545723 0.4117994100294985 0.06902654867256637 0.05663716814159292
0 0.8557522123893805 0.4303834808259587 0.03952802359882006 0.038348082595870206
0 0.29469026548672567 0.5215339233038347 0.0584070796460177 0.04601769911504425
0 0.41150442477876104 0.5415929203539823 0.0584070796460177 0.05663716814159292
0 0.5669616519174041 0.5342182890855457 0.04129793510324484 0.04188790560471976
1 0.6929203539823009 0.5469026548672566 0.06666666666666667 0.06135693215339233
0 0.8471976401179941 0.5787610619469027 0.058997050147492625 0.06843657817109144
0 0.15604719764011798 0.6536873156342182 0.0584070796460177 0.054277286135693215
0 0.23569321533923304 0.6864306784660766 0.06430678466076696 0.07020648967551622
0 0.42979351032448376 0.7088495575221239 0.07138643067846608 0.09852507374631268
0 0.38082595870206487 0.7592920353982301 0.07138643067846608 0.05663716814159292
0 0.18436578171091444 0.7890855457227138 0.04896755162241888 0.04424778761061947
0 0.4020648967551622 0.8368731563421828 0.06784660766961652 0.07256637168141593
0 0.5551622418879056 0.6949852507374631 0.058997050147492625 0.05191740412979351
0 0.6648967551622419 0.7351032448377581 0.05781710914454277 0.05781710914454277
1 0.7345132743362832 0.7150442477876107 0.0696165191740413 0.08259587020648967
0 0.8663716814159292 0.8519174041297934 0.07610619469026549 0.0696165191740413
1 0.5846607669616519 0.8884955752212389 0.07787610619469026 0.06135693215339233
0 0.7418879056047197 0.8135693215339233 0.061946902654867256 0.04601769911504425
