0 0.11769911504424779 0.05693215339233038 0.0607669616519174 0.09498525073746313
0 0.11150442477876106 0.22684365781710913 0.07787610619469026 0.0607669616519174
0 0.11769911504424779 0.31887905604719763 0.0584070796460177 0.06430678466076696
0 0.13539823008849558 0.531858407079646 0.06902654867256637 0.0855457227138643
0 0.06666666666666667 0.6654867256637168 0.10973451327433628 0.13215339233038348
0 0.2377581120943953 0.039233038348082595 0.07669616519174041 0.06666666666666667
0 0.240117994100295 0.1896755162241888 0.058997050147492625 0.043067846607669616
0 0.40412979351032446 0.05575221238938053 0.058997050147492625 0.07020648967551622
0 0.6716814159292035 0.05398230088495575 0.08436578171091445 0.04896755162241888
0 0.852212389380531 0.09705014749262536 0.05604719764011799 0.05014749262536873
0 0.5348082595870206 0.11710914454277285 0.05958702064896755 0.04188790560471976
0 0.3448377581120944 0.1864306784660767 0.10914454277286136 0.04129793510324484
0 0.5271386430678466 0.2616519174041298 0.0808259587020649 0.06666666666666667
0 0.6967551622418879 0.22064896755162242 0.07079646017699115 0.06489675516224189
0 0.8542772861356932 0.22182890855457227 0.07669616519174041 0.06725663716814159
0 0.5300884955752212 0.33657817109144544 0.06666666666666667 0.05132743362831858
0 0.6949852507374631 0.35398230088495575 0.0743362831858407 0.06253687315634218
0 0.8628318584070797 0.3846607669616519 0.061946902654867256 0.06135693215339233
1 0.35929203539823007 0.37669616519174043 0.05663716814159292 0.10324483775811209
0 0.21386430678466076 0.27935103244837756 0.06666666666666667 0.09380530973451327
0 0.20619469026548673 0.556047197640118 0.0607669616519174 0.09852507374631268
1 0.22507374631268437 0.6943952802359882 0.05014749262536873 0.08967551622418879
0 0.14424778761061946 0.8050147492625369 0.07256637168141593 0.04896755162241888
0 0.20737463126843658 0.8412979351032448 0.07492625368731563 0.06489675516224189
0 0.3752212389380531 0.6946902654867256 0.08259587020648967 0.07138643067846608
0 0.37256637168141593 0.783480825958702 0.0607669616519174 0.07551622418879056
0 0.5309734513274336 0.47079646017699117 0.07315634218289085 0.07787610619469026
0 0.35929203539823007 0.4640117994100295 0.10029498525073746 0.06784660766961652
0 0.492330383480826 0.5988200589970502 0.08200589970501475 0.08023598820058997
0 0.6784660766961652 0.6185840707964602 0.06253687315634218 0.07138643067846608
0 0.6905604719764011 0.5165191740412979 0.04660766961651917 0.08436578171091445
0 0.8448377581120944 0.5165191740412979 0.07315634218289085 0.08200589970501475
0 0.8536873156342183 0.6247787610619469 0.06489675516224189 0.06843657817109144
0 0.5047197640117994 0.7752212389380531 0.07492625368731563 0.06607669616519174
0 0.6932153392330384 0.8297935103244838 0.0743362831858407 0.07610619469026549
0 0.8519174041297934 0.8179941002949852 0.08377581120943953 0.08672566371681416
