1 0.06430678466076696 0.14188790560471976 0.04601769911504425 0.032448377581120944
0 0.07551622418879056 0.3035398230088496 0.054277286135693215 0.03480825958702065
1 0.0663716814159292 0.4533923303834808 0.038348082595870206 0.038348082595870206
0 0.05752212389380531 0.5997050147492625 0.043067846607669616 0.043067846607669616
0 0.07492625368731563 0.6991150442477876 0.04365781710914454 0.03893805309734513
0 0.06725663716814159 0.8342182890855457 0.04129793510324484 0.03775811209439528
0 0.18584070796460178 0.184070796460177 0.05545722713864307 0.035398230088495575
1 0.22920353982300884 0.3286135693215339 0.03480825958702065 0.054277286135693215
0 0.2351032448377581 0.4365781710914454 0.04424778761061947 0.03421828908554572
1 0.25073746312684364 0.5855457227138643 0.04601769911504425 0.024188790560471976
0 0.2604719764011799 0.6882005899705015 0.047787610619469026 0.03008849557522124
1 0.24513274336283186 0.8327433628318583 0.04188790560471976 0.04188790560471976
0 0.37168141592920356 0.1607669616519174 0.05191740412979351 0.057227138643067846
0 0.3787610619469026 0.3359882005899705 0.05191740412979351 0.05604719764011799
0 0.3728613569321534 0.463716814159292 0.04247787610619469 0.04837758112094395
1 0.39410029498525073 0.5787610619469027 0.04247787610619469 0.020058997050147492
0 0.39321533923303836 0.7345132743362832 0.043067846607669616 0.044837758112094395
1 0.40471976401179943 0.8176991150442477 0.04601769911504425 0.03775811209439528
0 0.5265486725663717 0.1415929203539823 0.04660766961651917 0.04247787610619469
0 0.5486725663716814 0.27876106194690264 0.05545722713864307 0.0359882005899705
1 0.5513274336283186 0.4368731563421829 0.032448377581120944 0.03480825958702065
1 0.5545722713864307 0.5790560471976401 0.05191740412979351 0.027728613569321534
0 0.5539823008849557 0.6707964601769911 0.06607669616519174 0.05191740412979351
0 0.5486725663716814 0.8654867256637168 0.05191740412979351 0.03657817109144543
1 0.6970501474926254 0.11946902654867256 0.05368731563421829 0.03480825958702065
1 0.8589970501474926 0.09646017699115045 0.035398230088495575 0.04188790560471976
0 0.6702064896755162 0.3035398230088496 0.040117994100294985 0.052507374631268436
1 0.8728613569321534 0.3035398230088496 0.05014749262536873 0.032448377581120944
1 0.7144542772861356 0.43952802359882004 0.040117994100294985 0.03185840707964602
0 0.8622418879056047 0.46135693215339235 0.05014749262536873 0.0471976401179941
0 0.7162241887905605 0.5914454277286135 0.04129793510324484 0.04660766961651917
0 0.8592920353982301 0.5587020648967551 0.027728613569321534 0.05545722713864307
1 0.7123893805309734 0.6997050147492625 0.05132743362831858 0.03185840707964602
1 0.8687315634218289 0.7053097345132743 0.0359882005899705 0.05132743362831858
0 0.6970501474926254 0.8601769911504424 0.05014749262536873 0.04837758112094395
0 0.8938053097345132 0.8793510324483775 0.05191740412979351 0.0359882005899705
